Star_ID,Mass (MSun),X (pc),Y (pc),Z (pc),Simulation Time (Myr)
0,0.170737369806,-0.339116302761,-0.616622595003,-0.884370734721,1.8000000000000005
1,0.250263706067,0.988995343875,-0.669926281793,0.125095386556,1.8000000000000005
2,1.98762936388,0.985678359952,0.20006183334,-1.48749449586,1.8000000000000005
3,0.126014912782,-1.01107381549,0.312166388296,-0.843553748067,1.8000000000000005
4,0.175125697809,-0.170603799131,-1.46159304128,0.124718433698,1.8000000000000005
5,0.102080917911,-1.14854808285,-1.49770810284,-0.414934098333,1.8000000000000005
6,0.450001191911,0.433817205239,-1.46225272774,-1.0672373122,1.8000000000000005
7,0.310339523237,0.247369019151,-1.48238807616,0.670094533777,1.8000000000000005
8,0.304699352963,1.68951033332,1.48889747311,-0.6575057763,1.8000000000000005
9,0.102577829276,-0.108996788231,0.0320559073515,-0.0581951056009,1.8000000000000005
10,0.284651894368,0.24399742863,1.1188241802,1.50054030607,1.8000000000000005
11,0.216043430628,1.82820037696,-0.226754207437,-0.262342883782,1.8000000000000005
12,0.393826733255,0.734335945425,-0.509026110776,0.316035291048,1.8000000000000005
13,0.356106110839,0.566174471781,-0.968464567151,0.76698707031,1.8000000000000005
14,0.38036736125,0.861878619597,1.81900765328,-0.838582118375,1.8000000000000005
15,0.267984210567,0.781087066334,1.2587084274,-0.174405876333,1.8000000000000005
16,0.343631686294,0.568058385156,-2.20245521853,0.228625684242,1.8000000000000005
17,0.393305173268,-2.25149925895,-0.868537236935,-0.48999486192,1.8000000000000005
18,0.102598732244,-0.94991831294,0.293170846114,0.339294713817,1.8000000000000005
19,7.79196171102,-0.185043656669,-0.237012874138,-0.771398904676,1.8000000000000005
20,1.21307735334,0.339353571136,-0.904863024398,-0.0845354898521,1.8000000000000005
21,0.384604488604,-0.0470141157835,-1.00824658026,-1.32534692229,1.8000000000000005
22,0.137252968258,0.834964965077,-0.0134811776509,1.27407883419,1.8000000000000005
23,0.294460939452,0.307905108587,-1.30587153955,-0.915071097024,1.8000000000000005
24,0.572698843093,-0.129298999717,0.344583526002,1.7632479023,1.8000000000000005
25,0.262936347877,0.722437732742,-0.168586105431,-0.858132403797,1.8000000000000005
26,0.167167953847,-0.238476628553,1.24928127645,0.082071658407,1.8000000000000005
27,0.10100984224,-1.42755844038,-1.91490968022,1.78876468087,1.8000000000000005
28,0.377846037588,-0.775133815696,-0.165796456367,0.19195724766,1.8000000000000005
29,0.114467025961,-2.37167295535,-1.79341077022,1.18281367625,1.8000000000000005
30,0.440911112366,2.23554414769,0.458508871434,0.390603133408,1.8000000000000005
31,0.387298058148,-1.91610638194,0.108470504516,-0.0230107557872,1.8000000000000005
32,0.123426021137,0.143508220935,0.0202132961272,2.3941555853,1.8000000000000005
33,0.137879590996,-0.0582238225707,-0.912571112587,-0.208701636872,1.8000000000000005
34,0.484992108942,-0.640450861868,-0.61043979514,1.53972123807,1.8000000000000005
35,0.153921655348,0.575540844984,0.980306349808,-1.94926591212,1.8000000000000005
36,0.303580097093,-2.09970105638,-0.294957997065,-0.78855796937,1.8000000000000005
37,0.119783987667,0.241305964008,0.336460002563,0.557534486006,1.8000000000000005
38,0.227623701909,2.39893374277,0.476315063524,-0.800754874399,1.8000000000000005
39,0.120595862619,-0.320558558116,-0.442024478859,1.49149353074,1.8000000000000005
40,0.667194160256,0.456648944849,0.0102085004978,1.20138698362,1.8000000000000005
41,0.669618598372,-1.00413121522,0.648988127793,0.262316384649,1.8000000000000005
42,0.101578746152,0.492186275262,0.142145542848,-1.13377145431,1.8000000000000005
43,1.23454670045,-1.1036541548,0.543955884769,-0.133914901726,1.8000000000000005
44,0.516193878825,0.409423809267,0.628747486524,1.60067206495,1.8000000000000005
45,0.626627703803,0.238258702956,0.534014243197,-0.654826532158,1.8000000000000005
46,0.123050318863,0.944601522331,0.798851691338,1.18935444072,1.8000000000000005
47,0.177615129546,-1.01217491251,0.10951567655,0.345644196645,1.8000000000000005
48,0.124610338087,0.823213680691,-0.0492660851663,1.2877815958,1.8000000000000005
49,0.114251696613,-0.675490344987,0.287527262744,-0.543462392881,1.8000000000000005
50,0.511283884833,-1.10358622946,1.55705642702,1.41769686077,1.8000000000000005
51,0.499581614798,-0.660004172921,-0.126052702469,-0.107982081788,1.8000000000000005
52,0.111080989018,-0.815062201326,0.959154263828,0.48026889123,1.8000000000000005
53,0.298809862811,-0.270859626011,-1.01050666509,-0.157941044961,1.8000000000000005
54,0.368611441443,-1.71461250908,0.0126311936969,0.427021364083,1.8000000000000005
55,0.996679837882,0.585661573279,-2.20000992874,0.317804600733,1.8000000000000005
56,0.229451255778,0.351073912809,0.668867618252,-1.79162618396,1.8000000000000005
57,0.924297240225,0.542042606153,-0.203445565083,0.0471822374391,1.8000000000000005
58,0.122870889142,-2.3150112402,-0.698194415162,1.07249971934,1.8000000000000005
59,0.114133201066,-2.21357450681,0.790560589902,-0.881979276858,1.8000000000000005
60,0.251304909054,-2.32590953239,-0.196100118218,-0.943707850166,1.8000000000000005
61,0.218860165218,-0.44665374976,-0.142796382815,-0.408486001377,1.8000000000000005
62,0.144587639983,-0.282839777752,-0.345040860373,-2.35287762426,1.8000000000000005
63,0.69387635561,2.27900457231,0.415070197265,-0.681828973819,1.8000000000000005
64,0.314952963188,-0.407548466547,-0.314918632936,0.270155291173,1.8000000000000005
65,0.136702023974,1.10427291546,-0.600788308745,-0.417573068713,1.8000000000000005
66,0.128070403156,-1.80865500644,0.301538848082,-0.090779326025,1.8000000000000005
67,0.183252613318,-2.19495413887,-2.34360999532,1.12852749686,1.8000000000000005
68,0.312392146249,-0.612600580503,0.368302757214,-0.399869183493,1.8000000000000005
69,0.121772472135,0.521153341059,-2.25272615629,0.873012754817,1.8000000000000005
70,0.235161273876,-0.27309099448,0.607736105763,0.390798577307,1.8000000000000005
71,0.345469703367,1.23147988485,0.390344876819,0.803028719051,1.8000000000000005
72,0.317939663302,0.557195311348,-0.348523874608,1.87542415692,1.8000000000000005
73,0.264194320067,-0.717270812065,-1.56868985163,-0.729025582495,1.8000000000000005
74,6.47218202485,-0.551200924719,0.206664019935,1.70872760583,1.8000000000000005
75,0.164683748837,-0.11022700333,1.52055295436,-1.44748419844,1.8000000000000005
76,0.101782490941,0.126011718478,0.683928889724,-0.879121083856,1.8000000000000005
77,0.158682549838,1.36487520591,0.0483056765278,-2.312703081,1.8000000000000005
78,0.190936257945,1.87445667005,0.136497624772,-1.15143719256,1.8000000000000005
79,0.190433278097,-0.710517369398,0.705952033418,-0.103225976312,1.8000000000000005
80,0.176431176083,2.00612816112,-1.41777057769,-0.684509832357,1.8000000000000005
81,0.14433313946,0.882835629226,-0.92017832694,0.585058060619,1.8000000000000005
82,0.136201146065,0.460704264479,0.16087695112,0.59378369431,1.8000000000000005
83,0.133413844993,0.430005457533,-0.215502840245,1.15612949313,1.8000000000000005
84,0.473283297612,-1.69392216384,1.52056155048,0.639675941431,1.8000000000000005
85,0.211230986894,1.57381642853,0.392409374928,-1.4157797857,1.8000000000000005
86,0.12887321249,-0.11024258415,-0.328595169856,0.813721619874,1.8000000000000005
87,0.361458477418,-0.817530941798,0.77074880168,-0.496073322012,1.8000000000000005
88,0.37382527772,1.09028249751,-1.806370335,-0.305870846092,1.8000000000000005
89,3.25329866344,-0.539113487589,-0.620660075764,-2.18288778042,1.8000000000000005
90,0.43365931352,-2.80955110588,-0.561115273308,0.0769929357658,1.8000000000000005
91,0.189227150056,0.132810200317,0.256687430868,1.57008171989,1.8000000000000005
92,0.36216670157,0.802431297356,0.204707719697,-0.766314634334,1.8000000000000005
93,0.322036423045,-1.81060206617,0.505138128027,-1.02138934573,1.8000000000000005
94,0.13775945114,1.52385350579,-1.41689072552,-0.784205589398,1.8000000000000005
95,1.36908300883,0.203393791976,0.794538310004,-1.626078147,1.8000000000000005
96,0.229480308872,0.0233572439464,1.41777851813,1.34391036024,1.8000000000000005
97,0.819732802382,0.859055777624,0.72023316251,2.32733666826,1.8000000000000005
98,0.167833248633,1.28964070387,0.408989821781,0.116095394217,1.8000000000000005
99,1.00910902974,0.379577804593,1.29440885405,-0.46380886167,1.8000000000000005
100,0.105173671751,-0.13542933308,0.0393650459352,-1.03717997107,1.8000000000000005
101,0.218533264576,0.234017504738,0.641030058391,-1.40482804368,1.8000000000000005
102,0.167205506584,0.677008432948,0.401744426278,1.28020827445,1.8000000000000005
103,0.106486843718,-1.58012085216,0.407830252332,-0.0291978005645,1.8000000000000005
104,0.408821665566,-1.11100643887,1.19072389222,-0.971389272276,1.8000000000000005
105,0.431298072883,-0.0650231094135,0.704553608611,-0.280186638463,1.8000000000000005
106,0.290743082956,-0.0370394255334,-0.363264693033,1.52196577546,1.8000000000000005
107,0.295834590734,0.95874663799,1.73409632688,-0.337630043265,1.8000000000000005
108,0.331105348217,-0.280276955272,-0.247993522805,1.14957057839,1.8000000000000005
109,0.789468494323,-2.45373905579,0.847178728405,-0.0290366612317,1.8000000000000005
110,0.287301826679,1.58197994478,-0.237324956242,-1.27225619657,1.8000000000000005
111,0.31838624045,0.880720224516,-1.42564522014,-1.31140520416,1.8000000000000005
112,0.350651751939,-0.940688486275,1.80966245318,2.38104253171,1.8000000000000005
113,0.200870735053,1.43530366925,2.07728608747,0.663778976811,1.8000000000000005
114,0.151735145452,0.427021752778,0.757275255518,-2.07251888376,1.8000000000000005
115,0.118338647818,-0.293393335106,-0.654787391369,0.15434099401,1.8000000000000005
116,0.533205167661,-0.446295113568,0.406687617198,-1.23198908435,1.8000000000000005
117,0.205273374583,-1.06782114727,0.685815397971,0.719478408622,1.8000000000000005
118,0.105234842709,0.259762594857,0.609364525138,1.13715097705,1.8000000000000005
119,0.117722088629,-0.553495853463,0.927204409752,0.278900642663,1.8000000000000005
120,0.142451269866,1.23225333736,0.00530957224483,-0.558636686402,1.8000000000000005
121,0.292433459098,0.0431179414404,-0.261285691917,-0.162262235879,1.8000000000000005
122,0.138954607356,0.279038536288,0.536663877609,0.861662295412,1.8000000000000005
123,0.619823315179,-1.7715428011,1.38903729395,-0.77695323321,1.8000000000000005
124,0.455244650962,0.235226467674,-1.75058960015,-1.03180570622,1.8000000000000005
125,0.343850518917,0.584591498777,-0.13944174894,-0.0614277804707,1.8000000000000005
126,0.153400748473,1.20567782626,1.07612563248,0.610275128079,1.8000000000000005
127,0.124202423287,-1.53931166876,1.06993523611,-0.471700852449,1.8000000000000005
128,0.571012195942,-0.710205534169,-1.95107931704,-1.80956536468,1.8000000000000005
129,0.129844160056,-0.304534466829,-0.100951348111,-0.830956572646,1.8000000000000005
130,0.815098216241,1.42585934896,0.309936196996,0.422392530852,1.8000000000000005
131,0.346579681574,-0.335101927085,0.285856432132,0.483811887215,1.8000000000000005
132,0.220961731881,-0.817536262762,-0.826712061341,-0.844778833162,1.8000000000000005
133,0.210032186867,0.31681272528,-0.0836240897164,-2.92475143456,1.8000000000000005
134,0.528470117517,0.550121680076,-1.1313833644,1.49457386477,1.8000000000000005
135,0.966815170667,-0.92773283108,0.243149719845,1.60685215558,1.8000000000000005
136,0.172622491504,0.544238865212,1.25867628298,0.340627374213,1.8000000000000005
137,0.30806640302,-0.714418028623,0.526760885995,-0.570965727163,1.8000000000000005
138,0.16832764874,0.140391023541,-0.569158341505,-0.520213331941,1.8000000000000005
139,0.128860615214,0.177268286184,0.780125216864,-0.120641443568,1.8000000000000005
140,0.164601315393,-1.21163659628,-0.300543813978,0.598285709307,1.8000000000000005
141,0.119110474409,-1.37446226407,0.985469462181,-0.466202148392,1.8000000000000005
142,0.260210642893,-0.9418247967,0.606125551696,-0.178163861425,1.8000000000000005
143,0.121069291261,-0.271262315877,0.557296572327,2.40553595935,1.8000000000000005
144,0.221064740088,0.0139913635331,0.294372998724,0.552130011481,1.8000000000000005
145,0.700840657176,-0.356776699583,-0.210036138621,-1.11543941644,1.8000000000000005
146,0.359698578172,-1.36333649859,-0.879377827102,-0.799590703178,1.8000000000000005
147,0.462080882448,1.2665373736,-1.15965844856,0.889774515262,1.8000000000000005
148,1.59277724079,0.738521305194,0.509147566752,1.28688821078,1.8000000000000005
149,0.239228102859,-0.822942738686,0.808030784842,-0.205021616808,1.8000000000000005
150,0.105103914539,-0.846644248231,1.72997491276,1.5698178638,1.8000000000000005
151,0.764560750121,-0.567204803507,0.918844034036,1.61311052961,1.8000000000000005
152,0.111129908233,-0.336877153595,0.737002999731,-1.45159024551,1.8000000000000005
153,0.275582468255,-0.100367790538,0.522399012106,-1.43300045717,1.8000000000000005
154,0.298673792688,0.682761862622,-0.0404096602075,2.1149139259,1.8000000000000005
155,0.112733439075,-0.703129087048,0.125811641724,0.210850448627,1.8000000000000005
156,0.266631193274,-1.48406345651,-0.615719667488,1.9167933248,1.8000000000000005
157,6.71198070033,0.432487258616,0.367261902583,-0.0537301194411,1.8000000000000005
158,0.382831949795,0.968039797832,0.750581414414,1.23763450003,1.8000000000000005
159,0.665040142061,0.893386711227,-0.0471117889195,0.00660221530755,1.8000000000000005
160,0.475988168951,0.408858135798,0.0125010412358,-0.529505747587,1.8000000000000005
161,0.166523603813,0.707082139391,0.50420718279,1.73892906625,1.8000000000000005
162,0.162364122524,3.51803024652,-0.824475189162,-0.611887415521,1.8000000000000005
163,0.109228940101,1.17526850842,1.28980783411,-1.21365037178,1.8000000000000005
164,0.117118025256,-1.03622944949,-0.164047983247,0.409537269502,1.8000000000000005
165,1.4368676114,-0.539702052661,0.0541387721293,0.571710217659,1.8000000000000005
166,1.40304966913,-0.401269842584,-1.56297669874,-0.0539928112104,1.8000000000000005
167,0.109730305413,-0.10413028999,-0.234110115528,-1.82736556754,1.8000000000000005
168,0.264935973101,-0.926988557332,0.723809385119,0.452082085679,1.8000000000000005
169,0.312014869634,-0.229862411277,0.628511120533,-0.978592157047,1.8000000000000005
170,0.357968076181,0.170722983252,-1.9646842957,-0.747999212134,1.8000000000000005
171,0.450945800648,-0.434826434686,-0.096237484533,-0.995653855913,1.8000000000000005
172,0.373406956664,-0.417158356153,-0.768984109283,0.303764607957,1.8000000000000005
173,0.102467336378,-1.26568903144,-1.83195695574,1.65272723278,1.8000000000000005
174,0.227076016233,-0.54633867266,0.221444979205,-1.40777549963,1.8000000000000005
175,0.995836946214,-0.689003146317,0.298687225901,-1.30505226895,1.8000000000000005
176,0.884881144411,-1.20340378506,-0.650417634126,0.415378092177,1.8000000000000005
177,0.30846786695,-0.790258238215,-2.99923421372,1.74632459494,1.8000000000000005
178,0.278309978374,0.644456934194,-1.8758921092,-0.127088661584,1.8000000000000005
179,0.202134496046,-0.169515376269,-0.0470004491614,-0.953477926443,1.8000000000000005
180,1.13788744178,-0.820486094142,-0.526710863613,-0.539517782486,1.8000000000000005
181,0.495019125373,-0.190314311721,1.3246757643,0.108647521097,1.8000000000000005
182,1.0507823251,-2.6370538356,-0.442453437853,-1.53753820965,1.8000000000000005
183,3.12094774599,2.0173639544,1.04653828111,0.038660376097,1.8000000000000005
184,1.41647468912,-0.302095894041,-0.425045498749,-0.68469037597,1.8000000000000005
185,0.162419112395,-2.11425044351,-0.120855138179,-0.184425022444,1.8000000000000005
186,0.638809624242,-0.139158413414,0.479571612682,0.183971682939,1.8000000000000005
187,0.103111743605,1.30934677859,0.796927632891,-0.0134649517664,1.8000000000000005
188,0.811595316887,0.145949092792,1.79580174433,1.40164649114,1.8000000000000005
189,0.447446740455,-2.11629314911,-0.333394476943,0.430380511717,1.8000000000000005
190,0.908266571393,0.155327149764,2.21423665305,-1.20909898863,1.8000000000000005
191,0.131597611126,-0.0547278300758,-1.55478975889,0.899026967775,1.8000000000000005
192,0.254424668004,0.628958265631,-1.23112439655,-0.0700881755448,1.8000000000000005
193,0.510620402728,-0.153215384827,-0.697437762936,-0.969502803814,1.8000000000000005
194,0.148023423128,-1.12373242351,-1.89366092019,-1.07989936201,1.8000000000000005
195,0.184658885133,-0.140154154047,-0.216131673874,-1.30432358283,1.8000000000000005
196,0.607340864125,2.2847821426,-0.394423051865,0.164342282864,1.8000000000000005
197,0.343690936404,1.23647517017,-0.791136872028,-1.23571035564,1.8000000000000005
198,0.144937502792,-1.67025861655,-0.309877616363,1.48116188582,1.8000000000000005
199,1.29511305014,-0.547493860577,0.273752301477,0.428228914466,1.8000000000000005
200,0.204499118365,0.0984869763775,-0.942470339399,1.39024391348,1.8000000000000005
201,0.243124000532,2.45829705673,-1.55001787084,1.58369181999,1.8000000000000005
202,1.63622958729,-0.00286973418178,-0.229296491841,0.726113479055,1.8000000000000005
203,0.114612707435,-0.144939905631,1.16302763357,-0.835723286046,1.8000000000000005
204,0.330115023522,-0.373267686833,2.50378279534,0.457886225142,1.8000000000000005
205,0.849545428396,0.833941118755,0.0265916598817,-0.575620790403,1.8000000000000005
206,0.626585580006,0.150152693977,-0.305256115547,0.256063908416,1.8000000000000005
207,0.945445579394,-0.0848529875632,-1.63112184313,-0.610539744008,1.8000000000000005
208,0.231960999328,0.148785089833,-0.489429073399,-1.16588257433,1.8000000000000005
209,0.196201457614,-0.403669028458,-0.682769200396,0.263107120908,1.8000000000000005
210,0.209882918914,0.103315530092,1.05683354013,0.205397813052,1.8000000000000005
211,0.277702080454,2.886294802,1.15930368927,0.328388559695,1.8000000000000005
212,0.504794544843,-0.999515553807,-0.387593519735,1.10523895816,1.8000000000000005
213,0.616270658524,-1.56258222258,-0.734380854954,-0.318699706039,1.8000000000000005
214,0.247186323945,0.36321114456,0.0833757018596,-0.528153217789,1.8000000000000005
215,0.134682831485,2.62696203961,1.0470822854,-1.38430194647,1.8000000000000005
216,0.202327856749,0.649822571947,-0.969211271799,1.30497302857,1.8000000000000005
217,0.641739864993,0.0162782863799,1.96256013471,-0.20082918397,1.8000000000000005
218,0.275168679619,-0.247266745547,1.55663672593,-1.42877428247,1.8000000000000005
219,0.224901459598,0.471109647583,-0.464793508562,-1.42875009919,1.8000000000000005
220,2.32835358065,-0.830893445462,0.977069116723,-0.347760342875,1.8000000000000005
221,0.284160178987,0.80109320654,1.67198041506,0.406690145877,1.8000000000000005
222,0.17028155005,2.74663766831,0.923360282449,-0.218443193542,1.8000000000000005
223,0.340092833762,-0.123146069038,-1.96570726066,-0.247522343695,1.8000000000000005
224,0.307939458907,0.374819631643,-1.25008504736,1.41012532911,1.8000000000000005
225,1.10815757798,0.443522908965,0.0517517116879,-0.144780494808,1.8000000000000005
226,0.949718067287,0.818727270724,2.01090083059,2.43345679844,1.8000000000000005
227,0.129250657589,0.69252973218,-0.74707011015,2.40829488414,1.8000000000000005
228,0.157380179657,1.1468911686,0.173921075985,-1.25226574863,1.8000000000000005
229,0.457774422126,1.51885244633,-0.237584018292,0.631605973456,1.8000000000000005
230,0.146483384103,1.79112402854,-0.88432505465,1.84696478305,1.8000000000000005
231,0.19888117445,0.905217698491,-0.358929581256,0.592902070343,1.8000000000000005
232,0.631934853101,0.167420706832,0.844842569632,-1.72681090342,1.8000000000000005
233,0.280804104427,-0.518702236794,1.95888057092,-1.7347057071,1.8000000000000005
234,1.43221266452,0.607794193148,-0.42822614577,-0.295383841716,1.8000000000000005
235,0.161006989641,1.60788204886,0.700082399817,-0.62764360639,1.8000000000000005
236,0.52946150031,1.89221266866,0.635625592264,-0.640175809669,1.8000000000000005
237,0.172599968096,1.35913657206,0.210131413345,0.703063409485,1.8000000000000005
238,0.117154914339,-1.16232571181,-0.925113076699,1.51330102948,1.8000000000000005
239,0.221989653801,-0.700963629133,0.0886725826519,0.712417607341,1.8000000000000005
240,0.156970015369,-0.657328980667,-0.614730312787,-0.973205825409,1.8000000000000005
241,0.400637643824,2.22390242989,-1.29254076895,-0.861116976219,1.8000000000000005
242,1.74220797713,-0.0495607886886,0.152095340307,0.269973802753,1.8000000000000005
243,0.551877656373,1.05600689033,-2.74235157509,-0.884254667145,1.8000000000000005
244,0.216691590169,-0.534213372915,-2.06340729416,-0.577606393585,1.8000000000000005
245,0.108395864509,-0.701136111772,0.744998914292,0.611811259548,1.8000000000000005
246,0.748314568864,-0.248925391044,1.16164129691,0.731818585437,1.8000000000000005
247,0.598702705296,-0.584727359841,0.346350671659,0.873395283308,1.8000000000000005
248,0.488690150966,1.4748724406,0.331841104594,0.33077116195,1.8000000000000005
249,1.30821111679,2.16777679986,-0.326196056079,1.34832466232,1.8000000000000005
250,0.105946396815,1.28752827482,-0.219108963379,-0.65291958837,1.8000000000000005
251,0.629977691252,1.30122464053,-2.37159589332,-1.34661514411,1.8000000000000005
252,0.130440997759,0.517706752126,-0.241010221127,-0.299823044165,1.8000000000000005
253,0.541888239434,-0.638337206382,0.542143173106,0.549741552346,1.8000000000000005
254,2.27558285683,-0.535827427548,0.75959085668,-0.490754976485,1.8000000000000005
255,0.237570475744,2.23291252222,2.68150371128,0.499645873847,1.8000000000000005
256,2.8204859034,0.288665592803,-0.100655277996,-0.166053666713,1.8000000000000005
257,0.360946711075,-0.452683005625,0.0304577814786,2.05663705055,1.8000000000000005
258,0.156424633995,0.461679395745,-0.0797475522988,-0.547049610598,1.8000000000000005
259,0.420223635296,0.661496754967,-0.996278606094,-0.218843996331,1.8000000000000005
260,0.624262478646,0.410742942565,-1.08760273864,0.387430137876,1.8000000000000005
261,0.209327832214,0.323597596482,0.0995003150627,-1.43466805722,1.8000000000000005
262,0.159533262198,-0.844441456831,-1.66931679991,0.494704948536,1.8000000000000005
263,0.487280776491,0.0879215666739,-0.674744025479,-0.8974294916,1.8000000000000005
264,2.26590949927,-1.12358149626,1.60492923982,-1.03554924169,1.8000000000000005
265,0.129372060521,-0.523328203131,-0.00786353466166,-0.526190388486,1.8000000000000005
266,13.1099870532,-0.272138544605,1.73812564343,0.275600149699,1.8000000000000005
267,0.450063400501,-0.883941468799,1.31685603521,0.0832467314601,1.8000000000000005
268,0.111019610285,0.345253838633,-1.10452741628,-0.670357697607,1.8000000000000005
269,0.100009366546,0.286290540304,-0.432911103814,0.00768031112971,1.8000000000000005
270,0.451463739188,-0.222590443593,-0.95043296416,0.419694105593,1.8000000000000005
271,0.112408095544,-0.14235682894,-0.258957612272,1.61136914325,1.8000000000000005
272,0.168603287499,0.883587379876,-1.79357563765,0.0217926275447,1.8000000000000005
273,0.126211281176,-0.328823349134,0.41653485355,-1.31126516618,1.8000000000000005
274,0.255794459951,-1.07718211576,-0.338312347924,-0.404613573214,1.8000000000000005
275,0.542663568304,-0.818820275684,-0.499649045644,0.697768538465,1.8000000000000005
276,0.637803550738,0.696921529252,-1.54651234744,-1.3381043703,1.8000000000000005
277,0.163757731961,0.443780592816,-0.558043578376,-0.183803089319,1.8000000000000005
278,0.935465202627,1.01557118501,-0.653893962092,-1.64731152428,1.8000000000000005
279,0.201271497583,-0.0539477528617,-1.24173309702,-0.854803764946,1.8000000000000005
280,0.290289067338,0.0560746852577,-0.465397267534,0.0389104946198,1.8000000000000005
281,0.247358528188,-0.649161089162,0.240644164935,-0.558295492938,1.8000000000000005
282,0.555887730458,-0.306494230228,-0.0766444744171,-0.776193465576,1.8000000000000005
283,0.234322464725,-0.186687804149,0.0724931859722,-0.178760494923,1.8000000000000005
284,0.121412580061,1.1801310693,-0.482359266629,1.38212850173,1.8000000000000005
285,0.181763019843,0.532571887596,-0.330646900207,-1.44985926568,1.8000000000000005
286,0.618094267274,1.97492357166,-0.385359986125,1.0139629217,1.8000000000000005
287,0.219110519827,0.460017095876,0.782156294703,0.82622748068,1.8000000000000005
288,0.85106643058,-0.0830548711296,0.600280621764,0.0615986677079,1.8000000000000005
289,0.180617172776,-0.201199885096,1.17847696239,0.766003940113,1.8000000000000005
290,0.4687882462,-0.954174321787,1.28166086549,-0.126040704754,1.8000000000000005
291,0.653350643375,-0.363796122087,1.62246923685,-0.172113745054,1.8000000000000005
292,0.407769844891,0.14801787339,1.20524289335,0.573793264472,1.8000000000000005
293,0.323896504083,-0.146344516614,-1.50065417464,1.24988414701,1.8000000000000005
294,1.05573527952,0.967976768807,0.296729768541,-0.615216764668,1.8000000000000005
295,10.650469631,0.424797374738,-1.67574870076,-1.13738550487,1.8000000000000005
296,0.218806222235,-1.15703909218,0.0235796561331,0.884473178192,1.8000000000000005
297,0.333003274606,0.746222191187,-0.342360484432,1.7371250505,1.8000000000000005
298,0.48095640388,1.21970223875,0.714923111542,-1.62602836101,1.8000000000000005
299,0.233643357154,0.722991368236,-1.41911175933,-1.21537296496,1.8000000000000005
300,0.122279745383,-2.8079506255,0.67371581929,2.31826277914,1.8000000000000005
301,0.623723941157,0.422738352785,-0.747444465693,0.295311479448,1.8000000000000005
302,0.135144402696,0.700929597893,2.34729248937,-0.438583597621,1.8000000000000005
303,0.167341386261,-0.646606385927,1.59758112361,-1.1810344045,1.8000000000000005
304,0.276565966313,-1.25668383996,-0.688823783125,-2.00903392238,1.8000000000000005
305,0.162176255491,0.93587664458,0.00111964882237,-0.271670023073,1.8000000000000005
306,0.230720721531,-0.344846257585,-0.534429295908,-0.965683278923,1.8000000000000005
307,0.418108102871,-0.0533570688712,-2.02022681244,-0.662440065332,1.8000000000000005
308,0.218487176178,0.427067949437,0.967252340064,0.368907876507,1.8000000000000005
309,2.1608458652,-0.320070686581,-2.94999538237,0.355531348532,1.8000000000000005
310,0.63413337875,-0.25396120979,1.43385463724,0.201925039233,1.8000000000000005
311,0.110133119264,0.692847744305,1.2409155604,-0.563749381882,1.8000000000000005
312,0.753954805437,-0.393750755204,-0.652091293137,1.55960837637,1.8000000000000005
313,0.212941348029,0.783158562127,-1.20615309053,-0.945555345211,1.8000000000000005
314,0.113042505,0.576316684974,0.931615413819,1.10930712239,1.8000000000000005
315,0.14409136951,-0.36821038022,-1.3658720421,0.1645799379,1.8000000000000005
316,0.323075279957,0.0369679966837,-0.0502767882243,0.0527597278954,1.8000000000000005
317,0.107900838876,-0.793953711783,2.55592365979,-1.13122540758,1.8000000000000005
318,0.123818531421,0.174306996596,0.487178350142,0.361299584092,1.8000000000000005
319,0.140173933829,0.727472617134,-0.0861618315465,-0.121878704237,1.8000000000000005
320,0.145355107763,0.00252831151105,-0.470974917536,-1.15215520855,1.8000000000000005
321,0.103910599071,0.442112954449,0.40069514214,0.378890125687,1.8000000000000005
322,0.272158102088,-0.988304427814,1.49781339645,0.853809604068,1.8000000000000005
323,0.516674071351,-0.184025521101,0.0521354209578,0.277559618267,1.8000000000000005
324,0.149966711935,-0.528463639247,1.93265715636,-0.0315582585093,1.8000000000000005
325,0.267762618308,0.997572583374,0.141999318513,-0.210610221963,1.8000000000000005
326,0.219788552837,1.27047737153,1.44711534891,-0.659043527393,1.8000000000000005
327,0.220039149753,1.54851668247,-0.357563110275,0.557245843033,1.8000000000000005
328,0.481547638061,-0.887681845374,1.1435272962,-1.21578281672,1.8000000000000005
329,0.141373153455,-0.550028469798,-1.7344782779,0.614835158543,1.8000000000000005
330,0.355510690413,-0.483283899498,-1.57313737343,-2.25765371631,1.8000000000000005
331,0.751378841211,0.253210925903,0.883051255927,-0.692122813967,1.8000000000000005
332,0.149418159239,-0.267487675781,0.611296485543,0.179979259257,1.8000000000000005
333,0.996166167058,0.846665642199,-0.788196245296,-1.12811320731,1.8000000000000005
334,0.55658489844,-1.1897630218,-0.995512170173,-1.16734247856,1.8000000000000005
335,0.158945645391,0.550987045182,1.02133716706,1.07804259026,1.8000000000000005
336,1.03472451959,0.219571636027,0.167183665597,-0.316184378986,1.8000000000000005
337,0.359724703962,-0.542498209151,-0.0364550808674,2.0797715311,1.8000000000000005
338,0.594583525777,0.7046348149,0.838106524147,0.54980026735,1.8000000000000005
339,0.375944590891,0.519782737789,-0.270379714166,0.99859070034,1.8000000000000005
340,0.287587670079,-0.261644802765,2.04185104606,0.543965582705,1.8000000000000005
341,0.15623608238,-1.7891201021,0.245484387027,0.0567290346161,1.8000000000000005
342,0.665808271831,0.730194814083,-1.57977141826,0.119875301533,1.8000000000000005
343,0.544319958594,0.661839477128,-1.67050897557,-1.38430356433,1.8000000000000005
344,0.289455412047,-1.30108357778,0.747849867478,1.18222190177,1.8000000000000005
345,0.117426158483,0.110148136261,-0.0514426327407,0.821718671456,1.8000000000000005
346,0.326330102899,-0.146413142196,1.24974418953,-0.759125805366,1.8000000000000005
347,0.183786607354,-3.45198301157,0.972040613718,1.11184213927,1.8000000000000005
348,0.810507055197,0.910865957186,-1.80628449514,-1.17246731256,1.8000000000000005
349,1.53246363406,0.806352728494,0.413647304458,-0.698317653467,1.8000000000000005
350,0.151934529548,-1.67721469702,-0.281275469225,0.415785944683,1.8000000000000005
351,0.217784815611,-0.890932342624,-0.452742382805,-0.959474111394,1.8000000000000005
352,25.9332256543,0.00395685753983,-0.342071350782,1.65247564284,1.8000000000000005
353,13.566168866,-0.67915197886,-0.486060360492,0.0634987885149,1.8000000000000005
354,2.28476431393,-1.33354747624,-0.946174561205,1.29325874489,1.8000000000000005
355,0.14359334849,-0.571903273755,1.39115865109,-0.215669039875,1.8000000000000005
356,0.24799770507,1.19151247501,1.07228491123,-1.53784747223,1.8000000000000005
357,0.261522122296,1.15159889306,-1.36744829867,0.301374590196,1.8000000000000005
358,0.505552229207,0.56516676715,0.162627532358,-0.371208331352,1.8000000000000005
359,0.129380841928,0.418761421905,0.768387111668,0.426687492175,1.8000000000000005
360,0.521073937482,0.32833961335,0.38569181368,-0.466412428249,1.8000000000000005
361,0.10134565309,-0.969802701746,-2.43584059517,0.493196432205,1.8000000000000005
362,0.154924048661,-0.144938732287,1.3051735319,-0.176543623819,1.8000000000000005
363,0.136750945865,1.05788951685,0.297615259073,-2.23682439489,1.8000000000000005
364,0.145162126036,0.465233019146,1.39049828971,-2.58585370559,1.8000000000000005
365,1.0973502623,0.525190676598,1.72034199595,-0.866713729818,1.8000000000000005
366,0.103069799492,-0.225768527377,0.3984126866,-0.75568584528,1.8000000000000005
367,0.264074270924,-0.444447429125,-2.28673492538,-0.440360730346,1.8000000000000005
368,0.114620637098,0.940911758823,0.795881520068,-0.626474035915,1.8000000000000005
369,0.407918019875,-1.10191768034,0.410165610022,-0.514371550093,1.8000000000000005
370,1.29354557493,-0.676667986149,0.440229015489,-0.47833004601,1.8000000000000005
371,0.763986979696,-0.358836370142,0.380621941842,0.276453356848,1.8000000000000005
372,0.195771692619,1.21054374394,0.661943933989,0.780544485133,1.8000000000000005
373,0.129838189816,-0.966785761589,1.07983073071,0.71974907586,1.8000000000000005
374,1.1051052976,-0.765720548507,0.77246749973,-0.961866708266,1.8000000000000005
375,0.361969080074,1.06717500982,-0.0881379738682,-1.06482104408,1.8000000000000005
376,0.164341269019,-0.022882533872,-0.78149966354,-0.141368441482,1.8000000000000005
377,0.952029864427,-0.0254030226329,-0.600133476425,1.45712899529,1.8000000000000005
378,4.45810697402,-1.10151715618,0.235173600394,-0.750017141108,1.8000000000000005
379,0.148239188585,-2.02457727661,-1.03997136292,1.05185708774,1.8000000000000005
380,0.297017678871,-0.471028810807,0.647376312766,-2.29996989582,1.8000000000000005
381,0.263102563831,-0.475266437133,-0.618871185494,1.23212407134,1.8000000000000005
382,0.209443765619,-0.640463488846,1.23409507004,0.166878074935,1.8000000000000005
383,1.68409592568,0.449927640308,0.066354399001,-1.17377497894,1.8000000000000005
384,0.54629664604,-1.3586150657,-0.0162504794813,-1.73392621658,1.8000000000000005
385,1.09910184067,0.272862677313,1.10425393294,-1.45552198322,1.8000000000000005
386,1.07464748253,-0.75590377733,1.95776801954,-0.412483676352,1.8000000000000005
387,0.251985248626,0.197912469429,-0.407894113369,0.84246220921,1.8000000000000005
388,0.123625981751,0.821681742253,0.830582398063,1.53047107509,1.8000000000000005
389,0.149024291751,0.863217467852,0.223837323552,-0.556237084222,1.8000000000000005
390,0.956342377106,1.16937416241,-1.15008570491,-0.419780287275,1.8000000000000005
391,0.132398433048,-0.183857230508,-0.261407957534,-0.793384399032,1.8000000000000005
392,1.29856448944,-0.185215137379,-0.457029672508,-0.452642518543,1.8000000000000005
393,0.216785807062,-0.52173315253,1.05115355773,0.472537216299,1.8000000000000005
394,0.113875018199,-0.325542920188,-1.94674144293,-0.064179227542,1.8000000000000005
395,0.437461496665,2.5057361101,-0.386599853489,-0.993008135215,1.8000000000000005
396,0.1650046481,-0.821781747079,0.547323027277,0.449513338611,1.8000000000000005
397,0.842336381846,0.253284598303,-2.0633849342,2.10386006678,1.8000000000000005
398,0.318966480461,0.267021390321,0.894183459391,-0.578679705586,1.8000000000000005
399,0.119931138794,2.85548636085,-0.539398186889,-0.14493947565,1.8000000000000005
400,0.264794754249,0.463395284971,1.5640137978,-1.2434889632,1.8000000000000005
401,0.125821418061,1.93083513827,-1.43227810404,-0.979740049536,1.8000000000000005
402,0.155694532625,1.61818086362,-1.55443628356,-2.19178516084,1.8000000000000005
403,0.59561028293,0.386250247137,0.833399486238,-0.306706778408,1.8000000000000005
404,6.62976873262,0.992022360949,-0.05892492071,-1.45010260829,1.8000000000000005
405,1.25799353661,0.687916048825,-1.67475663115,-0.0484085183385,1.8000000000000005
406,1.52950797984,-1.15767205289,0.822646477496,1.27451474725,1.8000000000000005
407,0.29239839623,-0.935599429092,0.191114455817,1.98690500348,1.8000000000000005
408,0.248858112269,0.308066918854,0.0719153021998,-1.23283100549,1.8000000000000005
409,0.345398637646,0.753425575756,1.54248357976,0.786145700721,1.8000000000000005
410,0.10495877028,-0.105326810799,0.160584692077,-1.26892133945,1.8000000000000005
411,0.189109746269,-0.916577687492,-2.7874733607,0.0280517958887,1.8000000000000005
412,0.200109527532,-1.04038596678,1.00277216922,0.946343004635,1.8000000000000005
413,1.49800217855,0.166910896125,-0.222042667183,-2.47061671165,1.8000000000000005
414,0.149439095249,0.27855888124,-0.276292155401,-0.459409444594,1.8000000000000005
415,0.110768700789,-0.00626041599363,-0.170945227591,-1.02760383341,1.8000000000000005
416,1.05066275381,0.486586466363,-0.75024275157,-0.460585452063,1.8000000000000005
417,1.48049327991,-1.97477659411,0.186394748383,0.0508961024316,1.8000000000000005
418,0.565966502445,-1.48920930272,0.536627702243,-0.443160376772,1.8000000000000005
419,0.1136548871,0.401959457227,0.524106403714,2.65521060902,1.8000000000000005
420,0.210382628266,-1.08084410495,0.3527107915,1.08223915921,1.8000000000000005
421,2.39343525672,-0.707842580998,0.147490682162,-1.06879127616,1.8000000000000005
422,0.182462747449,-1.74774363173,0.00666345729582,-1.39997048452,1.8000000000000005
423,0.1281584367,0.593718271099,1.4444549314,-0.866643622767,1.8000000000000005
424,0.132318846336,1.16790963895,0.757559727264,-0.545445596478,1.8000000000000005
425,0.171177059803,-0.572593199565,-0.436661467215,3.00635605169,1.8000000000000005
426,0.17061240527,-0.897397653567,1.82963472718,-0.0673717985324,1.8000000000000005
427,0.236772097053,0.380520999888,-0.488033648846,1.10708331564,1.8000000000000005
428,21.7441443983,-0.624982811591,0.481521631619,-0.699495438789,1.8000000000000005
429,0.104959799543,0.214281350175,0.981078162463,1.77939815238,1.8000000000000005
430,0.371874065794,0.159302591949,-1.48037476441,1.48407668884,1.8000000000000005
431,0.535603934987,-0.58649703529,-0.621067994404,1.86859259829,1.8000000000000005
432,0.136407453459,-1.0353260242,0.155628306858,-0.194127208201,1.8000000000000005
433,0.144012612077,-0.236908506281,0.000175686786691,-0.804594395842,1.8000000000000005
434,0.176410227174,-1.07475803352,0.841667635284,-0.0493804866411,1.8000000000000005
435,0.131981785916,0.249008572121,0.504210964536,0.699592410087,1.8000000000000005
436,1.28583142152,-1.80620546385,-1.48276086831,2.10977243056,1.8000000000000005
437,2.10672418855,0.768051404888,-0.416913538282,-0.167885744477,1.8000000000000005
438,0.545728069413,-1.99414718967,1.56450523045,-0.569958884069,1.8000000000000005
439,1.57770935962,0.100856586193,-0.742215422587,0.506525836973,1.8000000000000005
440,0.339801721137,-1.38054602715,-0.18905388813,0.337969810676,1.8000000000000005
441,0.459488277947,1.19183017865,-0.1545075918,-0.863592304944,1.8000000000000005
442,0.308893986915,-1.50616191697,-0.813732722727,0.348489275814,1.8000000000000005
443,0.137385520283,-0.442819598729,-0.447915048794,1.11415720499,1.8000000000000005
444,1.45900208063,0.315346410745,0.999712251611,0.775561703244,1.8000000000000005
445,2.44774018068,0.247547131119,0.776332906076,-0.714502304602,1.8000000000000005
446,0.271399443183,0.921967775703,0.0491319876707,-0.838690000251,1.8000000000000005
447,0.143670849584,-0.203895504385,0.370694964087,-0.240906066292,1.8000000000000005
448,0.846489019762,-0.983656361334,0.00973285523945,0.090152565342,1.8000000000000005
449,0.307602769428,-0.672596789086,0.629300835637,-0.434934365589,1.8000000000000005
450,0.103448267708,-0.505820393197,0.868487769072,0.507558521153,1.8000000000000005
451,0.138972622267,-0.329996003241,1.59582503102,0.75623270344,1.8000000000000005
452,0.553892775228,-2.45840825413,1.33347829858,-0.40260036863,1.8000000000000005
453,0.310394981136,1.22478273613,0.664525196613,-0.220452439427,1.8000000000000005
454,0.109242350054,1.35925471418,0.685199867501,1.204505063,1.8000000000000005
455,1.56101091873,-0.120180602566,1.57947338254,-0.184773123633,1.8000000000000005
456,0.778010081646,0.0230070306325,-0.056350326609,0.575392073787,1.8000000000000005
457,0.958861079625,-0.823355700815,-0.4149477126,-0.824193769806,1.8000000000000005
458,0.980113798793,-0.29437322314,2.18674103044,0.209357004884,1.8000000000000005
459,0.17108520497,-1.13836434983,0.0118166237921,0.612868550911,1.8000000000000005
460,0.275840696742,-1.08822991771,0.271932919271,-0.822506427637,1.8000000000000005
461,0.102321213182,1.46249962347,1.50788341222,-0.184057490454,1.8000000000000005
462,0.656726105528,0.870743353138,0.575054546924,-1.10755368228,1.8000000000000005
463,0.284464714282,0.534399341403,1.26112352804,0.699618050776,1.8000000000000005
464,0.210600379883,0.480514182524,-0.114252097447,-0.0912989853646,1.8000000000000005
465,0.174648840473,0.061667534832,0.718889980134,0.00245405939912,1.8000000000000005
466,0.56143614255,0.700573585722,-1.60166626182,-0.645122103999,1.8000000000000005
467,0.330220118505,0.0853954103274,0.53990316903,-2.16885288505,1.8000000000000005
468,1.02839165367,0.0492940432359,-0.613074133945,-1.24929402864,1.8000000000000005
469,0.2613589457,-0.112068154625,-0.657056455728,0.699144616158,1.8000000000000005
470,0.177203065944,0.769239870185,-2.95916062309,2.34828186252,1.8000000000000005
471,1.55060844826,-0.14893710942,0.164785475553,-1.05459081616,1.8000000000000005
472,4.03826850724,-0.440810660324,0.605391979145,0.445961169349,1.8000000000000005
473,0.4346057843,-0.477136350237,0.329540970588,-0.0527279545384,1.8000000000000005
474,0.273593801303,-0.0883196831,0.507394077876,0.433268736832,1.8000000000000005
475,0.110194633517,0.821089828354,0.0514773837192,1.0728870866,1.8000000000000005
476,0.125520987146,0.520797673198,-0.692840285838,0.354147167304,1.8000000000000005
477,0.921431812741,0.489344007595,-1.25563440688,0.619376627623,1.8000000000000005
478,1.28569943085,-0.10123577336,0.515923945783,-0.357283667603,1.8000000000000005
479,0.284047643173,0.000227488153256,-0.102775903606,-0.646455872221,1.8000000000000005
480,3.05187476016,0.390467450758,0.828000259019,0.815537224872,1.8000000000000005
481,0.559464584623,0.525665208876,-1.37324378676,0.665879673168,1.8000000000000005
482,0.714345452912,1.32230017735,0.369189951769,-1.74184328469,1.8000000000000005
483,0.134609366691,-0.946699090637,1.46902751129,-1.16585976414,1.8000000000000005
484,0.226625805376,0.716493227679,-0.267198825235,0.772665237209,1.8000000000000005
485,0.250076628193,-0.710397379325,0.3052236687,0.394285640814,1.8000000000000005
486,0.169620967732,-1.28591459098,-0.561268350463,1.48539348224,1.8000000000000005
487,0.158563720376,-1.46009959729,-0.0643094299365,-1.3130279279,1.8000000000000005
488,0.184124181958,1.26736667405,-0.908292896177,-0.738712939644,1.8000000000000005
489,0.279293236348,-1.99875151751,-1.67118383383,0.316069847218,1.8000000000000005
490,0.135366930789,-1.88063874915,0.493129136833,-0.355950834004,1.8000000000000005
491,3.39125875535,-0.161099917661,0.725782292887,1.30598984892,1.8000000000000005
492,0.603107870298,-0.638752688669,2.1631607733,-1.71618317758,1.8000000000000005
493,0.812360735229,-0.73884539848,-0.293506955853,0.122998121442,1.8000000000000005
494,0.476012804706,-0.942949715751,-0.949477087562,1.04370111589,1.8000000000000005
495,0.130107360639,1.05169258577,0.409875740385,-0.599743238688,1.8000000000000005
496,0.82711475142,-0.344712880845,-0.0602194734683,-0.799968343858,1.8000000000000005
497,0.608438821422,-3.36514328018,-0.0179948682314,0.231295114448,1.8000000000000005
498,0.278641853458,0.790260611749,-0.799880552421,1.69257217692,1.8000000000000005
499,1.79813948184,-0.997836361077,-0.0960725630395,-0.435676582522,1.8000000000000005
500,0.116118325093,-0.537791744764,0.158717030488,0.595226604426,1.8000000000000005
501,0.266861077493,-0.0401252663239,2.00641449574,1.39395896201,1.8000000000000005
502,0.126718214849,0.790112159321,-2.57201779576,1.67273124363,1.8000000000000005
503,0.100368861837,0.267848724238,-0.0638366507757,0.316685226788,1.8000000000000005
504,1.13188778505,-0.69445052673,-0.185723426648,-0.266752200113,1.8000000000000005
505,1.03843773556,-0.245773704427,1.31764134252,0.616136452874,1.8000000000000005
506,3.83743509746,0.132527155702,0.54142402888,0.000990854637566,1.8000000000000005
507,0.748903689719,2.84808855256,0.162114083097,0.82623142068,1.8000000000000005
508,0.144724267836,-1.69940799862,-0.294830510725,0.30302105192,1.8000000000000005
509,0.106970943232,-1.28858203826,0.266127404183,-0.090715699206,1.8000000000000005
510,0.257383201671,-0.280029100746,1.37488378206,0.329073850151,1.8000000000000005
511,0.586198112297,-0.914125090557,-0.580704114273,0.525213957423,1.8000000000000005
512,0.199061322829,-1.45350917056,-0.0742536007962,0.593679750193,1.8000000000000005
513,0.502461799782,-0.292650722799,-0.093015383798,0.156905224991,1.8000000000000005
514,0.122224178626,-0.686562893008,1.90709450346,0.370697949829,1.8000000000000005
515,0.152539852982,0.829245910284,0.494082118446,-1.5206199252,1.8000000000000005
516,0.176950116023,-1.30066306354,0.0675092824705,-2.17318495297,1.8000000000000005
517,0.589233168613,-0.170436034473,-0.433416687061,-1.79057960933,1.8000000000000005
518,0.358945480919,-0.889644497008,1.31142161444,-0.179106981563,1.8000000000000005
519,0.736943466518,0.970700580175,-0.847874590584,-1.15664368164,1.8000000000000005
520,0.572540200523,0.970324596332,-1.25161363025,0.409309924047,1.8000000000000005
521,0.591993481331,-0.38010948574,-1.56833915764,0.489503196096,1.8000000000000005
522,0.221167898891,0.962359845781,1.12846978368,-1.50458122689,1.8000000000000005
523,0.308250051305,-0.395030256915,0.784134899313,-1.73276099743,1.8000000000000005
524,0.476570450652,1.41361672627,0.129868824268,-0.266735633811,1.8000000000000005
525,0.450272518921,-0.081046716556,-0.076864576027,-0.947752791705,1.8000000000000005
526,0.124258697826,0.65630508741,0.633408343255,-1.08359731635,1.8000000000000005
527,0.315051036728,0.558796927828,1.67601166541,0.820908365995,1.8000000000000005
528,0.143320202193,0.891661325849,-0.433487614536,-0.123687628191,1.8000000000000005
529,0.262435945937,-0.344690267995,-0.796813157116,1.21184029421,1.8000000000000005
530,0.400289366567,-0.650838597761,0.906377920243,1.03401198403,1.8000000000000005
531,0.131841113366,1.71971357165,0.276032140915,1.15793284079,1.8000000000000005
532,1.1671507967,0.670877355331,0.496678580758,-0.325207687211,1.8000000000000005
533,0.295539495386,0.939087205195,-0.381772950931,0.273623268266,1.8000000000000005
534,0.142839392548,0.417706426353,0.0186143289849,-0.00864253674793,1.8000000000000005
535,0.227506665293,0.979777365559,0.747883163966,-0.417923035117,1.8000000000000005
536,0.19955519446,-0.412042260151,0.487382090659,0.281186090708,1.8000000000000005
537,0.567408972432,-0.832846772188,0.178304860521,0.0342367332706,1.8000000000000005
538,0.6185232432,1.33866590052,-1.08175016907,-0.280697189277,1.8000000000000005
539,0.296892420529,-0.974369227398,0.622853574365,1.21351995251,1.8000000000000005
540,0.20804574742,-2.40813004565,1.39969991215,0.634472244183,1.8000000000000005
541,0.109741220464,0.118824634476,1.71750825051,-0.0999577450027,1.8000000000000005
542,0.121278220092,-0.509055273968,-0.0441919143302,-1.49082860806,1.8000000000000005
543,0.274114509356,-0.223874370866,1.02738346522,-1.3790564371,1.8000000000000005
544,0.374544394742,-0.562121359617,2.04710453049,0.35054021006,1.8000000000000005
545,0.134222989245,0.382420422726,0.783047851882,2.14589766737,1.8000000000000005
546,0.150496198681,-1.17539202704,0.106109176925,-0.253997376157,1.8000000000000005
547,0.133634900724,1.36352708474,0.828076415179,0.831618632546,1.8000000000000005
548,0.630096124187,-0.0478478997831,-0.960573692476,-1.33489009151,1.8000000000000005
549,0.363666601885,-1.99594065071,-0.48819700936,-0.367607648055,1.8000000000000005
550,0.309578196197,0.0104911910651,2.0633207633,1.07185471774,1.8000000000000005
551,0.381297327537,2.07461360946,-0.717220905089,-0.334884536492,1.8000000000000005
552,0.195150368602,-0.858843915532,-2.20419157099,-1.54227544483,1.8000000000000005
553,0.720406675927,-0.205410950642,-1.09196050395,-1.30162559279,1.8000000000000005
554,0.100679024559,-0.865406116198,-1.27191336395,-0.662624440008,1.8000000000000005
555,0.619544165121,0.220577805449,1.35281495074,0.876029100636,1.8000000000000005
556,0.340628046529,0.403359858611,0.0764291601982,-1.28009139051,1.8000000000000005
557,0.142044269921,-0.776759105928,0.870036520526,-0.106441887572,1.8000000000000005
558,0.158259320188,-0.103180048696,-1.12459425013,-0.0727520560875,1.8000000000000005
559,0.104398977224,-0.362770122485,0.131318981126,-1.04317324561,1.8000000000000005
560,0.204464157889,-0.858350690732,-0.441092639574,0.798091471094,1.8000000000000005
561,0.119857562061,-0.798061184744,0.326441658885,-0.246486932842,1.8000000000000005
562,12.6983373883,-0.989320083906,-1.7873226518,0.0595465088167,1.8000000000000005
563,0.161825481097,-1.95980907144,-1.3843919655,0.103638350035,1.8000000000000005
564,0.111993313982,-0.165988452007,-0.460436178884,1.2091426159,1.8000000000000005
565,0.333857556367,0.00111531085637,1.48218196127,-0.248288652441,1.8000000000000005
566,0.168020124448,-1.28667683593,0.731645786993,-0.691100413079,1.8000000000000005
567,0.112104648821,1.28090281635,-1.31587950596,1.86390570555,1.8000000000000005
568,0.188624947909,-0.301316245735,0.485574647627,-0.345656137628,1.8000000000000005
569,0.221785159729,0.984994277103,-0.309705889125,-0.552897320318,1.8000000000000005
570,0.395385734462,-0.194700128,-1.23814055455,-0.810328240687,1.8000000000000005
571,0.191161743459,0.379886281744,-1.60974401003,-0.338184483345,1.8000000000000005
572,0.139167792969,-0.323941521999,-0.248894482914,-0.68077388081,1.8000000000000005
573,0.960151193463,-0.273398015432,0.733656737011,0.779766630383,1.8000000000000005
574,0.260088625461,-0.406450578149,0.186691828756,1.45978962023,1.8000000000000005
575,1.06947483938,-0.113098268852,-0.450943349826,-1.60856759415,1.8000000000000005
576,0.415786791326,1.45715500956,-0.314560103538,0.787502854339,1.8000000000000005
577,0.225000089985,-0.512990977318,0.0524982068302,0.284693837927,1.8000000000000005
578,0.688749504689,-0.0549501865683,0.771338861731,-2.36301121145,1.8000000000000005
579,0.88027155549,-2.74884908584,-0.562553889098,-1.11041239646,1.8000000000000005
580,0.121006041682,0.713782308928,0.60992532571,0.511169612628,1.8000000000000005
581,0.405416733228,-1.3852486877,-0.241712845545,0.632007717897,1.8000000000000005
582,0.126772889755,-2.02000858066,0.429139796291,0.495300662818,1.8000000000000005
583,0.16209046965,-0.773615650946,0.0460777624427,1.69566038831,1.8000000000000005
584,0.620061944576,0.654062672561,-1.18144982651,-0.794061165077,1.8000000000000005
585,1.74812064638,0.282197214639,-0.634846391441,-0.908561566269,1.8000000000000005
586,0.351183854218,2.17589990125,-0.091167904995,1.15353655749,1.8000000000000005
587,0.303983426502,0.849523399185,-0.481365701833,-0.674247520151,1.8000000000000005
588,0.156154162574,1.43311185844,0.557666371165,0.765414313539,1.8000000000000005
589,0.14064574425,0.334749775102,-0.746538283411,-0.482526570545,1.8000000000000005
590,0.104945284973,1.88218572975,-0.297095107466,-0.67211521356,1.8000000000000005
591,1.12471151144,1.52231529582,-1.09021308775,-1.63980249834,1.8000000000000005
592,1.59917107973,0.659520720012,0.171787780312,-0.330902469732,1.8000000000000005
593,4.76590002732,1.09117294353,0.446140167263,-1.25617207954,1.8000000000000005
594,0.316852336147,-1.73997768683,-0.661699139386,1.15480028156,1.8000000000000005
595,0.310939092072,0.344282604464,0.68934067201,-1.13028426938,1.8000000000000005
596,0.681992567638,-0.751299773751,1.24513361412,-1.13161969517,1.8000000000000005
597,0.250974358746,-3.14783815354,-1.57738837438,0.801185058602,1.8000000000000005
598,0.130039439386,-0.624899988657,-0.63683259755,-0.430108249437,1.8000000000000005
599,0.544879603258,2.37739343009,-0.0541970265263,0.60994839071,1.8000000000000005
600,0.478628454773,-0.204262601128,-0.190542827422,-0.832154644565,1.8000000000000005
601,0.157856418709,-0.0279238916934,1.13681154498,-0.594587677035,1.8000000000000005
602,0.881856853514,-0.291569940371,-0.240390502145,-1.02125936994,1.8000000000000005
603,0.497305946251,0.708393791935,-0.568362839744,0.188222173083,1.8000000000000005
604,0.345137425464,-0.317088618204,-0.10347579788,-0.15191079278,1.8000000000000005
605,0.230304397179,0.0263876916957,-0.665983673241,1.25190824149,1.8000000000000005
606,0.870595955139,0.515648574688,-0.553090829984,-0.485959043407,1.8000000000000005
607,0.159780851595,-2.25375070314,0.471978803374,-1.47480377325,1.8000000000000005
608,0.205707986505,0.393007430592,-2.30096121412,0.0520170454034,1.8000000000000005
609,0.248208680631,-0.307343216687,0.854360845886,-2.22059155342,1.8000000000000005
610,0.687506230677,-1.32356114751,-0.215038298485,0.768949636281,1.8000000000000005
611,0.127700080334,1.56355182846,2.17715154654,-1.0390704106,1.8000000000000005
612,0.509898756466,-0.475346168706,0.201661670962,0.720699920637,1.8000000000000005
613,0.326451512549,-1.43286178517,0.90979879764,-0.213946864277,1.8000000000000005
614,0.856832608768,0.197369448234,0.849827779174,-0.259185787719,1.8000000000000005
615,0.793688413209,0.11491941519,2.04643591597,1.63687463524,1.8000000000000005
616,0.140754277524,2.31846104863,-0.61869158646,1.53064141695,1.8000000000000005
617,15.3939981023,0.807051993041,-1.1266883687,1.40960397681,1.8000000000000005
618,0.254267700487,-2.05250809062,-0.0557309684663,-0.139114645356,1.8000000000000005
619,0.240758084681,2.45620165474,-0.813477017748,-0.578676670048,1.8000000000000005
620,0.405967753754,-1.09680883828,0.562354660358,0.689042401603,1.8000000000000005
621,3.72001169661,-0.931099453411,0.2226248638,-2.65681276555,1.8000000000000005
622,0.229485288076,2.48158772133,0.526528934528,-1.13063847903,1.8000000000000005
623,0.569661344295,0.474527922224,0.10221961194,-0.147890511199,1.8000000000000005
624,4.09234441346,-1.55447950372,0.563011846419,0.385838424373,1.8000000000000005
625,0.249296081115,-0.889597969375,0.61800092136,-0.825364743578,1.8000000000000005
626,0.234687379513,0.0657490600587,0.705867980252,0.604671374577,1.8000000000000005
627,0.123643566993,-0.381399398812,1.66533937755,0.450114263974,1.8000000000000005
628,0.300795741446,-1.0465484386,-2.35712143105,1.18521691608,1.8000000000000005
629,0.396410876148,0.0355573692879,0.137762770946,-1.77861713559,1.8000000000000005
630,0.230729103266,0.189321086163,-0.212815499467,-0.610769050431,1.8000000000000005
631,0.579907918521,1.03181823342,-0.702117644428,1.27210621021,1.8000000000000005
632,0.419024702128,-0.0786005191795,0.0225352429169,-1.43414932736,1.8000000000000005
633,0.10340857338,0.195168015754,-2.15352397861,-1.02866511869,1.8000000000000005
634,1.77407072469,-0.718340249542,1.11437105541,1.00752316834,1.8000000000000005
635,0.170357330346,-0.648367817653,0.702727739956,-0.489498902648,1.8000000000000005
636,0.309676857624,-1.96448282045,0.186361962423,0.821757162362,1.8000000000000005
637,0.106967543913,-0.412310074653,-1.61789590303,0.54536938388,1.8000000000000005
638,0.119294265133,-0.276044205008,-0.0521941964317,2.01882704522,1.8000000000000005
639,0.21974133258,0.953345912836,0.157304498646,1.22112403257,1.8000000000000005
640,0.168847530121,0.511037932668,0.760567377002,-0.607524480442,1.8000000000000005
641,0.102570949356,0.227475410313,-0.434718629104,-1.31362788332,1.8000000000000005
642,0.117452662936,-0.31753126806,1.13039274257,0.593867113033,1.8000000000000005
643,0.176572092661,1.10823241167,1.13076593789,-1.02818605553,1.8000000000000005
644,0.438574586828,0.160773198167,-1.80500436341,-1.51549106113,1.8000000000000005
645,0.127650797725,0.206011191713,0.989423042785,-2.3850681233,1.8000000000000005
646,0.528836823485,-1.49958003431,0.0378393860447,0.865725256038,1.8000000000000005
647,0.183367432064,0.917202275782,-1.92011517065,0.124189453962,1.8000000000000005
648,0.575400732771,1.09691078502,1.88158548646,0.392069855173,1.8000000000000005
649,1.57462478246,-0.0494434982635,1.65513213666,-0.515969447881,1.8000000000000005
650,0.287747291876,-1.14554533803,-0.623443066573,0.941574740909,1.8000000000000005
651,1.17299733251,-0.258243361471,-1.37879380045,-0.643200183476,1.8000000000000005
652,0.797347077765,-0.122843689906,-0.106537340133,-0.643447718472,1.8000000000000005
653,0.424331649805,1.04173599865,-0.389405202007,-1.72833910549,1.8000000000000005
654,0.600459522877,0.307090306029,-0.580115310397,-1.45171619956,1.8000000000000005
655,0.35257149373,-1.46974400244,1.1239420895,0.659226557142,1.8000000000000005
656,0.198351538521,-1.49751954626,1.2922568441,1.98455764254,1.8000000000000005
657,0.236660803327,-0.944448471548,-0.981980912612,0.531626019724,1.8000000000000005
658,0.215927799571,-1.1355750603,-1.29670592884,-1.93528404935,1.8000000000000005
659,0.146635008513,-1.52247246998,-0.216900422349,-0.254986335414,1.8000000000000005
660,0.342185625741,0.256671581994,0.781335334279,0.250569179072,1.8000000000000005
661,0.755488102677,0.597210765166,0.457304151575,-0.449649342644,1.8000000000000005
662,0.185195529381,2.22889099284,-0.808187771971,0.843644994619,1.8000000000000005
663,0.114393631932,1.69284646865,0.717823024249,-0.954811180507,1.8000000000000005
664,0.291591604811,-0.457058681105,0.234109061855,0.666772870992,1.8000000000000005
665,4.41324930774,0.578852677077,0.347989190877,-0.356999434746,1.8000000000000005
666,0.100453758873,0.00411034579936,0.157725944558,0.0950243590617,1.8000000000000005
667,0.242546475285,0.474010585274,0.170324869578,-0.170192512479,1.8000000000000005
668,1.42566575665,0.100168962274,-0.224345096164,1.21565970592,1.8000000000000005
669,0.170436715035,-0.503908079453,-2.45582417163,1.85403039857,1.8000000000000005
670,0.187788297546,1.0338910553,0.374079989206,-0.232296655216,1.8000000000000005
671,0.154131508511,-1.74216442192,-0.54771373775,-0.276559943514,1.8000000000000005
672,0.355878326466,-0.155699732458,0.795705801703,0.199623604392,1.8000000000000005
673,0.627070836077,0.265161156565,-0.648075460394,-0.506487606234,1.8000000000000005
674,0.226209554488,-0.00244225479851,1.20706975594,1.26123641014,1.8000000000000005
675,0.151947503612,-0.268566612557,0.349519335116,0.797606658075,1.8000000000000005
676,0.155188130863,1.59368143709,0.969842364998,-1.63555718062,1.8000000000000005
677,0.395245674346,0.904909044126,0.437584321648,1.78355366188,1.8000000000000005
678,0.100251204052,0.183670982412,-0.481914904947,1.64677242243,1.8000000000000005
679,2.85180819082,-0.596590284615,0.0878876011041,-0.610371463752,1.8000000000000005
680,0.398163446895,-1.36380384868,0.650851440167,0.530081129022,1.8000000000000005
681,0.426809497032,-0.545361801969,-0.00337587114884,0.610802480511,1.8000000000000005
682,0.467450783227,-0.381508942586,-0.525653688898,0.0312010241074,1.8000000000000005
683,0.160729807808,0.473056129064,1.32722600906,-1.08286030807,1.8000000000000005
684,0.292514351946,0.648932545077,-1.54539256124,-0.32185800544,1.8000000000000005
685,0.198977479178,0.133756178509,-0.134358381909,0.274445678954,1.8000000000000005
686,0.118798861343,0.733948426055,-0.463334610252,0.156446473727,1.8000000000000005
687,3.07437299179,0.4395639759,2.15792361602,0.186866888888,1.8000000000000005
688,0.169869332406,1.53107057324,2.3111583495,0.740187774363,1.8000000000000005
689,0.494671903854,0.0912543134391,-0.269952838808,1.33743883149,1.8000000000000005
690,0.557697239145,0.0444227925571,0.774588295405,-0.498843248185,1.8000000000000005
691,0.141063884047,0.5761711946,-1.17473832233,-0.175969095247,1.8000000000000005
692,0.236798211604,-0.107108781223,0.380076728938,-0.0384158941242,1.8000000000000005
693,0.114301742802,-2.60661733781,0.248699353458,0.563693284016,1.8000000000000005
694,0.174155238285,0.236695922604,0.66682915477,0.836561647294,1.8000000000000005
695,0.1270542255,-0.213598606602,-0.674001947898,-1.16298388062,1.8000000000000005
696,0.322528222209,-0.248936379495,2.27490818524,0.335689346744,1.8000000000000005
697,1.25737618168,-0.331436156332,-0.178821504423,0.713707686725,1.8000000000000005
698,0.168234181132,-1.3010566521,-0.487657777996,-0.730269104241,1.8000000000000005
699,0.358057988051,0.0807273942517,-0.411740254726,-0.354682653533,1.8000000000000005
700,0.583827411096,0.584637970564,-1.14369191591,1.28895087581,1.8000000000000005
701,0.481914331417,0.489742017749,1.86681722973,1.3165640344,1.8000000000000005
702,0.208923552103,0.650616100011,0.0836858885017,0.298535087589,1.8000000000000005
703,0.424935539148,2.24016152648,0.394125465515,-1.23684711286,1.8000000000000005
704,0.173944731081,1.28749880809,-0.767324884703,0.777593260754,1.8000000000000005
705,0.884689091638,-0.290639466161,-0.243836958072,-0.922238029448,1.8000000000000005
706,0.154150000447,-0.276740351895,0.279503790234,-0.98614151221,1.8000000000000005
707,0.441272086777,-2.19193233252,0.572898656239,1.42764780898,1.8000000000000005
708,0.11666821209,0.512727237449,0.954536120244,2.25691945349,1.8000000000000005
709,0.136329002365,-0.339918157133,-0.196602775581,0.802966822591,1.8000000000000005
710,0.577680589404,-0.162902808796,-0.343879303557,-0.980289304245,1.8000000000000005
711,0.247240545507,0.624781313849,-0.302044924964,-2.35858540485,1.8000000000000005
712,0.174419425439,-0.534342035341,0.918107554633,0.960724436496,1.8000000000000005
713,0.157150048876,-0.133432020863,0.961399693025,-0.178332629342,1.8000000000000005
714,0.262305428347,-0.557986413672,1.0408375645,0.326787031828,1.8000000000000005
715,0.43244150284,-1.55884235262,0.525411977429,-1.48322251199,1.8000000000000005
716,0.930949605853,0.3125692295,-1.32632250712,0.515217739192,1.8000000000000005
717,1.23458894333,-0.0959370891309,0.943492176786,-0.860451011212,1.8000000000000005
718,0.169056267184,0.498105599168,0.899364564383,1.24226657161,1.8000000000000005
719,0.384629053178,1.89418404887,1.26040626385,0.347441961934,1.8000000000000005
720,0.350238026763,-0.85830292531,2.31128754391,-0.698181490777,1.8000000000000005
721,0.279907798429,0.614356667034,0.671525786255,-0.132365970586,1.8000000000000005
722,0.638206303552,-0.688078858651,-0.59217721511,-0.0634441342289,1.8000000000000005
723,0.532871465993,-1.26619807197,-0.0583963300162,0.475638046184,1.8000000000000005
724,0.159822436766,1.54029628824,1.49866313826,-0.000178360587253,1.8000000000000005
725,0.199115462708,-0.352834094982,-0.55561578339,-1.4974604923,1.8000000000000005
726,0.486685720191,1.28600703451,-0.506808620712,-0.551326851815,1.8000000000000005
727,0.297319537054,-0.501738441339,0.177535132013,-0.692805165903,1.8000000000000005
728,0.126313205777,-1.07379368571,0.862176133858,0.855456020797,1.8000000000000005
729,0.479176380307,0.186435227023,0.552555237759,-0.634918956306,1.8000000000000005
730,1.68761893514,-2.39168297632,1.17883333848,1.19910663585,1.8000000000000005
731,0.123643861405,-1.0368233165,0.561609784297,1.07410382281,1.8000000000000005
732,0.866775037706,-0.25899987416,0.197981714472,-1.40444440112,1.8000000000000005
733,0.486490349953,0.817444676013,0.476422335782,0.241336043993,1.8000000000000005
734,1.30366399001,1.66234310992,0.644209799861,-0.668500345363,1.8000000000000005
735,0.28872452144,-0.0969349074172,0.556310024021,0.89034580403,1.8000000000000005
736,0.175998057774,-0.175068872522,-0.884328432397,-0.0566971831586,1.8000000000000005
737,0.208079143413,2.05985049161,-1.44548894526,0.318491089239,1.8000000000000005
738,0.522865096932,-1.78450017841,-1.66742028681,-1.37035852888,1.8000000000000005
739,0.310478287111,0.117485404741,1.44618691192,1.89847758782,1.8000000000000005
740,0.27714048799,0.0645760528714,-0.554071174225,-1.346914867,1.8000000000000005
741,0.166565685067,0.161682206742,-2.29529241839,1.03491483724,1.8000000000000005
742,0.513983191958,1.32803132198,-0.885889952615,-0.238708779334,1.8000000000000005
743,0.507024824882,1.45113476697,1.60741900663,0.49148396909,1.8000000000000005
744,0.13571635179,1.05528567025,0.564746632496,-0.882515292195,1.8000000000000005
745,0.712075839116,-1.11105233048,0.294829636087,0.193741495542,1.8000000000000005
746,0.559823609478,-1.21221354637,0.450926210848,-0.324924487823,1.8000000000000005
747,0.301034822291,-0.776356716747,0.411078005774,-0.214603972877,1.8000000000000005
748,0.487420465378,-0.585258732344,0.021152357101,0.98097703212,1.8000000000000005
749,0.481359593901,0.385812088073,-0.495616606011,-0.469162864034,1.8000000000000005
750,0.10122040096,-0.607569152559,-0.703757462737,-0.313912965013,1.8000000000000005
751,0.266955288511,1.50379972211,-1.12277926438,0.881260252501,1.8000000000000005
752,0.342986676013,-1.24408635209,-0.876949722499,-0.197724219158,1.8000000000000005
753,0.104403694195,0.726063822626,-0.189869803974,-1.49091997078,1.8000000000000005
754,2.53035717494,-1.49163365368,0.771385813933,-0.237535854461,1.8000000000000005
755,0.117467058784,-0.502879811077,-0.771280611171,-1.63084923556,1.8000000000000005
756,0.199510392031,0.190400691768,-1.95102734707,0.696409662786,1.8000000000000005
757,0.154796119173,-0.574913029967,-0.860008196448,1.97767374013,1.8000000000000005
758,0.681011272562,0.278049688017,-1.36012135787,1.30057807837,1.8000000000000005
759,0.51117139401,-0.716275406552,-0.529887694173,0.646683743444,1.8000000000000005
760,0.430895866795,1.988868491,-0.785029222332,-0.421930468495,1.8000000000000005
761,0.35369665721,0.399943111761,-1.23145201977,-1.62236234537,1.8000000000000005
762,0.372368859813,-1.88120482558,-0.448568153182,-1.57162400841,1.8000000000000005
763,0.345587116889,1.20364558053,-0.313467966426,1.31218804155,1.8000000000000005
764,0.444249686857,-0.965620183352,-0.693250716905,-1.08690023952,1.8000000000000005
765,0.116755219116,-0.477992338475,-0.63840992876,1.89001403466,1.8000000000000005
766,0.168707319015,-1.68257188995,0.400560208017,-0.964925383556,1.8000000000000005
767,0.221064949336,-0.322423477566,0.193101703235,-0.82798185797,1.8000000000000005
768,0.480682365568,0.556348830186,-0.149048813633,-0.80851942693,1.8000000000000005
769,0.667970798057,-1.28430721859,-0.668422472084,0.387292581307,1.8000000000000005
770,0.349001158865,-2.63613653624,1.46977951573,-1.1898313299,1.8000000000000005
771,0.851283353759,-1.33995291559,-0.499403416915,-0.475770011696,1.8000000000000005
772,0.129111918363,1.9308758344,-0.297633144097,0.799269664961,1.8000000000000005
773,0.259492656604,0.158944593644,0.330262687014,-0.633480273967,1.8000000000000005
774,0.268675844418,0.448199413252,-0.348830240491,0.173703129103,1.8000000000000005
775,0.180742558045,0.847654114446,0.59899273617,-0.690630846817,1.8000000000000005
776,0.172021789354,1.52685868216,0.05711270269,-1.07978754257,1.8000000000000005
777,0.498409986758,-0.057377496672,-2.12721687021,1.34730866407,1.8000000000000005
778,0.763315138868,0.418575992445,0.365046287158,-1.44554486507,1.8000000000000005
779,0.781958400357,-0.193035239475,-0.0324609884482,1.08569243514,1.8000000000000005
780,0.226267306278,0.0863578714773,0.542489520104,-0.328174436313,1.8000000000000005
781,0.145980377622,0.47601479834,1.05511539303,-2.23091876127,1.8000000000000005
782,0.492465331556,-0.691983752723,-0.721077887308,-0.788158014817,1.8000000000000005
783,0.265409638271,0.836345710429,-0.0748182599207,2.08388879878,1.8000000000000005
784,0.112315621791,0.535351083698,-0.440676974076,-0.317795953565,1.8000000000000005
785,0.168510849435,-1.49662105956,-1.51791679322,2.00474337849,1.8000000000000005
786,0.208685189062,2.19050628389,0.231741987845,-0.366569765162,1.8000000000000005
787,1.12718046062,-2.44190996806,0.927715567677,-0.731258675198,1.8000000000000005
788,0.276120118278,-0.274040556236,-0.101444575164,0.343648426904,1.8000000000000005
789,0.183528619086,0.72936028651,0.404064117992,-1.53969698655,1.8000000000000005
790,0.108735801884,-0.938453980194,0.463044815757,-0.280078508725,1.8000000000000005
791,0.989065768434,-0.669385361933,-0.651861009558,-1.18870037657,1.8000000000000005
792,0.559113726778,0.448565521853,0.464399914874,-1.3860036038,1.8000000000000005
793,0.631303938934,-0.543294329765,-2.06032055177,-0.464593367723,1.8000000000000005
794,0.517347268516,0.800976839069,-0.531282675332,1.53601992544,1.8000000000000005
795,0.157282588937,0.902549364153,-0.614983439706,1.71288645788,1.8000000000000005
796,0.606983868013,-0.102550220779,-0.637498188883,-1.91952911552,1.8000000000000005
797,0.141747745521,-1.07515949485,-1.98458841749,0.0573944291529,1.8000000000000005
798,0.139417088827,-0.0164411439506,0.191978091586,0.0428606894071,1.8000000000000005
799,0.158812921812,0.554008730075,0.00266808729407,-0.394532044633,1.8000000000000005
800,0.353287680309,0.615692326205,-2.18062771259,1.13474020683,1.8000000000000005
801,0.266189590212,-0.278636933836,0.581515897169,-1.04811773485,1.8000000000000005
802,0.218859893681,0.121262915078,-1.08304449846,0.456220769951,1.8000000000000005
803,0.428826323478,0.206596182412,0.0313739743108,-1.42711051016,1.8000000000000005
804,0.132583667676,-0.504194174003,0.871898321106,-0.28218009489,1.8000000000000005
805,0.145589916007,-0.780554234242,-0.194739222048,0.453776133051,1.8000000000000005
806,0.314983007149,-0.516608123981,2.46949042133,-0.201940101913,1.8000000000000005
807,0.19157126795,-1.29987035037,1.02013902058,-0.133484213754,1.8000000000000005
808,0.224898110144,0.366310716237,-0.7489363841,0.0832105824838,1.8000000000000005
809,0.797895632055,-1.16881430095,1.36196490316,-0.376682843646,1.8000000000000005
810,0.415189791797,0.12771873484,0.588630946076,-0.00614227600215,1.8000000000000005
811,0.11804598232,-0.313057212454,-0.928138773762,-2.07715027746,1.8000000000000005
812,0.374970966965,-1.36407245437,-1.18408039676,0.0455780158384,1.8000000000000005
813,0.148223869372,-0.785602108902,1.11059191415,-0.425122129685,1.8000000000000005
814,0.201129278932,0.113740829905,-0.716819629673,-0.299689901043,1.8000000000000005
815,0.165726840995,1.81394342675,-2.96524454609,-0.267672443732,1.8000000000000005
816,0.327816573566,-1.22326280097,0.0484052975449,1.19590670955,1.8000000000000005
817,0.187058766549,1.08768870847,0.0465995218548,-1.35995632077,1.8000000000000005
818,0.372403645252,1.40695319555,-0.0501490904204,0.169941487592,1.8000000000000005
819,1.19941266043,0.757596008264,-0.018449828088,-2.44117911346,1.8000000000000005
820,0.127418581765,-1.11862602156,0.18932847973,-2.5567214661,1.8000000000000005
821,1.09482946874,-1.11086357774,-1.02884480642,2.29328852649,1.8000000000000005
822,0.222863567044,1.61526965452,-0.564123417766,2.87952675543,1.8000000000000005
823,0.109733929654,0.0992874013326,0.955241959853,0.408570368425,1.8000000000000005
824,0.253493694748,0.604547467225,0.385708414495,-0.385413755122,1.8000000000000005
825,0.769280106731,0.439915623849,0.0261709982768,-0.30075238667,1.8000000000000005
826,0.663315545105,0.297119514624,0.374163291798,-0.6426151668,1.8000000000000005
827,0.444130012389,0.658123751552,-1.69119614858,0.450078422463,1.8000000000000005
828,0.690696713375,0.375970474646,-0.287528069314,-0.177341262976,1.8000000000000005
829,9.4372166339,-0.179978566112,-0.388286578333,-1.14533924222,1.8000000000000005
830,0.336632020732,1.38869393957,-0.279642984424,-0.976749965026,1.8000000000000005
831,0.102153422795,-0.00147054128144,-1.62734835038,-0.933357124126,1.8000000000000005
832,0.260438300044,0.513319859623,-0.125297817778,-0.160765701358,1.8000000000000005
833,0.259792886467,0.234656455397,-0.280262599976,0.0731349397504,1.8000000000000005
834,0.163153210678,-1.44386192636,-1.07106840034,1.45173305304,1.8000000000000005
835,0.385297321979,-0.622237937651,-1.55067705897,-1.19957387515,1.8000000000000005
836,0.907935791699,-0.814414140818,0.828242456141,-0.437543944155,1.8000000000000005
837,0.218754325614,-0.0203237752296,0.510539060915,-0.331794962976,1.8000000000000005
838,0.312767550496,0.511654077761,0.156777919014,-0.575154775941,1.8000000000000005
839,0.283755154046,0.897173872418,-0.883927129771,0.454897035974,1.8000000000000005
840,0.189071922804,0.72812055794,-0.106078181759,1.08166110746,1.8000000000000005
841,0.126626556964,0.229816747327,1.02821571923,0.859579924904,1.8000000000000005
842,0.369071508264,1.01288521913,-1.30780245173,0.921863041271,1.8000000000000005
843,1.21052191811,0.604743175719,-0.492714937943,-0.786590617435,1.8000000000000005
844,0.276366384603,-2.17249950667,1.00078377089,-0.0977641265701,1.8000000000000005
845,0.406020665423,0.284097863033,1.8716953025,0.665616634935,1.8000000000000005
846,0.148877053768,-0.227151263756,0.851365919199,0.95283027148,1.8000000000000005
847,0.469337836161,-0.117673027821,-1.99651636554,1.16397027075,1.8000000000000005
848,0.102567146079,-0.609042516193,0.112912853029,-1.57956056378,1.8000000000000005
849,0.125995292749,-1.00622443579,-1.19265364637,-1.06905405038,1.8000000000000005
850,0.414870663324,0.203695319501,0.0448545288592,1.17957567836,1.8000000000000005
851,0.961151173964,0.479580450399,0.565925684872,-0.512510873711,1.8000000000000005
852,0.139674816626,-0.315966711405,-2.02071717603,-0.370515118585,1.8000000000000005
853,0.639942124183,-1.05209382008,1.26722620475,-0.640028323634,1.8000000000000005
854,0.268197686173,0.525726914739,-0.197648011552,-0.0549737349022,1.8000000000000005
855,0.132478069294,-0.763257183857,-0.703298692776,-0.511252924793,1.8000000000000005
856,0.139856105583,-0.865566933017,0.359551728562,0.900192201811,1.8000000000000005
857,0.220406948369,0.124266663229,0.952128620362,-0.773239758623,1.8000000000000005
858,0.296478707833,0.51890852879,-0.32282117489,-0.157110795129,1.8000000000000005
859,0.17984682151,-0.381667402396,1.23501079761,-1.36378084708,1.8000000000000005
860,1.17538626447,2.22339740972,0.319898918167,-2.90087778984,1.8000000000000005
861,0.245756302991,0.217019371857,-0.237430438933,-0.107384333795,1.8000000000000005
862,0.436702460796,-1.12201651041,-0.584927986168,1.21985080657,1.8000000000000005
863,0.293034126998,0.24780023413,0.722575162332,0.947546302009,1.8000000000000005
864,1.30394899969,0.388463810055,1.80347604006,0.730481401379,1.8000000000000005
865,0.231199056773,0.68009755229,0.187004362343,-0.00973842426476,1.8000000000000005
866,0.278409071717,0.0891300885397,0.837615850261,0.110459479562,1.8000000000000005
867,0.284743432966,1.70947044247,1.29669349362,1.25701845825,1.8000000000000005
868,0.171595054494,0.501303563745,0.0444184286917,1.33429111269,1.8000000000000005
869,0.165461300964,1.34598955652,-2.21381841861,-1.01057957364,1.8000000000000005
870,0.131294836388,-0.681658266097,-1.43294718362,-0.465600123435,1.8000000000000005
871,0.171607063294,-0.0954432103038,0.41402061522,-1.14219557074,1.8000000000000005
872,0.119989972549,0.209684168783,1.58452079098,-0.958259309192,1.8000000000000005
873,0.557684195825,0.274678308292,1.56203314596,-0.149967158013,1.8000000000000005
874,0.495070407968,-0.765294073005,-0.435459449211,-1.3723203906,1.8000000000000005
875,1.95921083219,-2.58599005737,-0.215644699638,-0.0417366451019,1.8000000000000005
876,0.125510514711,-0.449143014198,1.80291491804,-0.474511028724,1.8000000000000005
877,0.118407901403,-0.00743697743695,0.690834876697,0.95151587339,1.8000000000000005
878,0.108093647814,-0.460483488021,-0.0537442291539,1.73606797128,1.8000000000000005
879,0.349745883294,-0.108128947806,-1.28617663655,-1.12655843431,1.8000000000000005
880,0.41606019974,0.107361392767,0.767123182667,1.22409964051,1.8000000000000005
881,0.518719569962,0.197721255488,-0.355469345604,-0.449486597034,1.8000000000000005
882,0.221199772763,-0.860842860638,1.16922030927,0.646056907835,1.8000000000000005
883,0.315230152156,0.00816384861321,1.09251093571,-0.568763556326,1.8000000000000005
884,0.15357394409,-2.40709109189,0.982293507268,0.31888264457,1.8000000000000005
885,0.504158128099,-0.509650469867,0.986698618407,0.614687208418,1.8000000000000005
886,0.112119533465,-0.379580993462,-1.92138333701,1.26927827499,1.8000000000000005
887,0.864839487276,0.0892672190096,0.872381408489,-0.646817281977,1.8000000000000005
888,0.121879126745,-0.448593486152,1.10687521105,0.397882979404,1.8000000000000005
889,0.812610368196,0.075082608928,0.160626256149,1.25239297464,1.8000000000000005
890,1.94546963205,0.236038257292,0.852973241649,0.635514836895,1.8000000000000005
891,0.499295177701,1.97026601497,-5.15700774792,-0.0104166696285,1.8000000000000005
892,0.312062064909,0.943468376463,-0.792896023973,-0.171632061261,1.8000000000000005
893,0.301623636505,-0.189515168058,1.47617227038,2.29405489206,1.8000000000000005
894,0.759955522338,1.48602589716,-2.4086584732,-1.11921499,1.8000000000000005
895,0.600782292292,-0.677561978078,0.273625373721,0.941362486034,1.8000000000000005
896,0.464965350105,-0.132519456017,-0.179175502823,-0.788068486128,1.8000000000000005
897,1.53684185398,0.548240452719,0.0667541842932,-0.826899073994,1.8000000000000005
898,0.171875903885,-0.335890872909,-0.623803599189,-0.631272044666,1.8000000000000005
899,0.111806930846,2.13812702701,-1.20172227924,0.606779322895,1.8000000000000005
900,0.297230468356,-0.0409358584306,1.61935769557,0.224471756394,1.8000000000000005
901,0.200040636278,1.46662998604,0.0195349988812,1.4241870871,1.8000000000000005
902,0.604541400199,0.0665931945892,-1.00593772454,0.538622741961,1.8000000000000005
903,0.280285459093,-0.313390125012,0.0621482711342,0.634773936829,1.8000000000000005
904,0.652006679151,0.459360323417,0.155254152203,0.309560708921,1.8000000000000005
905,0.292305358975,1.7854138184,0.948259831293,-0.0569166567721,1.8000000000000005
906,0.160930088415,-0.445407934466,1.19577025322,-0.197711219394,1.8000000000000005
907,0.157309898078,-1.52758528393,2.11599805841,0.202557203232,1.8000000000000005
908,0.114342062136,0.101297140773,1.55484446362,0.989372601322,1.8000000000000005
909,0.128340452652,-0.543242867836,0.352372506477,-0.877420753995,1.8000000000000005
910,18.4710380716,0.334189111843,1.68833391868,0.137806944169,1.8000000000000005
911,0.464091837198,-1.23408734032,-0.56729740147,-0.108728787665,1.8000000000000005
912,0.406379527389,-0.379904203805,-0.18234570534,0.718475522449,1.8000000000000005
913,0.10575084919,-0.13222480775,-0.546684859159,0.171319797816,1.8000000000000005
914,0.650435579134,0.427402642123,-2.34190321053,0.893262138934,1.8000000000000005
915,0.377103401126,1.0161674726,0.996941317141,-0.552903875315,1.8000000000000005
916,0.126214560259,0.445897178008,1.91649654013,0.117320803486,1.8000000000000005
917,0.628153869258,0.430717810285,0.485985834663,0.397481158606,1.8000000000000005
918,0.119928677692,-0.0902704085695,0.417262595524,0.176128576962,1.8000000000000005
919,1.46553022209,0.100731014839,0.390150058451,0.0229474946139,1.8000000000000005
920,0.481621635387,0.192766787356,0.470283686579,0.0631968593184,1.8000000000000005
921,0.616906409666,0.0846386484075,-0.853953197525,-1.27630690159,1.8000000000000005
922,1.27453577918,1.8255133322,-0.475055247711,-1.937618087,1.8000000000000005
923,0.922313738647,-0.978703775304,2.26941620442,0.104617758477,1.8000000000000005
924,0.565003372443,2.13251632723,-1.62591004796,-0.907963723132,1.8000000000000005
925,0.16949533683,0.061158509129,-1.34935977087,0.781371901385,1.8000000000000005
926,0.285899989341,-0.941135263109,-0.177112002343,0.0564585841033,1.8000000000000005
927,1.50745632468,1.59777626773,-0.25884312916,0.143787375707,1.8000000000000005
928,0.111414726108,0.47434819722,-0.526574659238,0.620144821504,1.8000000000000005
929,0.131652196838,-0.434066121723,1.18702607099,0.92213688463,1.8000000000000005
930,0.20583975244,-0.759550409201,-0.351865870525,0.148820662547,1.8000000000000005
931,0.443544646673,3.21258465161,-0.492399188201,0.160881740243,1.8000000000000005
932,0.155332175866,-0.0574577263455,1.71547545477,0.0802785222461,1.8000000000000005
933,0.248947961166,1.44922580029,0.0555362927273,0.441045606009,1.8000000000000005
934,0.19115636506,0.0472712059991,0.274458678663,0.17385221002,1.8000000000000005
935,0.12492834635,-0.0265610008296,0.725932747239,-0.295031155347,1.8000000000000005
936,2.3014916533,-0.490021269223,-0.0889994777487,-0.630248720392,1.8000000000000005
937,0.145254864777,0.793477906294,0.708540518543,0.285699517538,1.8000000000000005
938,0.165100448975,1.45464323157,-0.967830484948,-0.866577334299,1.8000000000000005
939,0.411900333478,0.630592076903,0.473712478504,-0.0748040884012,1.8000000000000005
940,0.604368837684,0.614913855265,0.728390059402,1.51754013504,1.8000000000000005
941,0.117290771544,-1.10651161278,-1.51046422873,0.591169599962,1.8000000000000005
942,0.131616150764,-0.391745907597,1.04660311901,-1.3521935571,1.8000000000000005
943,0.359047943377,1.9326627986,0.382196708628,0.678502619951,1.8000000000000005
944,0.139980574157,-0.197868722763,1.04078399587,1.16551614566,1.8000000000000005
945,0.788340561291,0.0268409165254,0.976346568237,-0.194056103899,1.8000000000000005
946,0.110533445211,0.134496323068,1.39884625398,1.0346018435,1.8000000000000005
947,0.384625808646,-1.6480138865,0.229381145616,-1.60674803328,1.8000000000000005
948,1.03593999535,0.411708505986,1.10604605593,2.42286432523,1.8000000000000005
949,0.155178099483,-0.614021304631,1.62025837379,0.783739819416,1.8000000000000005
950,0.14803222989,-0.694404718875,2.37588328468,1.88754720609,1.8000000000000005
951,0.141058743077,1.10068661745,-0.106845835786,0.180486234977,1.8000000000000005
952,0.413602885313,-1.27959051068,-0.447690868755,0.340031997511,1.8000000000000005
953,0.121749945407,0.664574354037,1.52615626678,-0.391250641313,1.8000000000000005
954,0.415874124498,-0.121633028247,0.310901016753,0.0270930789338,1.8000000000000005
955,0.112176949516,0.887214256368,0.0292899397456,0.525273516686,1.8000000000000005
956,0.375748903195,-1.42312435002,0.511334928389,-0.0883687899969,1.8000000000000005
957,0.61640778229,-0.351626214901,0.696227778451,-1.60363441425,1.8000000000000005
958,0.52633757245,1.13510596884,1.74896851986,0.273914102523,1.8000000000000005
959,0.102880496111,0.752264713669,-0.450824489897,1.21529892973,1.8000000000000005
960,0.718079221122,-0.351439473949,-0.326624149042,0.726739258029,1.8000000000000005
961,0.74053038731,-0.0231800515456,-1.75414664355,-0.50780505725,1.8000000000000005
962,0.103789830611,1.17442062542,-1.99632275465,-2.72821580135,1.8000000000000005
963,0.988647783305,0.93309885725,1.38311893277,0.244437631291,1.8000000000000005
964,0.158762487409,0.183900403782,-1.20122714333,-0.914397774765,1.8000000000000005
965,0.136755055793,2.10580148265,-1.7484771679,0.297142077829,1.8000000000000005
966,0.883672500397,0.0528147590965,0.300154276796,-0.442694839177,1.8000000000000005
967,1.03319610073,-0.781697492597,-0.418677799122,0.626844870664,1.8000000000000005
968,0.359906940474,-1.02790544586,0.321223178985,-0.700873828384,1.8000000000000005
969,0.148626272642,-0.116583734188,0.658266868063,0.087820277702,1.8000000000000005
970,0.276326610315,-0.509853764559,1.70410381275,0.159944225064,1.8000000000000005
971,0.132850757808,0.605454207478,-0.587033308732,2.01425980127,1.8000000000000005
972,1.37015741315,0.529770705364,-1.1835561174,0.489514884645,1.8000000000000005
973,0.649404262224,0.330987630617,1.04915199853,0.0825313775896,1.8000000000000005
974,0.468447929595,-1.74725350668,1.09485139683,-1.24864598467,1.8000000000000005
975,0.525594293733,-1.64932885163,1.62455537686,-0.909711312003,1.8000000000000005
976,0.112793986896,-0.802450021152,-0.119447987516,-1.46716101417,1.8000000000000005
977,0.356833394392,0.949397032126,-0.00248282354932,-1.41601676933,1.8000000000000005
978,0.405769004475,-0.126634630854,2.17051628012,-1.43292790494,1.8000000000000005
979,18.3514179359,-0.806440548196,1.04491192754,0.375071778811,1.8000000000000005
980,0.158680269397,1.60003086234,-0.466884132453,0.566018503614,1.8000000000000005
981,0.121495283919,-0.018117394629,-1.11980223974,0.764869991239,1.8000000000000005
982,0.295156982676,-0.975866068702,-1.32364113259,0.962336031971,1.8000000000000005
983,0.468260311815,0.202726681911,0.347944282398,0.0636441876264,1.8000000000000005
984,0.299438450525,0.268125834325,1.96014836284,0.401022944495,1.8000000000000005
985,1.34170103353,-0.811112841753,0.883496664051,-0.814561384927,1.8000000000000005
986,0.169359981366,-0.316432167292,0.294830684986,1.0891939989,1.8000000000000005
987,0.482594007952,1.41545964569,-1.16826811782,-1.5484490803,1.8000000000000005
988,1.1209069748,-0.0676325998922,0.984509621994,1.45266642166,1.8000000000000005
989,0.456086908212,2.17449486704,0.88177830688,-0.855634356829,1.8000000000000005
990,0.133683328664,-1.20287656103,0.076195246525,-0.2168798252,1.8000000000000005
991,0.103039236905,-1.46512147568,1.83469395865,-2.40395698277,1.8000000000000005
992,0.410318390577,1.48423261923,-1.63837961855,-0.680834705036,1.8000000000000005
993,1.26501157931,0.599599598287,-0.971466517262,0.235097214366,1.8000000000000005
994,0.155253848602,-0.890682909812,-0.218967499864,-0.153572580698,1.8000000000000005
995,0.633450860301,-1.65169814049,-1.64731635274,0.293830276894,1.8000000000000005
996,0.153686246381,-0.46073168872,1.71128090208,-1.35025101156,1.8000000000000005
997,0.556298103247,0.617297063021,0.568534478966,-0.212431014317,1.8000000000000005
998,0.22965447903,0.608417207881,0.428868195295,0.261422396558,1.8000000000000005
999,0.205214673173,-1.414209514,0.353743873014,0.750492735441,1.8000000000000005
