Star_ID,Mass (MSun),X (pc),Y (pc),Z (pc),Simulation Time (Myr)
0,0.100802056321,-2.62001303904,-4.07479138429,-2.06730628042,8.299999999999986
1,0.823973996413,0.750803898217,0.791880749806,-0.498465045521,8.299999999999986
2,0.114065740155,1.19333115192,-0.358756369032,-2.30026921928,8.299999999999986
3,0.813684939039,-0.0488690643296,-0.490033432233,-1.19481623158,8.299999999999986
4,0.102339261212,-0.777197632847,-1.95115216094,-2.19843167154,8.299999999999986
5,0.104718570568,-0.300233223077,-0.460079897306,-1.21351638405,8.299999999999986
6,0.360645001599,-3.58220922291,-1.89776255095,-2.32249513222,8.299999999999986
7,0.592308882822,-1.90040148856,0.0501979252959,-1.71254591928,8.299999999999986
8,0.151214415722,-0.0194636406992,-0.190763943105,1.52845003404,8.299999999999986
9,0.106844977847,-4.09847123204,-1.34959757591,-3.91071336543,8.299999999999986
10,0.306079308248,7.77842290289,1.90537454465,1.060315368,8.299999999999986
11,0.122203994478,0.909933119799,3.1703987955,-1.20632163086,8.299999999999986
12,0.560062753535,0.290622761692,-4.4518057296,0.892884150955,8.299999999999986
13,0.421373106028,-5.42991376396,-1.49107797073,-1.90929237461,8.299999999999986
14,0.254808159987,-1.61352133152,-1.77996220254,1.16771942743,8.299999999999986
15,0.403433751479,0.646883564946,-1.8538590955,-4.18001302789,8.299999999999986
16,0.270498307547,-0.00119373161088,1.13175369517,-1.08904467239,8.299999999999986
17,0.148261703558,-0.64215759545,0.353132825178,-1.65710934698,8.299999999999986
18,0.204996892574,0.65904832552,0.0144833110356,-1.14360070675,8.299999999999986
19,0.487677259819,0.568755439946,-1.5143915064,-1.2624692894,8.299999999999986
20,0.336254162679,-2.2189834852,-6.41047143506,6.18426808065,8.299999999999986
21,0.849591112077,0.0479396347087,-2.97330284846,-0.232055715332,8.299999999999986
22,0.15450120385,-4.08375659776,-0.609202018849,-2.31508032452,8.299999999999986
23,0.196760070839,0.307934551614,0.456210514757,-0.203405335727,8.299999999999986
24,0.868289247935,-2.35361206568,5.87840805808,-5.89443973641,8.299999999999986
25,0.115061447558,-3.81122113937,-0.776837179406,-5.9379849875,8.299999999999986
26,1.58161500905,2.15878954263,-2.81104951761,0.540560269202,8.299999999999986
27,0.131480832774,3.24116213097,0.581543211531,-1.8463886464,8.299999999999986
28,3.18180661149,3.72796391702,-0.272740494464,8.94099274655,8.299999999999986
29,0.129291991684,0.78283014107,1.86314462348,-2.5979460203,8.299999999999986
30,0.193923991058,-3.21769843031,8.10247106606,2.42630989884,8.299999999999986
31,0.377385419721,1.9812588574,6.41038139529,-3.4227363289,8.299999999999986
32,0.538523258867,0.0418803202067,-1.41346601671,-2.03132511526,8.299999999999986
33,1.0099001423,-0.930735528807,-0.88704816541,-1.51708245724,8.299999999999986
34,0.777731668136,3.5195332021,1.23869439235,-3.66861777711,8.299999999999986
35,0.363729767718,0.196780439497,-3.0080307729,-2.95064423938,8.299999999999986
36,0.120064305117,-1.860085094,-4.596780363,-7.79971855475,8.299999999999986
37,2.92958125477,0.555367721113,-0.222116323634,-0.666536429934,8.299999999999986
38,0.490156023365,1.42878625987,-1.66711725742,-3.83620795889,8.299999999999986
39,0.161460395002,-0.414018444844,-1.56304561855,0.0625665663238,8.299999999999986
40,0.181199583702,-0.809359837093,-1.30071600291,-1.57554254256,8.299999999999986
41,0.204652557996,-3.07834217696,1.98875894863,-7.08481480804,8.299999999999986
42,0.952523777595,-6.23126005013,-0.417790237873,-5.28707883487,8.299999999999986
43,0.42283777945,-0.993115016604,-2.00298832405,0.726031437737,8.299999999999986
44,0.27624632989,-1.3904434627,-0.644103642254,-1.30914921113,8.299999999999986
45,2.35335276153,2.04717116235,2.38619059572,-1.0660623924,8.299999999999986
46,0.628105515806,-0.312815156392,-1.53835019756,-2.07905099825,8.299999999999986
47,2.61149425041,-0.042620722153,-2.17408837973,-1.89250354922,8.299999999999986
48,0.692866864113,0.843019448644,0.19014321157,-1.65141079926,8.299999999999986
49,0.312278806907,-0.60819264941,-1.01546084255,-1.24993774167,8.299999999999986
50,0.405603535428,-3.11112199298,-6.38553556999,-0.41151356498,8.299999999999986
51,0.179405895991,0.707261138514,-3.69597853419,-1.43595662201,8.299999999999986
52,0.232410160839,-2.90641203694,-5.78832875066,0.119366646662,8.299999999999986
53,0.59269958749,1.0506277586,1.43769114851,6.56594242958,8.299999999999986
54,0.102528370728,-3.54032393031,-1.89028496649,-0.574950747252,8.299999999999986
55,0.103667157781,0.0112317874775,-4.72605503316,0.565022127256,8.299999999999986
56,0.553378428605,-3.32411936046,1.07419992533,1.67192072769,8.299999999999986
57,0.251574019204,0.382892835544,-3.3216360813,-0.074536776069,8.299999999999986
58,0.446707336388,-0.297066135452,-0.596516218302,-0.797455926271,8.299999999999986
59,0.140113975213,-7.71674050041,5.01730416806,3.24893384019,8.299999999999986
60,0.11463561627,0.188981763046,-0.0727519887127,-0.309971713423,8.299999999999986
61,0.241742965223,-0.339645511684,-1.28548180056,-1.55889019794,8.299999999999986
62,0.159897835427,0.0629770142116,-2.2650875095,0.0896680282498,8.299999999999986
63,1.68752448634,-0.920494224711,-0.161814488602,-0.819251236769,8.299999999999986
64,0.232634396255,-1.62509189118,-1.26244736842,-2.50059630788,8.299999999999986
65,0.358456080514,0.882932051419,-0.639333861099,0.489347818142,8.299999999999986
66,0.149757749848,1.28484845133,-0.677693590666,-2.83280568184,8.299999999999986
67,1.19552388557,0.923075345092,-0.525240437906,-0.817597130342,8.299999999999986
68,0.242807239923,-5.97677842695,-5.725897268,-2.40523308492,8.299999999999986
69,0.490777604274,0.166813510485,-1.21807411537,-0.583214588607,8.299999999999986
70,0.25648980851,-4.84275488911,2.74524121471,5.4164863408,8.299999999999986
71,0.101191979303,0.386116484814,-0.597527572278,-0.524667526243,8.299999999999986
72,0.427038579248,-0.341788479357,-2.15609663658,0.766642810708,8.299999999999986
73,0.491476393595,-0.0276537351463,0.878529788658,-1.12269917917,8.299999999999986
74,0.491262101202,0.09023308495,-0.267061050159,-1.90085708857,8.299999999999986
75,1.21562102466,-5.59718612709,2.90472593162,-4.29826959083,8.299999999999986
76,0.125431826356,-0.725469156923,-0.0574290945398,-1.43810332082,8.299999999999986
77,0.709332391052,-1.78185806516,-0.820642832527,-2.89928162469,8.299999999999986
78,0.405494407571,2.00786351715,5.78869299177,0.102130774538,8.299999999999986
79,0.643397086903,-2.07735901866,-0.0359845013805,-1.19945328367,8.299999999999986
80,0.164870810771,-1.6007999441,-2.69775498582,0.121124371263,8.299999999999986
81,0.144552003895,0.157351317401,-1.16938045073,1.34934861059,8.299999999999986
82,0.195605907434,10.5679834646,1.15512451384,-1.69902757932,8.299999999999986
83,0.148749997144,-2.52420575184,-5.20073753212,-0.143904471538,8.299999999999986
84,0.403575899932,-7.90143129453,4.79964970755,1.38975449445,8.299999999999986
85,0.193726205991,0.142959521005,-0.712625111658,-1.31970510984,8.299999999999986
86,0.596037559106,0.583677127123,0.874823266875,-1.50666065721,8.299999999999986
87,0.13158913722,-1.19847177452,2.03592612341,0.271870156007,8.299999999999986
88,0.473973849736,0.0777675688844,-1.08330310606,-1.8721944274,8.299999999999986
89,0.205561962671,1.12272538093,0.690865564435,-2.83233305064,8.299999999999986
90,0.115043481002,-0.103311436935,-5.13785058077,-0.653529627976,8.299999999999986
91,0.123942302871,-1.10082122596,-1.17928646565,-1.11844492869,8.299999999999986
92,1.41030755927,-0.402073858814,-0.221009008018,-2.05299363229,8.299999999999986
93,0.336897866806,-0.170116043513,-0.894846762104,-1.81109110243,8.299999999999986
94,0.391348724802,1.32141993827,-0.630266679027,-2.48528597806,8.299999999999986
95,1.84024176007,1.49080783065,-2.99748548422,-2.54695665071,8.299999999999986
96,1.88370676237,-1.40020378039,-1.06502729731,-0.354342139618,8.299999999999986
97,0.938981600238,-0.165547278835,-1.32303510907,-2.10189069365,8.299999999999986
98,0.395457802659,-1.35019509549,-1.21347311571,-1.34695778936,8.299999999999986
99,0.234524233068,-4.39279905798,-3.91239400572,-4.47760892735,8.299999999999986
100,0.242546360508,-2.99184045113,1.90905935245,2.23183194675,8.299999999999986
101,0.100409781734,2.26295267946,0.183139856645,-2.27745241879,8.299999999999986
102,1.4864421523,-2.62096557228,-2.53907036272,-2.44780354016,8.299999999999986
103,0.153114449961,-0.781912005005,-1.79573381976,-2.75831501229,8.299999999999986
104,0.214602487227,0.670968156855,0.6773969722,-1.40092770443,8.299999999999986
105,0.20783819284,-0.0771169174388,-1.30661241545,-0.667561234228,8.299999999999986
106,0.188056789395,-0.329866541358,0.302959595356,-3.07916287913,8.299999999999986
107,0.199912097355,0.124051013463,-1.55974982822,-3.00273165099,8.299999999999986
108,0.102255380106,5.30982865494,2.04446347269,-1.32348351218,8.299999999999986
109,0.183134288387,-0.568857908858,-3.40385530305,-0.955870884296,8.299999999999986
110,0.78485883642,0.671488063772,-2.43642817929,1.63797701544,8.299999999999986
111,0.496054627615,-2.97886751001,6.96181723377,-0.700257863976,8.299999999999986
112,0.308923507076,1.17574112089,-1.33566399685,-3.01750247269,8.299999999999986
113,0.142010216503,-0.106227497393,1.12727410214,-1.8879375497,8.299999999999986
114,0.167511595939,-0.788196898728,-0.165533795126,-1.81540438314,8.299999999999986
115,0.552178722156,1.60973133613,-10.1991008593,3.32569324441,8.299999999999986
116,0.111316290884,-0.0269380044121,-2.61870347073,-1.66216015154,8.299999999999986
117,0.196526968325,-3.39944517056,-4.6155506964,-4.30332827645,8.299999999999986
118,0.106472238374,1.53604021076,0.0717866935069,-0.980236176431,8.299999999999986
119,0.464870527765,-0.328984140152,-1.63247236003,-1.68368829321,8.299999999999986
120,1.34003282852,-2.26810265575,-2.4666469707,-3.38433007947,8.299999999999986
121,0.56291272349,-0.446530768011,-0.622426417731,-1.23029198282,8.299999999999986
122,0.340238343931,-0.0209831941155,-4.81834463361,0.685680066746,8.299999999999986
123,0.36922282544,-0.130130051693,0.210854922724,-2.28081090362,8.299999999999986
124,0.197536715963,-0.670607159262,1.29066709966,2.14517718487,8.299999999999986
125,0.165248112739,1.2993224653,1.30915663099,0.401198860396,8.299999999999986
126,0.700717641211,-1.25657984899,0.49702766556,-8.92720395598,8.299999999999986
127,0.30027514469,-1.31786136259,-11.0887668981,-3.00984097087,8.299999999999986
128,0.188062840038,-7.17250068537,-10.5144848321,-8.79225167148,8.299999999999986
129,0.491789778293,-1.65051398128,-0.782218346402,-1.03140066712,8.299999999999986
130,0.195866277394,0.51343355605,0.947938812723,-2.89798714984,8.299999999999986
131,1.0063005988,1.30100924598,-0.830595343862,-1.00319176949,8.299999999999986
132,0.180361566011,0.223276375754,-0.676533023303,-1.76697045864,8.299999999999986
133,0.835281393923,0.224606409149,-3.01744784893,-2.92489244268,8.299999999999986
134,0.200644910617,4.19998217045,1.44383214269,1.50892381406,8.299999999999986
135,0.115801669545,0.923210948284,-1.86549867374,0.577142210746,8.299999999999986
136,0.146213349735,1.96603756368,-0.171826625122,-3.35316627766,8.299999999999986
137,5.77855860363,-4.21131599617,-3.89020485201,-4.62578275241,8.299999999999986
138,0.243105564727,-0.154226923746,-1.61052318701,-2.63079625192,8.299999999999986
139,0.316855214006,0.888867624631,-3.73722966069,-1.3677576745,8.299999999999986
140,2.97269016624,-4.71983939472,4.18153095119,-3.63441696965,8.299999999999986
141,0.906051156758,-0.657209434763,-0.810205307938,-0.40451268341,8.299999999999986
142,0.465937470257,-4.78356677687,-2.13040049726,-4.86533064001,8.299999999999986
143,0.200235311127,1.22908274804,-0.641315104258,-1.09743942498,8.299999999999986
144,0.142381417873,1.44808713689,-1.58485784505,-4.44249354153,8.299999999999986
145,0.27333272581,-1.49597116799,-0.546045213582,-0.659019207603,8.299999999999986
146,0.682199892111,0.192426561924,-1.09586122402,-1.89430509107,8.299999999999986
147,0.133400447354,-0.592354011964,-1.06002068604,-1.5650470613,8.299999999999986
148,0.515735696629,-1.64344623504,-3.00621600255,1.51146542346,8.299999999999986
149,0.408883895473,-1.2893361587,-1.24907224153,1.55683987661,8.299999999999986
150,0.114495456948,0.697022463106,0.482659072898,-1.85785112228,8.299999999999986
151,0.563069887742,-0.590622298553,-0.769080953784,-2.77128976213,8.299999999999986
152,0.145417859973,7.22735876583,2.87680190958,1.09502736331,8.299999999999986
153,0.108068374779,-4.20220680639,0.032156122746,-4.10249590465,8.299999999999986
154,0.146417855772,0.00756311302056,-0.312558227596,-1.24093360954,8.299999999999986
155,0.447128810311,-0.655483524806,-0.950849580625,-1.73397749507,8.299999999999986
156,0.124403262105,-0.192765992793,3.05709531421,2.39898524504,8.299999999999986
157,0.354896784249,5.86567673859,2.67520392651,2.0884570151,8.299999999999986
158,0.246502681352,-0.368982000263,-0.868151277827,-1.52988134449,8.299999999999986
159,0.122056369517,-2.15706719697,-1.98991777964,1.26263948299,8.299999999999986
160,0.251835971568,-3.84598835639,-0.721785122463,-2.41648435757,8.299999999999986
161,0.356435732352,-0.529578102359,-0.393681796335,-6.98863501756,8.299999999999986
162,0.163630429151,0.474233941311,-0.384101260925,-3.0142554382,8.299999999999986
163,0.424184099147,-4.45998516581,0.184784952567,-2.48339828094,8.299999999999986
164,0.300846959865,-1.039674771,-0.184167683376,2.34358607261,8.299999999999986
165,0.16596691396,-4.4145762163,-7.9220352294,4.52107690063,8.299999999999986
166,0.382013301293,0.170927986428,-1.10077373682,-1.56588073188,8.299999999999986
167,0.3041003721,-2.99343775743,-3.4018239797,0.0243979130818,8.299999999999986
168,0.159523252691,1.76646063679,-1.74070694379,-1.74563383727,8.299999999999986
169,1.01859171482,2.8401340256,-4.56138958808,-2.40425598246,8.299999999999986
170,0.137835681383,-5.38985255571,3.97714625124,-3.17845692331,8.299999999999986
171,0.492835208404,-0.715394205075,-0.529867717519,-1.57105885649,8.299999999999986
172,0.591558626432,-1.45991667951,-0.432006524559,-1.65995778714,8.299999999999986
173,0.464585145242,-13.1349973913,-0.580599840357,-4.61998019626,8.299999999999986
174,0.512696404569,-2.2046523557,0.469611639188,-1.79363949657,8.299999999999986
175,1.56669194243,-0.0819167389143,-0.155288054216,-1.24117168457,8.299999999999986
176,2.04338467411,1.05937529927,3.32371174204,0.592752319014,8.299999999999986
177,0.257764000555,-4.50926985551,-2.67575296704,-6.55930555764,8.299999999999986
178,0.206050056153,-0.736358173524,-5.13970301462,4.68741808566,8.299999999999986
179,0.315263909762,-0.135837550331,-0.626565608564,-0.782228302387,8.299999999999986
180,4.28200112871,-0.709412700707,-1.24309356912,-1.70700239329,8.299999999999986
181,0.413586441497,3.42308650301,5.02194158661,1.09660963538,8.299999999999986
182,0.120337996439,-3.74667872391,0.470174875968,0.0443456235885,8.299999999999986
183,1.20718376818,-1.4281298546,-1.90361299719,-1.84958148511,8.299999999999986
184,0.293607263785,3.60071257633,-1.09545368879,-1.12782645213,8.299999999999986
185,0.149825173067,-2.39664917686,5.45368044047,0.103228059114,8.299999999999986
186,0.125176349461,0.0425998092338,-1.82305587633,-2.00273822819,8.299999999999986
187,0.101818550695,-3.55469805256,-1.08046019827,-0.317741384044,8.299999999999986
188,0.117383626077,0.925658457092,1.28637212272,-3.44560992457,8.299999999999986
189,0.149472510508,-2.09334874126,-1.03246765753,-0.883417914963,8.299999999999986
190,0.135775359326,1.05844533895,-0.631841343401,0.500713017549,8.299999999999986
191,0.382825979536,0.148897363241,0.637911597313,-0.166242202199,8.299999999999986
192,0.282100263315,2.40137795267,-2.00560327106,-3.07669075512,8.299999999999986
193,0.398921438973,0.929844994692,-1.81178603089,-0.96119828429,8.299999999999986
194,0.178857498765,-0.838794043923,0.324576790589,-1.53119799739,8.299999999999986
195,0.106669122175,-1.19500395569,0.961206326199,-1.50058856811,8.299999999999986
196,0.979101437135,7.66495009404,3.16381988144,0.353009789379,8.299999999999986
197,0.731608398092,1.01865273924,3.12105733475,-2.5343023622,8.299999999999986
198,0.437820518733,-0.0749428718124,-0.378778575306,-1.14533532825,8.299999999999986
199,0.256390296251,-0.851837784679,-0.553971573535,-0.739708591914,8.299999999999986
200,0.129934094377,-4.98324034162,-3.2073724542,-2.55234383114,8.299999999999986
201,0.774667430358,0.571236653478,0.420279122561,-1.74215872721,8.299999999999986
202,0.309708273484,6.82363368517,0.10329229056,3.30771418799,8.299999999999986
203,0.458115884967,-0.155958123641,-0.826039241619,-1.6269825444,8.299999999999986
204,0.701931872265,-0.327644111805,-1.92949854241,-1.61049314004,8.299999999999986
205,2.32437043124,0.628485137877,-2.10384694187,-0.865696818214,8.299999999999986
206,0.190823952775,-1.03138761509,1.03363318346,-5.08285770487,8.299999999999986
207,0.285219908836,-0.511260164089,-2.03294132518,-3.68645159634,8.299999999999986
208,0.217364365658,-1.63184347049,-1.7107439572,-1.36827982298,8.299999999999986
209,0.350481732328,-2.86883509171,3.59683926472,3.8333736155,8.299999999999986
210,0.123884263435,-4.1618576723,-2.00795360207,-4.15690890482,8.299999999999986
211,0.186739510516,-0.674217816728,-2.29446311762,3.75122360302,8.299999999999986
212,0.329866061627,-1.37828837615,3.11382925088,0.943570022472,8.299999999999986
213,0.642115561669,2.01975709197,2.3401847176,4.53517828608,8.299999999999986
214,0.866717770245,-4.37033411961,0.261613435339,-2.37435685017,8.299999999999986
215,0.121390078839,1.90071663553,1.75096601609,-4.527405623,8.299999999999986
216,0.245994150597,-5.37234648197,7.41088423049,0.891441271212,8.299999999999986
217,1.01619919897,-0.0662032786343,-0.755576937247,-1.35477057449,8.299999999999986
218,0.570631779998,0.728084394469,-1.11925411992,-2.32635953799,8.299999999999986
219,0.212693183401,0.944613020681,0.347240667656,-0.65238441767,8.299999999999986
220,8.55758551057,-0.843908386524,2.01844561913,-1.5872954722,8.299999999999986
221,1.19986942163,-2.36990909707,-3.41812976967,-3.01438997994,8.299999999999986
222,1.00613676748,-0.838521221515,-0.572720135251,-1.50182335465,8.299999999999986
223,0.191108899342,3.39117405718,-0.892553462641,-2.41958541431,8.299999999999986
224,0.227478710334,0.143224147034,2.99516512003,3.24012087311,8.299999999999986
225,0.166850041825,3.51020668306,-1.75425236457,5.35436869169,8.299999999999986
226,0.267164259498,0.898503801116,-0.646903956812,2.61071238931,8.299999999999986
227,0.161379151724,-2.88783052415,-0.413645394802,1.90473014188,8.299999999999986
228,0.833859804585,-5.10201970401,1.23011814963,1.47167983567,8.299999999999986
229,0.183053637105,-0.996741306913,0.425186361655,-0.443102523096,8.299999999999986
230,0.270527386302,-0.33428823582,-0.628807048862,-2.5993405067,8.299999999999986
231,0.548144396848,-0.053810145105,-1.72344396927,-1.94398069083,8.299999999999986
232,0.118832351995,-4.07501740146,1.8777204658,6.73039172346,8.299999999999986
233,1.22894777055,2.32037254961,-2.21984635013,-1.64825432699,8.299999999999986
234,0.373420177905,-2.83001355011,-4.81541879648,-1.00559415009,8.299999999999986
235,0.327522763194,-0.636202755186,-1.78912208566,2.10902778291,8.299999999999986
236,0.317239700494,3.32086830188,-1.04270860434,-3.61146956112,8.299999999999986
237,0.30349382312,4.34783539008,-1.49238832454,-4.50700554309,8.299999999999986
238,0.116610015999,-0.535546607348,-1.09907554014,-2.97680757873,8.299999999999986
239,0.184515774343,0.3400951759,-0.954268793598,-1.91369603536,8.299999999999986
240,0.933369169681,-0.175624380958,-1.38277533435,-2.44617683095,8.299999999999986
241,0.258440161608,0.746154242174,-1.78791701078,-0.299251469124,8.299999999999986
242,0.347804386418,2.33685580709,-2.55343650521,-0.159055391324,8.299999999999986
243,0.652357718754,0.238303468962,-11.3780602702,4.45511897857,8.299999999999986
244,0.273238131362,-0.505111937843,-1.22337136103,-0.238080256065,8.299999999999986
245,0.643550135157,-1.95577166933,0.963315157463,-0.908212870568,8.299999999999986
246,0.856005412714,-0.994312597343,-1.9089639502,-0.620059064871,8.299999999999986
247,0.859241556713,-0.64667674214,-0.222442416336,-1.01465016475,8.299999999999986
248,0.995276152678,0.279332399454,-1.57436252788,-1.24036126241,8.299999999999986
249,0.365096513399,3.99791382884,0.592195711377,-0.89811762432,8.299999999999986
250,0.104185714554,3.041378521,-1.86202497305,2.9021293461,8.299999999999986
251,0.142099268307,-5.24400458706,6.39689734893,-1.20709062104,8.299999999999986
252,0.192235506061,4.71905813028,5.31031454289,5.37679103851,8.299999999999986
253,0.116019953429,-1.00816835499,-0.679544443891,-1.34023332234,8.299999999999986
254,0.393969626921,2.22201867204,-6.10503267458,2.99331085183,8.299999999999986
255,2.02817943945,-0.0292239909127,-0.591463989459,-1.48661765015,8.299999999999986
256,0.133942432428,0.0985524584837,-0.726549783388,-0.77556366832,8.299999999999986
257,0.702690277898,1.50379988575,2.70783325071,-1.76709743585,8.299999999999986
258,0.668022064063,-0.592287044388,-0.0782702920985,-1.43941295785,8.299999999999986
259,0.596314335353,1.33465602455,-0.773814068192,-1.90008565635,8.299999999999986
260,0.374226523232,0.00610619644462,-3.44316874795,-0.166499971472,8.299999999999986
261,0.362809856338,6.46806002338,-3.14174154634,-0.106951784113,8.299999999999986
262,0.175038017379,0.839917296884,-0.029202417915,-3.29962488122,8.299999999999986
263,0.105561337823,-0.193291727265,-3.78293893983,-1.13466688775,8.299999999999986
264,0.129964555707,1.51058966089,-0.282358856623,-1.79380391431,8.299999999999986
265,0.169134051485,-5.792605018,1.73076497452,-2.55091181183,8.299999999999986
266,0.266449379797,-2.52219325308,0.734164170973,6.29732086913,8.299999999999986
267,0.266701942623,0.0571996074068,1.60674440679,-0.917928948368,8.299999999999986
268,0.335916393057,4.968375499,7.59755406253,1.83181276606,8.299999999999986
269,0.320188745743,-0.174866723973,0.550916715319,-0.53567513582,8.299999999999986
270,0.750711575499,1.65908432469,-1.81190432226,6.94993320056,8.299999999999986
271,0.609335823917,0.573156088151,1.74965869512,-4.66898843386,8.299999999999986
272,0.472005481623,-0.707921295969,-1.00010438789,-1.66842550429,8.299999999999986
273,0.531902758862,-0.719801609348,-1.30529083796,-2.48306391037,8.299999999999986
274,0.171578973959,-2.27410309228,3.27353341899,0.357447157776,8.299999999999986
275,0.375947819426,2.14620850835,-0.608411708919,0.0573527446642,8.299999999999986
276,0.864063489672,-2.22552992297,1.38592107949,-0.570926714367,8.299999999999986
277,0.127717825874,-0.801674305536,-1.4202301218,-1.78544260998,8.299999999999986
278,0.218688803212,-0.762014641709,2.62002228921,-3.68932769613,8.299999999999986
279,0.111316706494,-0.787152475253,0.22890256846,-0.909303958267,8.299999999999986
280,0.788381666006,-0.148088895793,3.78040606216,-1.75842944442,8.299999999999986
281,0.701400683181,3.55219692704,5.4749146524,-0.613808625564,8.299999999999986
282,0.303548434455,0.324750864599,-2.34420016503,-1.56480795508,8.299999999999986
283,0.462822304645,3.27773610535,-0.32301819839,0.378777368122,8.299999999999986
284,0.188186304814,-0.271032814881,-2.90333859181,5.74848062321,8.299999999999986
285,0.312933512497,-1.3051178661,-0.334721321735,-0.827640734788,8.299999999999986
286,1.73394783918,-2.11161176057,-3.50877265289,-3.63386246544,8.299999999999986
287,0.165311501437,0.638673302609,-0.242072699139,-0.11417910219,8.299999999999986
288,0.119047081229,-1.46337021145,-0.374609002618,-0.744771667035,8.299999999999986
289,0.155170496272,-0.644506103214,-4.02053277574,-2.85543929897,8.299999999999986
290,0.251970167734,-5.40520787164,-4.36040914425,-0.549516392332,8.299999999999986
291,0.191309197565,0.485262648094,-0.976978729728,-1.95031397922,8.299999999999986
292,0.174331229567,-1.88404912692,-3.64125181095,0.631945845718,8.299999999999986
293,0.105999959444,-7.18472338635,-1.55253757144,3.91381444847,8.299999999999986
294,0.143813654081,0.402461904482,-0.107801892342,-1.55404118668,8.299999999999986
295,0.225646393443,-1.96083668951,-2.19893639789,-3.96750386352,8.299999999999986
296,0.106261709656,1.39616069909,-2.57068428599,-4.48495754853,8.299999999999986
297,1.0736704441,-0.807414487182,-2.62959433199,0.348404130944,8.299999999999986
298,0.208244810318,2.71331029346,-2.31450210104,-3.16037679699,8.299999999999986
299,0.121137540813,-4.22014115207,-8.87712541822,5.14077019413,8.299999999999986
300,0.275447171905,-1.97290190179,-0.20029678567,-1.07449542909,8.299999999999986
301,0.289478181895,0.0146138347782,0.33429881864,0.6009075368,8.299999999999986
302,0.496025922159,1.74385077284,-1.66440568201,4.5936209399,8.299999999999986
303,0.149758245973,-0.682314195175,0.320750312902,-2.07539497441,8.299999999999986
304,20.2564419128,-0.0774315386007,-0.851011867134,-1.66476806809,8.299999999999986
305,0.158251203205,-0.68277191071,-2.08203580035,-2.94070781578,8.299999999999986
306,0.2336899064,-1.36747196796,-0.244517581073,2.55016654368,8.299999999999986
307,0.542866625613,-0.571899434126,-4.71009168966,2.15332502308,8.299999999999986
308,0.114572437064,-6.01364953604,2.32027122293,2.88464871015,8.299999999999986
309,0.508610417141,0.898752487468,-0.619304812466,-5.79788592403,8.299999999999986
310,0.328543996301,0.832806527276,-1.77340902267,-1.75539327877,8.299999999999986
311,1.00670051773,2.69246106418,1.22921588625,2.6616908923,8.299999999999986
312,0.268115195942,6.46667817488,-0.909560946054,-6.37245664444,8.299999999999986
313,9.84673121265,-0.639622452345,-0.568797819633,-1.52761800283,8.299999999999986
314,2.30593489831,2.20132453069,2.31986326637,1.08215273655,8.299999999999986
315,0.122864242919,1.00513334732,0.0882705616849,-0.851588852586,8.299999999999986
316,0.236339209247,0.94518350599,-1.62897824504,-0.909431535826,8.299999999999986
317,0.15960548683,-1.06066146085,-0.567989555921,-2.63412909774,8.299999999999986
318,0.522106513268,1.56090823096,-0.50578470579,-2.39379496186,8.299999999999986
319,0.810846243442,-4.84209273154,1.99171041434,-0.458959753084,8.299999999999986
320,0.370351708343,6.98373474335,0.134889536416,-2.58432371016,8.299999999999986
321,0.256265845663,-1.36756302134,0.583263750621,-3.3831346848,8.299999999999986
322,0.410199542299,-0.54594142513,-3.45659520739,-2.92361633455,8.299999999999986
323,0.215313618514,-1.38119675056,-0.909186510525,-5.16486518286,8.299999999999986
324,0.181859185403,2.04125169265,0.506005164532,-0.885393079319,8.299999999999986
325,0.155833913846,-0.690389511365,3.91368223879,0.499091402131,8.299999999999986
326,0.113239763543,0.705811763359,-0.931799499652,-1.22556559908,8.299999999999986
327,0.474409450895,-3.29331289789,-7.42573996344,-0.900823553172,8.299999999999986
328,3.41364228495,0.045563193189,-0.506117381741,-1.01525774753,8.299999999999986
329,0.12984999536,7.39841968777,0.645059247471,-2.56948965485,8.299999999999986
330,0.159867834412,-3.76938139068,-5.01424817643,-2.41696277934,8.299999999999986
331,0.422403382339,2.30853084772,-2.11506130083,-0.722569207031,8.299999999999986
332,0.120357031152,1.74840799076,-3.77818143442,-0.938833018489,8.299999999999986
333,0.499842560474,0.956566610397,2.33470567184,-2.24458333353,8.299999999999986
334,0.37757863044,-1.65077745556,-0.108495728922,-2.04414102398,8.299999999999986
335,0.342946638729,-0.144925944112,-0.929126941399,-0.808272421393,8.299999999999986
336,0.168669874214,0.278874878125,-1.3588111709,-0.102917946105,8.299999999999986
337,0.102102873226,1.13158831774,-0.898515286829,-2.04525155901,8.299999999999986
338,0.100106283085,-0.370714485723,-2.3569338494,-1.80993922819,8.299999999999986
339,0.43922767989,-0.978652954731,-1.52953099297,-1.74329703545,8.299999999999986
340,0.127736349444,-0.483871420388,-1.50165020133,-2.47839733354,8.299999999999986
341,0.361524115145,-1.02750660668,-3.553021189,3.10869455752,8.299999999999986
342,0.510913824112,3.87300996894,0.675097747228,4.62976136126,8.299999999999986
343,0.446316883815,-1.92265858512,-2.87326930375,-2.63141963247,8.299999999999986
344,0.738779126444,-0.704209086137,-0.329938194103,-0.36046596143,8.299999999999986
345,0.105378278727,-0.793554990478,0.095671087815,-1.50502644026,8.299999999999986
346,0.942973746982,-1.17924498535,-1.20620513123,-1.2465264156,8.299999999999986
347,0.206730840636,-1.20719339325,-0.510168049129,2.01944363845,8.299999999999986
348,0.310461365153,1.28927587536,-2.59452002097,-1.64250315982,8.299999999999986
349,0.192373336872,-0.524360963273,-0.316941356939,-0.758379983685,8.299999999999986
350,0.191771527318,0.731935232816,-0.764933307849,-1.50886292863,8.299999999999986
351,0.136961371164,-1.07644617509,4.95575164287,-6.19217871672,8.299999999999986
352,10.7532884238,0.470434329824,-0.468240114387,-1.25536196071,8.299999999999986
353,0.29305823395,-0.0403847315063,-1.18537846473,-1.45873166787,8.299999999999986
354,0.535656770876,-0.522590072384,-3.98671045481,-4.90192113344,8.299999999999986
355,0.718800818052,-0.963666309587,-1.16564716911,-1.63765693166,8.299999999999986
356,0.135878645326,-1.66470338423,0.977349942502,0.0682007931819,8.299999999999986
357,0.261687549395,-0.038145380283,0.227037633053,-2.16680038953,8.299999999999986
358,0.176010130201,-1.56537050455,-1.36132944428,1.35210648831,8.299999999999986
359,1.3990065657,-0.58920198414,-0.883818592239,-1.52827452798,8.299999999999986
360,0.366235073834,-4.8054929974,-5.05791597396,2.35429393376,8.299999999999986
361,0.10151924093,0.25778754169,1.82898538033,-4.93263270397,8.299999999999986
362,0.198447683551,-15.5140800458,-2.321705217,-2.74307039684,8.299999999999986
363,0.437726081062,1.40764790966,-0.694768766881,-1.7375116995,8.299999999999986
364,0.103350429454,-0.157599989571,-0.140564863021,-0.914810978946,8.299999999999986
365,0.338230280753,-1.21799407772,0.737866121615,-0.848312778906,8.299999999999986
366,1.29952217057,-0.757308605339,-1.92107315937,-2.19974075582,8.299999999999986
367,0.258686603658,-0.57299500622,1.10166085328,-1.565074803,8.299999999999986
368,0.326566596866,0.0132514126391,-0.773340872232,-1.44138797132,8.299999999999986
369,0.13734927633,3.21201167626,1.37230167256,-0.969023407002,8.299999999999986
370,1.5077177085,0.218503079828,-4.81599941517,-0.444635006906,8.299999999999986
371,1.28578516747,0.900889741508,-1.18313974385,-1.52556980771,8.299999999999986
372,2.88134027061,-4.12077527922,-1.30424270004,-4.7939229815,8.299999999999986
373,0.177179352707,4.53809413832,-3.28950789388,-1.77870860759,8.299999999999986
374,0.350890106634,-0.674100417821,-1.5884154063,-2.18372184079,8.299999999999986
375,0.383178597096,-0.047859284078,-1.38537133843,-0.487052061577,8.299999999999986
376,0.428174431757,-0.278168895571,-1.80874051593,-1.23267250738,8.299999999999986
377,0.169291134456,-0.629627500045,0.205396700247,-1.4391647665,8.299999999999986
378,0.357232378832,-0.124257272235,-0.793445637127,-1.39740886835,8.299999999999986
379,0.102615438886,-1.23642545966,-3.98130727413,-2.30032839316,8.299999999999986
380,0.10400108617,-1.10001542591,-0.845906365956,-1.40453531181,8.299999999999986
381,0.200974562808,-2.33018529005,1.87852566691,-1.32916598833,8.299999999999986
382,0.266747720722,3.46857644319,0.517185738063,-0.551723179474,8.299999999999986
383,0.807241324981,-2.21141379204,1.05170944064,3.00975520681,8.299999999999986
384,0.118428041579,4.62937605168,-0.0441743224457,-3.89812591006,8.299999999999986
385,0.19354128899,-2.37140282497,0.106308175291,-0.871624432264,8.299999999999986
386,0.173110059069,1.56154271105,-0.923560644752,-1.75857390887,8.299999999999986
387,0.13367501615,0.262330990221,0.701621364409,-3.82181187095,8.299999999999986
388,0.130297684098,-0.03881564171,-0.897653673101,-1.38260132112,8.299999999999986
389,0.281403870062,-2.34604425045,6.59771528289,0.594889489489,8.299999999999986
390,0.219392828111,5.41970004485,4.5240621825,-2.05229503865,8.299999999999986
391,1.37684020185,-0.939474716646,-0.909840106774,-2.11944100251,8.299999999999986
392,0.180124777183,-0.696397071951,-1.27057854251,0.134314213127,8.299999999999986
393,0.104178107482,-0.982711679355,-0.0770930246007,-1.45886559131,8.299999999999986
394,0.110612789528,-1.00230662753,-1.76480489705,-2.04882679851,8.299999999999986
395,10.8250843279,0.519841306654,0.309101983739,-1.42306632404,8.299999999999986
396,0.141207867409,-3.98631301574,-5.85184637199,-2.68083301596,8.299999999999986
397,0.220632603393,-0.942228454122,0.078674708485,-2.78526288615,8.299999999999986
398,0.28989384429,0.713143931962,0.389733947695,-2.31449199199,8.299999999999986
399,0.198595220042,-2.30773217461,-2.43669676315,-0.407183410428,8.299999999999986
400,0.637506723315,1.12236009504,0.989727517769,-1.60967027439,8.299999999999986
401,0.479133985591,0.786252898944,-0.3809664039,-0.636316808384,8.299999999999986
402,1.35698392503,-3.48517026781,2.765977531,-0.728284783326,8.299999999999986
403,0.145495842098,-1.3647147019,3.49151996555,-3.58981615336,8.299999999999986
404,0.423556630193,3.32661633933,2.54642726173,-4.52231691114,8.299999999999986
405,1.17133809531,-7.7817744548,-2.36474088507,-1.13421643139,8.299999999999986
406,0.183448339248,-1.02156761241,-0.714977514459,-0.0414817741922,8.299999999999986
407,0.104663971003,0.0942408057924,-2.04186618599,-4.45859930024,8.299999999999986
408,0.357189562906,-0.11411160814,-0.717939479649,-2.07657006756,8.299999999999986
409,0.127345588718,-2.01991314603,-1.17951571511,-1.91249796575,8.299999999999986
410,0.515465914639,3.11994563434,-0.413947827168,-3.49854239486,8.299999999999986
411,1.04820451255,0.651095406858,-1.21441649885,0.37564554915,8.299999999999986
412,0.101436402178,-0.548206092737,-0.348163934697,-1.41182124543,8.299999999999986
413,1.06260522089,-2.14697794738,-4.45692973818,2.02766913855,8.299999999999986
414,0.11699961103,8.33553789878,-4.60725419095,-5.92061263494,8.299999999999986
415,0.403316705358,-0.29542689827,-1.91528783661,-1.43923187786,8.299999999999986
416,2.17900462746,9.45549089214,3.2109321299,0.689588219947,8.299999999999986
417,0.154131067213,-1.64336763621,0.281090493149,-1.35983442314,8.299999999999986
418,0.204789018831,-2.36076766691,-1.2767209211,1.66797904597,8.299999999999986
419,0.125049723622,-0.738471658195,-1.06482510728,-1.21566809239,8.299999999999986
420,0.338409100162,-0.0329053572507,-0.268912622564,-0.284965906836,8.299999999999986
421,0.259024702532,-2.58774215325,1.4553852792,-1.12998489908,8.299999999999986
422,0.490875864305,2.74898503896,-0.622988377012,-0.209041676327,8.299999999999986
423,0.273373477322,0.520542544224,0.308248722739,-1.40602913047,8.299999999999986
424,0.228499277852,1.08655634838,1.12410135433,-2.19615947343,8.299999999999986
425,0.206326207633,-3.12087411919,-3.83316897911,1.118714818,8.299999999999986
426,1.44433986861,-1.78396092774,-1.75685544988,0.788312453125,8.299999999999986
427,0.222828488369,-0.91592372258,-2.74359368792,-1.8285862614,8.299999999999986
428,0.146952520182,-0.375130961752,-2.66662240128,2.55467970555,8.299999999999986
429,0.917224786534,0.215111239308,-4.41164746945,0.206329007346,8.299999999999986
430,4.23890101737,1.63380313851,1.24084380306,-1.16287726792,8.299999999999986
431,0.111727286279,5.07855538943,-6.23878943499,0.415665461247,8.299999999999986
432,0.147479343066,-3.41815591526,-3.27943546988,-3.16683347228,8.299999999999986
433,0.13357662057,-0.316306739312,-3.37848189373,-2.08233250347,8.299999999999986
434,1.00995677827,-0.35356780775,-1.25188221644,-1.60348818829,8.299999999999986
435,0.119353117286,-1.25182571188,-0.894745082277,-2.68099664901,8.299999999999986
436,0.116139000168,0.827001773752,-3.38310879527,-0.697976111813,8.299999999999986
437,0.100635791026,-5.19243493702,3.28006654204,-2.83375157677,8.299999999999986
438,0.810409236622,-0.640715590469,-0.392505791207,-1.78242217388,8.299999999999986
439,0.140176112764,0.927289315229,1.13446527331,-2.438779736,8.299999999999986
440,0.120602529857,-4.15218454992,4.75350287063,0.957265636467,8.299999999999986
441,0.510320883804,-1.23172689144,-2.2126883966,-1.91303441649,8.299999999999986
442,0.111849407976,-4.11420404506,-8.44463404943,2.98685159272,8.299999999999986
443,0.100626728848,2.13114941242,-0.260677339545,-0.0759261313907,8.299999999999986
444,0.31931774411,-0.591503812462,-1.0630518344,-1.72826281566,8.299999999999986
445,0.461469274429,-0.0117791192459,2.71983063905,0.690023788856,8.299999999999986
446,0.748211642982,1.00007477113,0.269478429074,-1.0056691547,8.299999999999986
447,0.112149477561,2.07721149719,-0.52105866131,-2.05503904956,8.299999999999986
448,0.117422824379,-0.272065313604,-2.97823030843,3.62538138236,8.299999999999986
449,0.146285605821,0.558795384856,-0.988367164211,-0.680721094774,8.299999999999986
450,0.605158935055,2.66722086331,1.494224164,-2.88464713007,8.299999999999986
451,0.326620770396,1.35117660759,-2.9966541564,-4.14875567698,8.299999999999986
452,0.143939052175,-0.588763889492,-0.577197534887,-4.31899044593,8.299999999999986
453,1.97456967507,-2.14003583966,3.01583656651,-5.39729246706,8.299999999999986
454,0.101032409386,1.97901816904,-0.791629374947,-3.35583620294,8.299999999999986
455,0.268959023745,0.23812219419,-4.80414030236,-0.492467438723,8.299999999999986
456,0.265987551187,-0.816441886831,-1.06618230922,-1.72059854329,8.299999999999986
457,0.109782827461,-0.107159774841,-2.01654192447,-2.95089517904,8.299999999999986
458,0.20975172613,-0.889009307503,-0.0101696189407,-0.0967809994094,8.299999999999986
459,0.330515202918,-4.31853354366,-3.68963751783,1.63227838166,8.299999999999986
460,0.246949368255,-0.760940634758,-8.4555281561,2.06055846805,8.299999999999986
461,0.80501387042,1.62792365426,-2.32750018794,0.876544538441,8.299999999999986
462,0.21385757178,0.980985154776,0.567136497113,-0.818255709878,8.299999999999986
463,0.23549757027,-3.99742831815,-4.62414490502,4.37520671965,8.299999999999986
464,0.137002508674,0.791988771603,0.40407624678,-3.63079491151,8.299999999999986
465,0.268534967132,-2.21295415747,-5.49828410639,-5.48356269709,8.299999999999986
466,0.197405867099,-0.729608621888,-0.268812533876,-2.75339686493,8.299999999999986
467,0.126807816337,-6.70124587216,-1.23104172483,-2.47477743984,8.299999999999986
468,0.101391727932,-1.0758280199,-3.45043522792,0.0658397705294,8.299999999999986
469,0.497954283238,-0.227265801784,-2.85395289677,-0.237704838072,8.299999999999986
470,1.17053425425,-0.928831313747,-2.06546061367,-2.45379409329,8.299999999999986
471,0.329314113716,-0.895404178674,-0.846947082034,-1.75104801392,8.299999999999986
472,1.01584274867,2.07034175414,0.734248167433,-0.310691892933,8.299999999999986
473,0.317243500806,-0.342625937265,-1.31240844637,-2.1303898387,8.299999999999986
474,0.379056750377,-1.84005655498,-0.725153337985,-0.983806597897,8.299999999999986
475,3.70786284673,0.275602796357,-0.372683274217,-1.47375133749,8.299999999999986
476,1.67605628919,-1.90653404512,-5.19940600051,-1.41463766574,8.299999999999986
477,0.277294522184,-4.98733691819,-0.988513329163,5.33317823649,8.299999999999986
478,0.758589283915,-1.01951439412,-1.3738705748,8.00269459211,8.299999999999986
479,2.12746699711,-0.491655482512,2.44964875587,-1.21441981628,8.299999999999986
480,0.916826835482,2.41574350157,2.46596753645,3.2189019293,8.299999999999986
481,0.437234951304,-1.23511864913,-2.25302969676,-0.609893628959,8.299999999999986
482,0.99667628332,2.00711461986,-1.84813312542,4.16738823509,8.299999999999986
483,0.140763589432,1.96375988618,3.14921309023,-12.9796556603,8.299999999999986
484,0.653425067691,2.80928534212,-5.92567111805,-1.87896115507,8.299999999999986
485,4.84312185361,0.756677820439,-1.04076332668,-1.87170497543,8.299999999999986
486,0.834419484644,-0.121558933198,-1.42035071314,-0.958055680129,8.299999999999986
487,0.317505951773,0.924264804863,-1.40530893608,-2.43187125056,8.299999999999986
488,0.333118655105,-0.649542776069,-0.78046641182,-1.12563789613,8.299999999999986
489,0.13741496532,-1.78864059704,-0.96594648271,-4.75272162077,8.299999999999986
490,1.06589186491,0.250784635942,-0.604347681277,-1.29483113771,8.299999999999986
491,0.339476052226,3.36676441877,-0.622755219277,-3.63549303468,8.299999999999986
492,0.157465178254,-0.0687345906283,-3.34974587877,-2.86746282428,8.299999999999986
493,0.116010688902,-0.072353473879,-1.03440063667,-2.48303558185,8.299999999999986
494,0.277818125762,-0.582395120956,-2.02215620435,-1.14535023756,8.299999999999986
495,0.705949146208,-1.33132473363,-0.565854273916,-1.17667208268,8.299999999999986
496,0.117969469364,-3.88753268756,1.86273676129,2.43450124548,8.299999999999986
497,0.11103040042,-1.69889603365,0.512950416869,-0.413718779442,8.299999999999986
498,0.131062114753,-2.62308709124,3.11017615651,5.97835482443,8.299999999999986
499,0.775443526823,-1.20862060798,-0.329494444793,-1.37560851333,8.299999999999986
500,0.145832728802,-10.3516027173,5.4489299751,-3.36529290744,8.299999999999986
501,0.397739635813,3.67148843724,0.609090705207,-1.58455483862,8.299999999999986
502,0.860386728832,0.486180301355,-2.04195712475,-3.47411170227,8.299999999999986
503,0.278010381537,-0.43023051823,-3.10281274836,-0.736607039551,8.299999999999986
504,0.334312315075,0.358389246441,-2.22544072285,-0.657026438426,8.299999999999986
505,0.18101551271,0.924970104785,-2.66050392582,-1.42332589426,8.299999999999986
506,0.586446529527,0.527393077119,-1.84077921407,-3.49187210064,8.299999999999986
507,0.670269104672,2.30291943207,-1.45722714113,-1.53532644215,8.299999999999986
508,0.359321548612,0.480965580583,-0.426855440454,-0.876310229078,8.299999999999986
509,0.55972487311,0.987250128118,-6.13378993231,-0.566480007757,8.299999999999986
510,1.03700048293,1.91368932488,-2.71094336936,-0.844204074133,8.299999999999986
511,3.00048454098,-11.3086098523,-18.4760718201,-16.8084864518,8.299999999999986
512,0.629435843287,4.57860026787,0.832127638527,-0.00114746258197,8.299999999999986
513,0.386702819555,0.755323258753,-4.63580973136,-0.374328898876,8.299999999999986
514,0.401951580788,-5.57010693719,2.77655167588,0.979008797117,8.299999999999986
515,1.97098937808,1.1852527379,-1.44356203249,-3.84656875726,8.299999999999986
516,0.226198484712,-0.712902029266,-1.31446918572,-2.67060609008,8.299999999999986
517,0.155943860219,-1.99925673988,-2.71646889154,-3.01031691594,8.299999999999986
518,0.201245197031,3.6093023834,0.105872897044,-2.84759562297,8.299999999999986
519,0.216776234562,-1.4401991547,1.18205494584,-6.12704938971,8.299999999999986
520,0.1418081985,1.69834662018,-1.38729580029,-2.07893836553,8.299999999999986
521,0.132440633136,-0.649017635217,-0.156743874585,-1.10275449177,8.299999999999986
522,0.154650637278,2.86878734689,-4.07326698414,-2.05529025798,8.299999999999986
523,0.194923848975,-0.306615659076,-0.322135759989,-1.40436522911,8.299999999999986
524,1.18453657723,4.17593942047,-1.50543080167,-3.05643694099,8.299999999999986
525,0.217336859271,-0.892796465905,-2.77687104797,-5.83630656704,8.299999999999986
526,0.622696149961,-2.14014539688,-4.94823332883,5.30525127414,8.299999999999986
527,0.113669393955,0.021102003409,-1.97955568122,-0.754422925836,8.299999999999986
528,0.391451411855,0.81703682681,-0.86176385989,-0.051677177155,8.299999999999986
529,0.187077667302,4.52589670725,-2.26567317318,-2.59053456676,8.299999999999986
530,3.95055939125,-0.374005063904,-1.15185822659,-0.421045069676,8.299999999999986
531,0.498974154837,1.10637851699,10.9523746344,1.51794366939,8.299999999999986
532,0.574645687243,1.07613715002,0.459565580137,-8.92001753105,8.299999999999986
533,0.185118352723,-3.09298352523,-3.78108151025,-2.44464256199,8.299999999999986
534,0.796344962912,0.393948588014,-4.22302349354,-0.511751802058,8.299999999999986
535,0.109867842043,-0.928694129945,-2.05747154193,-3.18619438251,8.299999999999986
536,1.16828832721,-0.859788926954,-3.33282648559,-1.97255865403,8.299999999999986
537,0.192735474973,-0.0205499418604,1.86640970027,-1.94618840125,8.299999999999986
538,0.312968698416,-1.39723102208,-0.20670676289,-1.9725508498,8.299999999999986
539,0.110186459852,-1.14026750443,1.30095905129,-1.37845049539,8.299999999999986
540,7.47032101949,-0.168650835879,-1.09954377785,-1.50992013484,8.299999999999986
541,0.975309104553,0.924685852496,-0.536572821128,-0.588900070599,8.299999999999986
542,0.652643246116,-0.489949315933,-1.10680517058,-0.719375609615,8.299999999999986
543,0.302438658349,-0.381541301202,-1.33460678723,-1.65143124157,8.299999999999986
544,1.39783275773,0.0384609523386,0.257489256078,-1.03149302384,8.299999999999986
545,0.142522767079,1.82332705313,1.37672641682,-1.681186738,8.299999999999986
546,0.212058879225,0.118769431856,-0.463345963622,-1.27615896762,8.299999999999986
547,0.200180324999,-5.20547329401,-3.21577092089,-7.84391679275,8.299999999999986
548,2.81883654167,-0.376587112969,-0.844355548914,-1.52069889322,8.299999999999986
549,0.168305731668,-1.27768324033,-1.40804426702,-2.02685145546,8.299999999999986
550,0.372211387302,-0.844507347143,0.577894329681,-2.30435175409,8.299999999999986
551,0.404005741871,-1.45725058968,-3.4842004609,-2.9997503397,8.299999999999986
552,0.414747848288,-1.05108205336,-0.591679364026,-1.53315743769,8.299999999999986
553,0.235788010213,0.258720399476,-0.886260147947,-1.01145307376,8.299999999999986
554,0.75020173263,-1.25670802305,-2.25664534586,-1.10156735059,8.299999999999986
555,1.66549729795,-0.527255841101,1.82471008231,-2.24044978065,8.299999999999986
556,0.461108854304,-3.15151690052,-2.23924906416,-0.637653440431,8.299999999999986
557,0.12378799179,-2.54906483459,-3.06330244386,-1.89246725854,8.299999999999986
558,1.36266168542,-1.81106368077,-3.37376986849,0.621146477304,8.299999999999986
559,0.596818936182,-0.829699053698,-1.9058288677,-3.29856560096,8.299999999999986
560,0.134924055986,-4.55192611356,0.0861599573273,-0.512049934083,8.299999999999986
561,0.176803206415,-1.89871788952,1.45220684731,-2.58338796855,8.299999999999986
562,0.138050294503,0.330224214899,0.185357492724,-0.0447387925481,8.299999999999986
563,0.153968083606,-0.65723934651,-0.208652187365,-1.10096941339,8.299999999999986
564,0.674428237039,0.0876378209288,-0.987103513082,-1.6638619516,8.299999999999986
565,2.62111567794,-0.879105752144,1.55500106824,1.24026619513,8.299999999999986
566,0.320309155019,-0.153937254564,-1.38380886913,1.42029865224,8.299999999999986
567,0.161025546823,-2.13983727192,-0.115127304043,-1.15537451178,8.299999999999986
568,1.12615540351,-1.69907583472,-3.14856998294,-3.07810504786,8.299999999999986
569,0.266128223121,-1.03454759719,-1.34253771098,-3.6087623079,8.299999999999986
570,0.193073400912,0.720733247378,-0.193839455951,-0.24477658564,8.299999999999986
571,0.237708388872,0.321679998733,2.44244443396,0.274391145967,8.299999999999986
572,0.587526126915,-1.82123103662,-0.769665513042,-0.918481792535,8.299999999999986
573,0.155301951158,1.28441740555,-1.61828191972,-1.14578071632,8.299999999999986
574,0.225876586746,2.60482099868,1.25441837717,0.832028321035,8.299999999999986
575,0.154324513986,-0.205872429945,-1.84680110802,-1.30963266004,8.299999999999986
576,0.153384101678,-1.15368769999,-1.66604556652,-1.95194970585,8.299999999999986
577,0.284385255868,-4.76812687435,-9.10263446755,3.93017704593,8.299999999999986
578,0.127992708064,2.5657729924,-0.0144191614935,-1.66821322813,8.299999999999986
579,1.93300497709,-1.33779382474,-1.04833017394,-1.03395864889,8.299999999999986
580,0.727298129016,2.7099186847,-0.207650103786,-4.05917287012,8.299999999999986
581,1.54288146739,-1.18954467321,0.852588944928,-2.0368583605,8.299999999999986
582,0.339426535148,3.33306606126,-0.904442448349,-1.28428910507,8.299999999999986
583,0.165637298995,0.157037900049,-1.69121065278,-2.49232673311,8.299999999999986
584,0.623802098414,-0.662652802177,-2.410305962,-2.59568444312,8.299999999999986
585,0.22418824647,3.09958647587,-0.432796873972,4.3880260449,8.299999999999986
586,0.111315674716,2.13807855101,-1.45337452668,-0.348769776111,8.299999999999986
587,0.233562809043,-0.863024155536,-4.61670252327,1.61309537079,8.299999999999986
588,0.453640579419,-1.07476059569,-1.2641151659,-1.83648433223,8.299999999999986
589,1.12123209707,-0.765722733966,-3.77594009723,-3.79219604133,8.299999999999986
590,0.228246797775,3.84374666439,-2.279005296,-3.68079059965,8.299999999999986
591,0.113030268505,-1.18742347853,-0.538505161107,-0.517981174044,8.299999999999986
592,0.71882470542,-1.86914702133,-2.86771189808,-3.19006472024,8.299999999999986
593,0.144816162298,6.725126512,0.192295429671,-1.33471807114,8.299999999999986
594,0.18519077039,-3.94537366026,15.0079303805,-5.1590152242,8.299999999999986
595,0.183024108959,-0.129538139122,-0.234701236523,-1.40265093047,8.299999999999986
596,0.276341316123,2.97437877808,2.4930286088,-3.99753767111,8.299999999999986
597,0.489864909396,-0.631668810073,-1.86825753248,-1.29751627462,8.299999999999986
598,0.316394042581,1.13379650299,-0.43492309011,-2.07552899363,8.299999999999986
599,1.09181260462,-0.405095892648,-0.706880920976,-2.05439975818,8.299999999999986
600,0.189471734452,-5.84317470902,-5.34324309063,-1.78689960035,8.299999999999986
601,0.148737123262,0.435941889027,-1.64901768657,-2.07374225773,8.299999999999986
602,0.173170280248,-0.882916044606,4.52708631054,-5.37166473331,8.299999999999986
603,0.541235334812,3.31016600744,2.94860109251,-4.70422531231,8.299999999999986
604,0.239706172351,6.62474398274,1.42560863987,0.875424175014,8.299999999999986
605,0.387602381464,2.04036893856,-1.50582362179,-2.53390080303,8.299999999999986
606,0.106401650785,-0.746441874872,-0.0961646382484,0.275250988491,8.299999999999986
607,0.115657705618,-0.511163877728,-3.40641409991,-3.76357026904,8.299999999999986
608,0.391019027937,-1.66870995707,-0.772563093876,-1.84091261951,8.299999999999986
609,0.268444173799,-1.11428572727,-1.94652493984,-1.00380128378,8.299999999999986
610,0.669213408146,2.67547880982,-3.63805856464,-2.40672188789,8.299999999999986
611,0.441779818012,-3.24313632426,-2.53192324482,-7.36433764463,8.299999999999986
612,0.528836563323,-0.56527445623,-2.64767684955,-0.762483036829,8.299999999999986
613,3.11795552245,0.558929222549,-2.52341978426,1.94365523387,8.299999999999986
614,1.69270777926,-1.10616369617,-0.210086701555,-1.5463092699,8.299999999999986
615,0.153524327148,-0.629441917594,0.258629935661,1.27043011715,8.299999999999986
616,0.741628296408,-1.2440021866,1.96886132015,0.116041260788,8.299999999999986
617,0.927199833329,-0.940443523969,1.66317167289,-3.8223424523,8.299999999999986
618,0.18916472842,-1.32811640948,-6.49099016939,-10.5722787427,8.299999999999986
619,0.53786375477,-0.940781352099,-1.66312483397,-1.66073921975,8.299999999999986
620,0.65308257464,-3.22039719756,-2.16871435126,-0.840465052401,8.299999999999986
621,0.121070026556,0.518334560686,-1.08163604198,-0.50462923756,8.299999999999986
622,1.28965806288,-2.77306403219,-1.38037869945,2.7428483011,8.299999999999986
623,0.183058760915,0.696171454212,-0.871522929891,-0.245740579466,8.299999999999986
624,0.126013000881,0.811843132034,-0.0833639858457,-2.18419084637,8.299999999999986
625,0.305866883546,1.4768708406,1.55676183726,-2.5986965405,8.299999999999986
626,2.08375027506,-1.44017510721,-3.34763442756,-3.5155451204,8.299999999999986
627,0.700477199236,0.0593906964439,-0.903724467945,-1.02303558889,8.299999999999986
628,1.9232781192,2.8918690467,-0.294820267005,-2.7549479478,8.299999999999986
629,0.206823203991,0.405517195396,-1.66972521156,-0.332727356064,8.299999999999986
630,0.124151947728,0.064887781823,-0.680745097871,-1.24710603536,8.299999999999986
631,0.789806282972,-2.18475250739,6.28957382018,-5.11152294468,8.299999999999986
632,0.324555922389,-0.0660009327672,0.514990358161,-3.38219227623,8.299999999999986
633,0.13902884872,0.18337894687,0.339865941764,-1.49940367805,8.299999999999986
634,0.61615546065,-0.797796634182,0.679793011686,-2.48316918288,8.299999999999986
635,0.235840568161,-0.848703871066,-0.526968138246,-1.38511581871,8.299999999999986
636,0.521322316662,3.7227015547,-0.208661555723,8.83425396828,8.299999999999986
637,0.206060397627,-1.57910699666,-1.95040966042,-3.99875602307,8.299999999999986
638,0.381024622507,-5.98392358777,-6.21686226607,4.65420679552,8.299999999999986
639,0.212040237827,3.17879051415,-1.58131068927,-2.78420761637,8.299999999999986
640,0.260363195209,3.59381393387,2.90048068664,2.7657519021,8.299999999999986
641,0.167723371655,-5.08018208017,-1.2315874408,-3.45178595071,8.299999999999986
642,0.478703025133,-0.54900794606,-1.32769953388,-1.8155993431,8.299999999999986
643,0.284870897425,1.46229295993,-1.09822483592,-0.553917227627,8.299999999999986
644,0.160209215511,-1.50325665811,-3.32398386615,2.79250401909,8.299999999999986
645,1.28067678142,0.615819128525,0.450805673439,-0.192650177577,8.299999999999986
646,0.27671289089,-0.82898164542,-0.15390066053,-1.83651213053,8.299999999999986
647,0.905928955227,-0.232062217868,-0.465533617343,-1.05611545043,8.299999999999986
648,0.241462341456,1.45425629655,-4.82443342417,0.950400349829,8.299999999999986
649,0.260676372762,-2.9426533047,-7.35081160844,1.34961763479,8.299999999999986
650,0.677827555845,7.99432765946,-1.17755344292,-3.28725807002,8.299999999999986
651,0.112965439191,4.33439285105,0.579769327441,-4.18966871535,8.299999999999986
652,0.160762313038,1.85705261499,-5.94550352743,3.9570630576,8.299999999999986
653,1.04304533242,0.86357783992,-2.62628624318,-1.32767676478,8.299999999999986
654,0.19166762756,0.840820937458,-1.51249652396,-0.583120198591,8.299999999999986
655,0.479604046824,-1.79420082674,-4.17156566192,-1.53901736665,8.299999999999986
656,0.413472013543,-1.16921745478,0.143348542137,-1.73027845616,8.299999999999986
657,0.472794082332,2.66496070044,-2.32142263772,-1.8309110974,8.299999999999986
658,0.136426518603,2.31649481116,0.887914221236,-2.40131017441,8.299999999999986
659,0.307638427731,-1.33912146235,2.25919538964,-1.01409900132,8.299999999999986
660,0.163619874776,-1.13334766853,-0.705453999779,-1.73389289378,8.299999999999986
661,0.106850266404,-1.13545707979,-0.542064883006,-0.114944644823,8.299999999999986
662,0.162738735773,5.72086911051,0.773424806261,-0.420926923458,8.299999999999986
663,0.459156518883,-1.33443887912,-2.02658164502,-2.71481844561,8.299999999999986
664,0.520538697988,-0.389755178799,-2.5128586281,0.303944331849,8.299999999999986
665,0.357981753726,0.783304815031,-1.44681230612,-3.57235256526,8.299999999999986
666,0.167077349117,-2.73601655281,-0.827947281717,1.144170836,8.299999999999986
667,0.666890348897,0.223072391016,0.46744366304,-1.45782587143,8.299999999999986
668,0.102939448806,0.760478367182,-0.918305875125,-1.2458494443,8.299999999999986
669,0.234869218303,-0.471355677338,-1.15984251193,-0.76275097654,8.299999999999986
670,0.419070560591,-0.695081527793,-1.77945570628,-1.7389367381,8.299999999999986
671,0.368016397759,0.667215694661,-2.03586971616,-2.72163673133,8.299999999999986
672,0.261565209591,0.956367922961,1.80303862729,-1.33006459246,8.299999999999986
673,0.134113168115,-8.38290431436,-5.54804412386,9.65590131395,8.299999999999986
674,0.51709572487,-1.01805100229,-1.52066544302,-1.73034453148,8.299999999999986
675,0.708822757316,0.892736421094,-0.841506037548,-1.21959900824,8.299999999999986
676,0.186618230289,-0.308979515591,-0.368466952881,0.257863095653,8.299999999999986
677,1.73885803618,-0.623976007414,-3.17124989352,-2.7569309952,8.299999999999986
678,0.159167511792,-2.32719454799,0.543830223624,-7.26049401232,8.299999999999986
679,0.406381555012,-0.14317760175,-0.554518134889,-1.36364528098,8.299999999999986
680,0.303674563238,-1.68922655195,-0.405017893366,-2.58746756223,8.299999999999986
681,0.416035746112,0.56286728485,-0.955317606279,-0.523591355618,8.299999999999986
682,0.179335161008,7.30533104346,9.60733499241,-2.8774609206,8.299999999999986
683,0.496190307405,1.47997740565,-0.943174181494,1.5743169852,8.299999999999986
684,0.256403126863,-1.63817609531,1.39085390599,2.14924954939,8.299999999999986
685,0.414390794669,-0.232129569328,-0.138040157525,-1.42030761075,8.299999999999986
686,0.192160638335,0.966132418189,-2.02266950886,-1.83571932811,8.299999999999986
687,0.103932513509,-2.0146751906,-0.333163423192,0.598483105214,8.299999999999986
688,0.1225275452,-0.806616163858,1.0040982141,-2.15138731483,8.299999999999986
689,0.118372706851,-5.62850690321,1.675324425,-0.225135031083,8.299999999999986
690,0.316019390532,-0.706291059566,-0.703196450096,-2.4747367361,8.299999999999986
691,0.664867799511,-1.63917983381,-2.93076161812,-4.9789358872,8.299999999999986
692,0.42142177035,-1.52155691558,-0.739032702971,-0.224436243736,8.299999999999986
693,1.74869252967,-2.57162037213,-1.35401601984,-7.11630655887,8.299999999999986
694,0.252783510499,1.4646517165,-0.198004618531,-0.263474553969,8.299999999999986
695,0.118664633047,-2.03455096756,-1.2734547145,2.71774039676,8.299999999999986
696,0.211102366272,4.212809508,-1.01390522137,0.0252924043603,8.299999999999986
697,0.129844187242,-0.772417924646,0.232218610739,3.98984860858,8.299999999999986
698,0.155549779606,5.04898895771,-0.407700011187,-4.39059025623,8.299999999999986
699,0.427556688254,0.195862831218,-0.309848622023,-1.03622356356,8.299999999999986
700,0.812386955872,-2.12463931926,-0.219904448625,-3.08493720867,8.299999999999986
701,0.114298053636,-0.807107840639,1.20210488132,-0.985545691536,8.299999999999986
702,1.89271329229,1.49934320407,-0.255380891219,0.926429648691,8.299999999999986
703,0.886256696157,1.30342716049,0.0606345485881,-1.74966389696,8.299999999999986
704,0.694040287126,0.390118605814,-1.37777309596,-1.49319933134,8.299999999999986
705,1.49987183889,-6.61393471422,-2.15136575842,0.0611006098018,8.299999999999986
706,0.140776691313,-0.175352449395,5.38252364365,-5.77724323368,8.299999999999986
707,0.31607942876,-0.446634791485,-0.261810118071,-1.1854564333,8.299999999999986
708,0.508885266854,4.38084595409,-1.4269621546,-2.98056154377,8.299999999999986
709,2.25412595607,2.89873732205,1.15145130261,-0.486161976374,8.299999999999986
710,0.570851101478,2.45972493475,-2.60566524916,4.41753203246,8.299999999999986
711,0.27314185142,0.751862283587,-1.85289993906,-2.85189613371,8.299999999999986
712,0.292362362138,1.95629524461,-4.09998678515,-3.87350787399,8.299999999999986
713,0.3041785713,0.161938551061,-0.353673216142,-2.84442695727,8.299999999999986
714,0.682194232844,3.08934292449,2.88244723854,-1.11261528965,8.299999999999986
715,0.200782632689,1.2231923702,-5.56087517413,-7.6866496224,8.299999999999986
716,0.224133883671,-0.701321629055,-1.6431960123,-2.26086998867,8.299999999999986
717,0.202572798307,-0.235678431356,-2.01669005482,-1.86024474639,8.299999999999986
718,0.16701876069,-1.3470104227,6.25565666828,4.6025545131,8.299999999999986
719,0.138642118018,-0.650793561199,0.58102104324,1.65879455607,8.299999999999986
720,0.208713034105,3.63482297068,-6.46708380538,0.577992105686,8.299999999999986
721,0.147026197358,-1.14423208667,1.86620254878,-0.451438688228,8.299999999999986
722,0.11802810857,0.837985435739,-2.48036819345,-4.04345813992,8.299999999999986
723,2.20891403167,-0.215700354948,-0.185330086664,-1.50305744343,8.299999999999986
724,0.118394053605,-1.8366369035,1.52925615295,3.23779557959,8.299999999999986
725,0.100208755225,-1.87658692887,-5.38121623836,1.15783083797,8.299999999999986
726,0.877622372134,0.696443139874,-6.2565473315,-2.73376146203,8.299999999999986
727,0.370162660746,-1.25518087073,-4.16762010313,0.0403653961547,8.299999999999986
728,0.570622426875,-0.209291946101,-2.7860930398,-3.27539629938,8.299999999999986
729,0.544551302722,6.54717775546,0.285461700391,0.703872296314,8.299999999999986
730,0.144693449525,-0.873972556876,-2.73095730495,0.803386053693,8.299999999999986
731,0.142067948133,3.765020808,-1.35453156514,-1.86776918944,8.299999999999986
732,0.431673166786,-0.550551397588,-0.0653486532834,-0.882900338032,8.299999999999986
733,2.4046042317,-0.567207625161,-2.12231861628,-1.22946385616,8.299999999999986
734,0.254989779448,0.014999136138,-0.165043139462,-1.14832055504,8.299999999999986
735,0.218838697637,0.781517764619,-1.73106549494,-1.3201390057,8.299999999999986
736,0.302653625294,4.81533934351,-1.97581797004,0.198125685739,8.299999999999986
737,1.1083919608,3.48083340082,-3.90580530839,2.80258059908,8.299999999999986
738,0.399194226002,0.436455830502,-1.91538933266,-0.703905087505,8.299999999999986
739,0.151161187716,3.85242561176,-5.2062595073,1.41757949912,8.299999999999986
740,0.4937003969,-1.80957808219,-3.66565560837,-1.71558248631,8.299999999999986
741,0.109332652352,4.81651990703,-1.44375936169,-3.45201130267,8.299999999999986
742,0.210311595852,0.405987629432,-1.41246231535,-0.643915479984,8.299999999999986
743,0.151959863282,-4.27996280879,7.61610268605,-1.86400426539,8.299999999999986
744,0.205489902379,-0.552963216857,-1.7284069936,-1.52138004919,8.299999999999986
745,0.642396917574,0.859898205367,-0.187287575345,-2.99714741435,8.299999999999986
746,0.516497966179,-0.842330307007,-1.1626336569,-1.58357822622,8.299999999999986
747,0.165273445503,0.419066002811,-0.70796287304,0.0283145442549,8.299999999999986
748,0.16674080942,-2.89406486773,-7.68134506577,3.11271176195,8.299999999999986
749,0.410333497328,-5.24525620048,-1.60661265258,-2.27598375102,8.299999999999986
750,0.53767036846,-1.23990362601,1.3417084262,-7.34797367897,8.299999999999986
751,0.261520110005,0.138923171936,-1.09575357308,-2.19624321139,8.299999999999986
752,0.167963842464,-0.463775110676,-2.21584296858,-2.57065957187,8.299999999999986
753,0.387308921806,-0.200404207627,-0.109066711961,-1.28496283967,8.299999999999986
754,0.279847218093,-0.103353071654,-2.50524668722,-2.40648680747,8.299999999999986
755,0.736765141634,-0.784849045734,-0.706426944442,-0.89118049062,8.299999999999986
756,0.100220059218,-0.357420758331,-1.59424912805,-1.9071477962,8.299999999999986
757,0.468203791549,-0.657784923705,-0.962419270983,-1.66524782437,8.299999999999986
758,0.106480383406,-0.0846514853614,-4.28598427897,-3.34251098908,8.299999999999986
759,0.122369312404,-0.0499061568964,-1.658809521,-1.92665802374,8.299999999999986
760,0.409556978147,-0.241208579545,-1.32156208299,-2.51444593835,8.299999999999986
761,0.14255836015,1.04924945619,0.832700955939,-1.35156342647,8.299999999999986
762,0.438471862465,0.783001791438,3.12305727684,0.634847996885,8.299999999999986
763,1.19545057987,0.850932874414,-0.573912936107,-1.09886058191,8.299999999999986
764,0.247817170389,0.805211090352,3.15117251097,-1.05256134473,8.299999999999986
765,0.259703628385,-0.415329600338,-0.171656938692,-2.4068952012,8.299999999999986
766,0.710736171461,3.98098791496,-2.1269662515,4.59407504943,8.299999999999986
767,0.679677541848,3.33405487741,-1.95590028088,-1.05205005011,8.299999999999986
768,0.60227045326,0.265809345077,-2.18050468688,-0.198963465669,8.299999999999986
769,0.342175610278,-0.53100218809,0.592358778238,-8.23887336794,8.299999999999986
770,0.394765382357,-11.8209191373,-5.75534061171,-2.88015366011,8.299999999999986
771,0.148122973423,1.13985973459,1.74570359464,-1.49221247997,8.299999999999986
772,0.194908423455,0.139022614825,-2.82859591537,-2.19809346892,8.299999999999986
773,0.174145736898,1.51014628692,1.86724250803,0.679988315887,8.299999999999986
774,0.209838462975,1.00298796545,-1.67280328953,-1.67991059971,8.299999999999986
775,1.35778514044,-0.769809713369,-1.9308488478,1.02528957668,8.299999999999986
776,1.30067450123,-0.69183915935,1.94200405543,-3.20006536488,8.299999999999986
777,0.274220261027,1.56558682647,-2.07887336203,-0.17990380721,8.299999999999986
778,0.457130040867,-5.5742299375,-2.18549834537,4.39612318816,8.299999999999986
779,0.477186987981,-1.27473206866,-1.3807948293,-0.877000469095,8.299999999999986
780,0.185750009846,-0.0993605041238,-1.29508647452,-0.127446649066,8.299999999999986
781,0.257877693937,-0.280461228278,-0.277044368061,-1.6516163347,8.299999999999986
782,0.359483957527,-0.300096746741,-0.489047267895,-6.35535562863,8.299999999999986
783,0.47684365454,3.77487045722,-1.56649069491,-0.430667520284,8.299999999999986
784,0.258811558138,1.35340449046,2.20628756747,-3.01688655424,8.299999999999986
785,0.130728133904,1.3603813327,-1.97216493561,-1.89410188792,8.299999999999986
786,0.160048466848,0.751784390894,-2.50023259625,0.329062305636,8.299999999999986
787,0.402003009941,0.394909513346,1.37001391691,-2.54295860166,8.299999999999986
788,0.353517060473,-1.57596087712,4.69105992216,1.18638371442,8.299999999999986
789,1.18728586247,-0.706380982126,0.326022128219,-1.59902925466,8.299999999999986
790,0.161209156748,0.400067519963,-2.2681033376,-2.85182103195,8.299999999999986
791,0.484553901512,-0.00748428812924,-2.18408288183,-2.97293888968,8.299999999999986
792,0.256967204054,0.687184297832,-1.68619281043,-1.72363872623,8.299999999999986
793,0.404508462046,-0.608960999528,-1.93038874919,-4.87626307699,8.299999999999986
794,5.87742810998,0.429523152642,-0.33568159373,-0.361015344759,8.299999999999986
795,0.287048332806,-3.91481911924,0.845695962414,0.925482445549,8.299999999999986
796,0.220879927803,0.303102398647,0.230757607123,0.101220040949,8.299999999999986
797,0.270746362519,-0.557541377912,-0.275476414641,-1.15601669277,8.299999999999986
798,0.123237197846,-1.68586899202,8.32282431269,2.91155020052,8.299999999999986
799,0.153797043036,5.86580743996,2.7447358548,-3.57188932564,8.299999999999986
800,0.174666987243,1.49330249879,0.598585964496,-2.36631524419,8.299999999999986
801,0.164071906345,4.8820402783,-0.616971422204,1.69575430133,8.299999999999986
802,0.242547342649,-1.1643894016,-0.847822668737,-0.896372452335,8.299999999999986
803,0.141681578668,-1.76676971616,-0.63680643883,-2.0801575592,8.299999999999986
804,0.389627888041,-0.585925366501,-0.979301924123,-2.58631258911,8.299999999999986
805,0.406078989419,0.166760074294,-0.656778928943,-1.14036667936,8.299999999999986
806,0.107223618263,-6.34561402785,-4.90527053197,-4.81936907408,8.299999999999986
807,0.467376736108,3.20871370818,-1.69650564305,-5.31919715264,8.299999999999986
808,3.17457075542,1.01458988086,-1.37054209988,-3.15592371731,8.299999999999986
809,0.116015947298,-0.629392185252,-0.396908318106,-1.57746909198,8.299999999999986
810,0.337700370281,0.756940330383,-1.95244082078,-0.829177260321,8.299999999999986
811,0.182685815383,-0.566245373532,2.37951029145,-1.89703142676,8.299999999999986
812,0.115282752863,1.23367304115,2.24685751976,-0.719372036439,8.299999999999986
813,0.185566977195,-1.23398754884,-0.124754486048,0.0880210607514,8.299999999999986
814,0.46041288653,0.237137364294,-1.43665528186,-2.65727095127,8.299999999999986
815,5.87407345073,-1.11727617294,7.44916969608,1.61002442615,8.299999999999986
816,0.180894072287,-0.754151678785,-2.03258197566,-2.56571292538,8.299999999999986
817,0.213107245376,-1.18277659844,-2.15536569262,-1.47938015784,8.299999999999986
818,0.107835881838,1.63019881756,0.500578415538,-2.08971647494,8.299999999999986
819,0.333987186295,1.63303183043,-0.898587800344,-0.506746257757,8.299999999999986
820,0.329212649542,1.15762908722,-0.692704981272,-1.86351140504,8.299999999999986
821,0.506827678484,-6.4849453243,0.0711662282905,0.595764219119,8.299999999999986
822,1.31603404247,1.50001574595,2.70105559574,-5.53755056977,8.299999999999986
823,0.232426323914,1.1020464539,-1.08184202682,-0.746797392037,8.299999999999986
824,0.159155076967,-1.33719128687,-0.912089008689,-1.19209747206,8.299999999999986
825,0.130584980506,-0.467830586168,-0.682677590514,-1.44095683804,8.299999999999986
826,0.278926600499,2.70899563786,3.95422459559,-4.76923753368,8.299999999999986
827,2.07791280938,-1.26082319727,2.01982240992,-0.98338812248,8.299999999999986
828,0.196626664363,3.17696048403,-0.505100956333,-1.53000016373,8.299999999999986
829,0.1165248672,4.70989748153,-11.2098114975,5.94269727062,8.299999999999986
830,0.158170353405,-0.013741800712,-0.427903172472,-0.713901674413,8.299999999999986
831,0.327271168247,-0.488702612652,2.53747670457,-1.45298253427,8.299999999999986
832,0.162760615249,-0.841833719081,2.02292214136,-1.29112484504,8.299999999999986
833,0.141428008701,3.07832838941,-1.55280489263,7.79993394404,8.299999999999986
834,1.51431345189,0.567326547712,-2.45305166128,-1.82530678998,8.299999999999986
835,1.37710882068,1.24558055521,-1.98591522257,-1.86406009257,8.299999999999986
836,0.708278898867,1.14678103438,-0.664958929992,7.57533822373,8.299999999999986
837,0.210894065493,-0.953188817847,-1.877484674,-1.35867940541,8.299999999999986
838,0.127577486084,0.36702293328,0.938572657719,-0.563683238098,8.299999999999986
839,0.185427864803,-0.145057061826,-2.54834938775,-4.30115945364,8.299999999999986
840,1.1360771053,0.571542220919,-3.30700363183,-0.166631160204,8.299999999999986
841,0.111707391604,-0.634734816538,-2.0310046888,-1.3154645162,8.299999999999986
842,1.74097515218,-0.515545934738,-0.987239234377,-0.671884412051,8.299999999999986
843,0.359789015792,0.412924596824,-1.96107169078,-2.03824646754,8.299999999999986
844,0.117703945598,0.284949715882,1.0869985202,-0.055936819105,8.299999999999986
845,0.133751888046,-0.60133757937,0.459808333917,0.512250017834,8.299999999999986
846,0.730984834094,0.98154441177,-1.87173386445,-2.23844791353,8.299999999999986
847,0.259374771647,-1.21685161991,-1.08855975089,-1.29412407948,8.299999999999986
848,0.126317699286,-0.86696535567,-0.901765394399,-0.872867496511,8.299999999999986
849,0.12593806533,0.158797010934,0.0747612911838,-1.85099267653,8.299999999999986
850,0.121083819651,-3.1391340698,6.44746389006,-4.02291996251,8.299999999999986
851,0.221148892184,-1.4886215809,-4.01108476717,-3.25670064279,8.299999999999986
852,0.330363081226,1.3359975178,-0.069590472696,-5.79879175112,8.299999999999986
853,0.145114922315,0.488812780065,-1.79175835788,-2.24535387909,8.299999999999986
854,0.417091514434,0.873289795943,-0.684912436092,-0.958805261245,8.299999999999986
855,0.130001548138,1.43268794484,7.5024630652,-0.727002137931,8.299999999999986
856,1.66878025034,-0.372241383956,-0.738955327402,0.685763793272,8.299999999999986
857,0.335655055491,4.23292089997,-1.1442301329,-5.23930037192,8.299999999999986
858,1.00567969321,-2.00913610951,1.68733390374,4.14848889356,8.299999999999986
859,2.58949390375,-0.0739527853911,-1.45075058718,-2.10620028276,8.299999999999986
860,0.109735031235,-0.617115215327,-0.850018901007,-0.846046170666,8.299999999999986
861,0.331187657599,0.0575651932569,2.61790240484,-0.437919892021,8.299999999999986
862,0.425347179421,-0.676835218005,-3.24518250992,-1.9771052363,8.299999999999986
863,0.632225482866,-1.85496960853,-3.8975186484,-2.63070029582,8.299999999999986
864,0.916780366921,-1.83958975385,-3.61638509174,-2.93533148619,8.299999999999986
865,0.164152884546,-0.841360662947,5.3338215601,0.43899601373,8.299999999999986
866,0.147690251453,0.367510687362,1.91096214335,-1.57167397854,8.299999999999986
867,0.604544198975,-0.939101482667,-2.30775605713,-0.202651181195,8.299999999999986
868,0.693016882705,-0.601626408624,-1.05165267511,0.203471746323,8.299999999999986
869,0.509295452634,-0.340594123144,-1.06251092785,-0.533697367121,8.299999999999986
870,0.247872510355,6.91416460765,-5.15295858497,-1.76623429145,8.299999999999986
871,0.572439446815,0.980059664993,-0.291576940075,-0.834423040923,8.299999999999986
872,0.212195600586,-1.71759885282,0.308888291964,-0.556849987027,8.299999999999986
873,0.169714183266,-1.45520041239,-2.56214414432,1.71041602942,8.299999999999986
874,0.180706598036,-2.75092279321,0.36676753422,-0.436420131461,8.299999999999986
875,0.164890603146,-0.665155131973,-1.13855615886,-1.46429398345,8.299999999999986
876,0.101624045788,-1.15476460797,0.352717282057,-0.585775706615,8.299999999999986
877,0.552814388048,-1.97347105872,-0.813325564898,-1.35117808406,8.299999999999986
878,0.116185149762,-0.434730469941,-0.907587856029,3.405072235,8.299999999999986
879,0.394683287026,1.87537148936,7.4337800357,2.77229062308,8.299999999999986
880,0.116457628262,-2.01586221395,-1.96242804042,-4.03054560499,8.299999999999986
881,0.243954540769,-2.43629710121,-7.22250553113,-6.2247413616,8.299999999999986
882,0.456789489912,-0.280482901335,-0.300456119791,-1.72053342359,8.299999999999986
883,1.62492181058,-0.462295824997,-2.54567699649,-1.8917990327,8.299999999999986
884,2.1069367966,-1.30424333778,-0.0989609274149,2.02515922147,8.299999999999986
885,0.510815745745,-0.993487586002,-0.834742717318,-0.34271231729,8.299999999999986
886,0.217400012146,-2.3450860362,-3.57855670714,4.06595654723,8.299999999999986
887,0.265521984076,-0.714381668107,-0.0938262983524,1.6009310927,8.299999999999986
888,0.93699121939,3.49704743854,3.56677520482,-0.470286258763,8.299999999999986
889,0.827379222481,0.574510713171,0.167752452276,-1.67726020437,8.299999999999986
890,1.66752015665,-0.038337921718,-1.24336089198,-1.98190105841,8.299999999999986
891,0.294165169041,-2.97321740057,1.4212752879,-4.3630735743,8.299999999999986
892,0.638649850048,0.053280667758,0.203565399792,-1.14098708627,8.299999999999986
893,8.24717992485,-0.408724255112,-0.327317928736,-1.14909858162,8.299999999999986
894,13.8296446608,-1.77956399381,-2.99243752797,-2.24134464063,8.299999999999986
895,0.888515396048,0.270739118203,2.48925595351,1.3970909802,8.299999999999986
896,0.163526269844,-0.064900448176,-0.816189030241,-1.747357419,8.299999999999986
897,0.163471120026,0.229902035222,-2.05468543934,-3.15767366355,8.299999999999986
898,0.33751065569,-0.331605925362,-1.06511122221,-1.62712114463,8.299999999999986
899,0.19542976984,4.92990497987,5.96616881172,8.34240883067,8.299999999999986
900,0.158328537864,1.52070868289,-2.77731908059,0.57679604399,8.299999999999986
901,0.293136625587,-3.96948662296,-2.62853345496,-2.76687112505,8.299999999999986
902,0.301976531006,-1.42150183148,0.0849808157981,6.05918794256,8.299999999999986
903,0.104467994515,0.929070603803,-1.82543977384,-1.20121669206,8.299999999999986
904,0.293350088683,0.199021293113,-0.935620328899,-1.26076819117,8.299999999999986
905,0.740437805212,0.609929796113,-0.574148026896,-1.07801942855,8.299999999999986
906,0.197217721332,0.556760041176,-0.835411963141,-1.9004060065,8.299999999999986
907,2.20242501765,-0.536102352948,-0.913775918627,-2.21807938357,8.299999999999986
908,0.303489627088,-1.24908255295,-1.58232516015,1.67955341321,8.299999999999986
909,0.409198705518,0.653362955515,0.785310249793,2.91389728246,8.299999999999986
910,0.194359507049,0.184467124576,-1.83251074944,-1.70063812705,8.299999999999986
911,0.139469985846,-0.524501034878,-1.29726318737,-2.89257768786,8.299999999999986
912,0.119725255948,4.70064478312,-0.287103545541,-1.36218761643,8.299999999999986
913,0.194003567951,-0.123479622714,-2.79990755101,-2.97546384696,8.299999999999986
914,0.184929614661,-1.11230054434,-1.37587110429,-2.69683753123,8.299999999999986
915,0.447834015958,-0.113014179631,-2.22065511528,-1.32934385198,8.299999999999986
916,0.609415608084,-0.147605092303,-2.68537270559,-0.18769848652,8.299999999999986
917,0.276073278861,-6.25465996241,3.81606625765,4.82668801697,8.299999999999986
918,0.433155415252,-3.69381333119,-5.11296181235,-1.22599414125,8.299999999999986
919,1.16617308778,0.989999972834,0.518131189193,-2.56989701153,8.299999999999986
920,0.157202170838,0.92828043776,-2.43099939773,0.103285644757,8.299999999999986
921,0.15449988226,-0.819965544348,-2.47872698386,-3.10116751326,8.299999999999986
922,0.228212572945,1.88323296032,-1.71826981333,-1.97225851247,8.299999999999986
923,0.227495003859,0.549489042954,-0.543593298142,3.39328910793,8.299999999999986
924,0.126086942047,-0.393514992569,-1.10463760919,-1.4172789626,8.299999999999986
925,0.379739417379,2.70926873692,-0.840659357616,-4.04675280961,8.299999999999986
926,0.626232358498,-0.998167386272,-1.10904593639,-2.42571030387,8.299999999999986
927,1.42939553514,-4.17530852385,-6.69820832339,4.18817656932,8.299999999999986
928,2.46514866428,-0.526243745451,-1.29267741144,-2.04409706555,8.299999999999986
929,0.543123919421,-0.353556793283,-0.675455470822,-2.4829940239,8.299999999999986
930,0.220011699594,-0.0284204299312,-1.26212825332,0.21677300801,8.299999999999986
931,0.853830311921,-1.12555103397,1.62653923103,-0.62399914146,8.299999999999986
932,0.39095142524,-1.27763721195,2.19855435896,-1.17711664541,8.299999999999986
933,0.169340264121,-1.12860024931,-1.23911986851,-2.27480846018,8.299999999999986
934,0.121328513307,-2.8703758828,1.11697857685,2.73988243562,8.299999999999986
935,1.12322693546,1.69659187472,2.81761456187,-1.13449400164,8.299999999999986
936,0.845295384982,-2.85812423761,-0.271852724363,-1.78316722728,8.299999999999986
937,0.276693099411,-0.952148067137,-3.28363747162,-2.43764419457,8.299999999999986
938,0.148662759332,0.319327532056,-0.40309448848,-1.18962787192,8.299999999999986
939,0.235406831588,-0.304085169303,3.59334532603,-2.74437728973,8.299999999999986
940,1.39059496511,-2.90826066697,0.921914515424,1.31064006229,8.299999999999986
941,0.601474120968,3.26918889616,2.26237759182,-2.31844175956,8.299999999999986
942,0.387981314672,-1.73159146274,-1.30920049034,-0.85829728192,8.299999999999986
943,0.480454660987,-0.0616627245815,-1.0131669109,-1.93695325809,8.299999999999986
944,0.193029735653,-0.149272324219,-1.78761397324,-1.50242173033,8.299999999999986
945,0.421130633029,-6.17642873501,2.29064325141,-1.75595026781,8.299999999999986
946,0.593198690235,0.948575457415,-5.38687381119,2.36126801794,8.299999999999986
947,0.39366393538,-5.55753258118,0.411755864222,1.19027435034,8.299999999999986
948,0.191005187431,0.842989050508,4.16355513197,-1.95248573308,8.299999999999986
949,0.117006515234,-1.21464392268,-0.102641519051,-3.7978448117,8.299999999999986
950,0.168983761721,1.96504107555,-0.447235746874,-0.612131661149,8.299999999999986
951,0.160273486716,-0.542081517077,-1.65882910831,-1.77014928936,8.299999999999986
952,0.339756685088,-0.116961275949,-3.73659793676,-1.96433655141,8.299999999999986
953,3.05460712865,0.027054668639,-0.934776780908,-1.75388303071,8.299999999999986
954,0.127409018281,0.00297271049459,-3.29264788685,-3.22258699919,8.299999999999986
955,0.141033025276,-0.735881535988,-1.08075456471,-0.76102578315,8.299999999999986
956,0.14635124509,-2.40882436953,0.77638160462,14.9506946041,8.299999999999986
957,0.100998277943,-0.116712200015,-0.85945710523,-1.45638396631,8.299999999999986
958,0.128403385322,-0.698479174838,-1.92001275904,-3.31911412358,8.299999999999986
959,1.43638437588,-0.846471268933,8.37479852434,3.37908363015,8.299999999999986
960,0.130109564238,-0.330588308151,-0.27303338366,-1.53564910204,8.299999999999986
961,0.788248675293,0.324372515588,-1.45946521061,-1.54374692154,8.299999999999986
962,0.117341479137,-2.59032606586,-3.07455353632,-7.63213998523,8.299999999999986
963,0.631466444364,-0.461335026879,-2.16569449989,0.0810923445988,8.299999999999986
964,0.108063004062,-1.00818578766,0.486129214595,1.99716074954,8.299999999999986
965,0.290266175194,1.76087375813,1.75597432233,-1.36247109331,8.299999999999986
966,0.136877515772,0.146890460105,5.16146488924,-2.28468991834,8.299999999999986
967,0.245159511626,-1.35448417686,1.30674958983,-1.24863881184,8.299999999999986
968,0.372269528665,-0.277571005949,-0.322294206409,-0.953960394249,8.299999999999986
969,0.264466079614,-2.46228473397,-4.51667093893,-2.99187244124,8.299999999999986
970,0.118786453187,1.95474719912,-1.49741542689,2.00810554282,8.299999999999986
971,0.600344278101,-0.208249720786,2.95673628598,-5.90277846873,8.299999999999986
972,0.221651917442,-0.399055582,-1.55904898632,-1.79994309583,8.299999999999986
973,0.290169651167,-1.78804448275,-1.60927951517,-1.77983564899,8.299999999999986
974,0.138323885271,-5.90410004168,1.49577942899,-7.97091222721,8.299999999999986
975,0.135969591987,-1.30633913288,1.28976947878,-0.302863557629,8.299999999999986
976,0.776907342881,-0.831212751915,-0.878345911406,-1.82201284431,8.299999999999986
977,0.285368227998,0.534108712454,1.69492825946,0.730243402228,8.299999999999986
978,0.146248508477,0.359757695243,-1.11289321155,-1.26263694985,8.299999999999986
979,0.50388590848,-0.424422609157,0.0258927526648,-1.03487907329,8.299999999999986
980,0.256767359833,-2.90063450442,-2.08868602957,-2.32158198626,8.299999999999986
981,0.319875040685,-7.04864284788,3.60663253136,1.82997403852,8.299999999999986
982,0.101984519928,-0.746072626968,-0.160225036796,-1.59313498213,8.299999999999986
983,0.165481777399,-0.906243464148,0.494639806789,-1.91623407556,8.299999999999986
984,0.135738032487,0.931638461958,-1.61581492378,-3.32064136092,8.299999999999986
985,0.155334223718,-1.80302052317,2.97090510699,0.933174008456,8.299999999999986
986,0.1343768126,-0.0355408763021,-0.701210856367,-1.83672748948,8.299999999999986
987,0.161024939346,0.383119011546,1.44245087766,-1.84772007357,8.299999999999986
988,0.225379918197,1.26379567972,-1.33461629342,-1.0780899452,8.299999999999986
989,0.127941520399,2.59343924075,3.00082331261,-1.75336245883,8.299999999999986
990,0.166752384009,-1.51480297422,-1.13129966152,-0.316321992574,8.299999999999986
991,0.198277846119,0.287782869589,-0.480187101966,-1.58501879148,8.299999999999986
992,0.508252590158,1.02419121116,-1.41510464661,-3.14996446684,8.299999999999986
993,0.181097053296,-0.681056980982,-3.82176334694,-2.55476422958,8.299999999999986
994,0.166417534237,3.00582346693,-7.13582951962,4.14654090906,8.299999999999986
995,0.246319632985,0.116047099481,-1.65185326279,-1.86640097545,8.299999999999986
996,0.116455579407,0.289743608512,-1.66114585533,-3.72891421991,8.299999999999986
997,0.401534539837,-3.41458058584,5.7327941918,1.98706597838,8.299999999999986
998,1.00363676222,1.98877714193,-1.80931237012,-2.30461080695,8.299999999999986
999,0.152327468678,0.40709344525,-0.180246983237,-1.55334390999,8.299999999999986
