Star_ID,Mass (MSun),X (pc),Y (pc),Z (pc),Simulation Time (Myr)
0,0.100802056321,-1.54602454679,-1.71602197888,-2.09700421655,4.4
1,0.823973996413,-1.27142419702,0.492287673959,-1.25910554472,4.4
2,0.114065740155,0.6303391579,0.39881114605,-0.619625004466,4.4
3,0.813684939039,-0.247214306637,-0.404399806722,-0.175059760389,4.4
4,0.102339261212,-1.41158586991,-3.09254594973,-1.16182525585,4.4
5,0.104718570568,-0.422932258656,-0.637303115269,-1.16667189603,4.4
6,0.360645001599,-2.86552742399,-0.615657659794,-2.24905486953,4.4
7,0.592308882822,0.767159825437,-0.389483663401,0.751389196208,4.4
8,0.151214415722,-0.604090757479,0.0364774654828,1.3567835298,4.4
9,0.106844977847,-2.42791960739,0.460202543127,-2.15548118722,4.4
10,0.306079308248,4.8300423464,1.96320783716,1.03942216871,4.4
11,0.122203994478,1.09461758239,1.80977196163,-1.17392887284,4.4
12,0.560062753535,-1.48894459471,-2.56563814649,-0.584410556464,4.4
13,0.421373106028,-3.96229896531,0.0913296260372,-0.0689255036452,4.4
14,0.254808159987,-1.16328148983,-1.79870417132,-2.02706220736,4.4
15,0.403433751479,-0.753449024604,0.501546175648,-1.97409018546,4.4
16,0.270498307547,0.702170149182,0.168821807884,-0.644115329055,4.4
17,0.148261703558,-0.16675015077,-0.694432275277,-0.417623875542,4.4
18,0.204996892574,-1.25731851488,-1.43236983458,-1.29251440752,4.4
19,0.487677259819,-1.71369418239,-0.162054268313,-1.06699915544,4.4
20,0.336254162679,-2.23097336603,-3.86224466987,3.72359601249,4.4
21,0.849591112077,0.672428064755,-1.88721927694,-0.162765185157,4.4
22,0.15450120385,-2.73286560155,-1.38847433058,-1.97849627034,4.4
23,0.196760070839,-1.50119342335,-0.141857782556,0.535581899375,4.4
24,0.868289247935,-1.20092753394,3.5308589988,-3.34453894949,4.4
25,0.115061447558,-2.01972023087,-0.174230195936,-4.62193888587,4.4
26,1.58161500905,0.155034301434,-1.35289611794,0.194291577824,4.4
27,0.131480832774,3.26622094895,0.874900881856,-0.21693034274,4.4
28,3.18180661149,2.31533753099,-0.122498604972,5.52071493857,4.4
29,0.129291991684,-0.552722573566,2.3669729251,-0.852127705974,4.4
30,0.193923991058,-2.06252386385,3.95935215225,1.64064229347,4.4
31,0.377385419721,1.40922552624,4.63069141097,-1.90675782634,4.4
32,0.538523258867,-0.473062568317,-0.264820141334,-0.0314096459517,4.4
33,1.0099001423,-0.320960188039,0.1017274368,0.0783178657955,4.4
34,0.777731668136,3.00001935501,1.2349600231,-3.347696,4.4
35,0.363729767718,1.32551391529,-1.72922745869,-2.14832213742,4.4
36,0.120064305117,-1.11163765918,-2.16701288373,-4.42629133342,4.4
37,2.92958125477,0.441816405855,-0.0246880749723,-0.979297783734,4.4
38,0.490156023365,0.973592541129,-0.475927671114,-3.52497803948,4.4
39,0.161460395002,-1.62607687126,-0.427825536921,1.90288777315,4.4
40,0.181199583702,-0.0394209851424,-0.87491547257,-0.913769048368,4.4
41,0.204652557996,-2.14356970399,2.21950468113,-4.67962090771,4.4
42,0.952523777595,-3.83660733808,-0.297704925116,-3.73730008518,4.4
43,0.42283777945,-0.509856816327,-1.80465340775,0.234201566222,4.4
44,0.27624632989,1.61348338278,-0.886862221524,-1.29750135787,4.4
45,2.35335276153,1.42827959591,2.9258429975,-0.310628286961,4.4
46,0.628105515806,0.340148196778,0.998121364011,-0.0771170979177,4.4
47,2.61149425041,0.954993005074,0.0924941966534,-0.901398529216,4.4
48,0.692866864113,1.58211225413,0.853106130076,-2.60097071183,4.4
49,0.312278806907,0.330651801457,-1.82831682604,-0.206863539234,4.4
50,0.405603535428,-1.83109781632,-3.46450572142,-0.547339938173,4.4
51,0.179405895991,-0.916022490776,-2.71439432473,-0.230142971494,4.4
52,0.232410160839,-1.5180051464,-4.45165352448,0.298090904078,4.4
53,0.59269958749,-0.164227834487,0.62152964533,4.44581690385,4.4
54,0.102528370728,-2.74054883053,-1.70930717297,0.48729380514,4.4
55,0.103667157781,0.127684325311,-3.30455827245,-0.100774918848,4.4
56,0.553378428605,-2.05762429497,0.843342649262,1.84807400771,4.4
57,0.251574019204,-0.617030910302,0.784124989826,-0.863339218038,4.4
58,0.446707336388,0.141647102022,0.34999532059,-0.796739528758,4.4
59,0.140113975213,-4.50879696669,2.75168563262,1.6557849184,4.4
60,0.11463561627,2.01106146343,0.36461090296,-1.57495333583,4.4
61,0.241742965223,1.70140998125,-1.51221611478,1.06555597347,4.4
62,0.159897835427,-0.907209327016,-1.9676485085,1.26765820096,4.4
63,1.68752448634,0.441577845462,-0.789983559372,-1.47319888475,4.4
64,0.232634396255,-1.0135342322,-2.86118747254,-2.59451354591,4.4
65,0.358456080514,-0.980901811309,-1.37843836168,-1.21285957389,4.4
66,0.149757749848,1.09796576052,0.304213362139,0.0889337562538,4.4
67,1.19552388557,-0.194573316924,-0.659596962731,-1.10358528113,4.4
68,0.242807239923,-4.40016591803,-3.16281817527,-1.08240708679,4.4
69,0.490777604274,0.517318418785,0.39038849315,-1.45416607492,4.4
70,0.25648980851,-3.07846622936,1.63914410468,3.46734041926,4.4
71,0.101191979303,-0.977384325329,-0.22368137119,-2.26690497519,4.4
72,0.427038579248,0.22606403575,-1.49488426946,0.2654749968,4.4
73,0.491476393595,2.55885043659,0.184998707732,-1.14160632814,4.4
74,0.491262101202,-1.23891146757,-1.30726837553,-0.368303361349,4.4
75,1.21562102466,-3.52669828706,2.11005243397,-2.11715119152,4.4
76,0.125431826356,0.631614066581,-0.681252391708,-0.476050797599,4.4
77,0.709332391052,-0.0486451451007,-1.76765429756,-2.69677198529,4.4
78,0.405494407571,1.13521866466,3.90877177887,1.22968322842,4.4
79,0.643397086903,-1.85499269952,-2.13825578921,-0.129913115482,4.4
80,0.164870810771,-1.39308504349,-1.99089916291,-1.75811564033,4.4
81,0.144552003895,0.155313632912,-1.10286941772,0.444769750045,4.4
82,0.195605907434,5.82157276157,0.873527730276,-0.498873868441,4.4
83,0.148749997144,-1.81116696427,-3.91320693517,-0.322692439619,4.4
84,0.403575899932,-5.20230835956,2.50381324186,0.771285065565,4.4
85,0.193726205991,-0.323016454507,-0.921879944633,-0.364575680374,4.4
86,0.596037559106,1.92364576927,-0.55577505189,-1.20889610933,4.4
87,0.13158913722,0.54723540084,0.109575246006,-0.718974572713,4.4
88,0.473973849736,0.658640970041,1.45663550017,0.66224648729,4.4
89,0.205561962671,1.8204057559,0.333442689618,-1.8384137248,4.4
90,0.115043481002,0.191122883156,-1.78293308985,-0.39419307956,4.4
91,0.123942302871,0.543012295025,-0.737303196016,-1.287390043,4.4
92,1.41030755927,-0.282879837007,-1.1457206448,0.611981838702,4.4
93,0.336897866806,0.181899472552,-0.371831730221,-0.203057033418,4.4
94,0.391348724802,-0.157820277393,0.68699268579,0.484495087523,4.4
95,1.84024176007,1.18603504059,-1.1484269881,-2.48217516243,4.4
96,1.88370676237,0.428014804555,-0.986045680054,-1.05113409865,4.4
97,0.938981600238,0.654607267819,-0.684800745479,-0.257266291203,4.4
98,0.395457802659,1.26143470463,-0.460577941661,-0.491141251276,4.4
99,0.234524233068,-3.17430661419,-2.49067457048,-3.50596621064,4.4
100,0.242546360508,-1.58234245666,1.51714041639,2.55328943763,4.4
101,0.100409781734,0.857660310287,-0.853028905173,1.13242480586,4.4
102,1.4864421523,-3.01489227893,-1.89260657617,-1.60521348088,4.4
103,0.153114449961,-1.24322532852,-2.13827672622,-1.28060098019,4.4
104,0.214602487227,1.9693991508,-1.29112692656,-1.16455650308,4.4
105,0.20783819284,-0.0230862442135,0.222889551024,-1.12531202842,4.4
106,0.188056789395,-1.07207323277,1.23559145311,-2.98449938234,4.4
107,0.199912097355,-1.45790477508,-0.41575136584,-0.0319160024716,4.4
108,0.102255380106,3.9724215479,1.3277977431,0.297799116802,4.4
109,0.183134288387,-0.333067660486,-1.45066893177,-0.900472254049,4.4
110,0.78485883642,0.00357587476751,-2.27514246487,2.01060330301,4.4
111,0.496054627615,-2.19964845276,4.54210222296,-0.394330406315,4.4
112,0.308923507076,-0.512465128245,-0.95678439956,-1.81082827795,4.4
113,0.142010216503,-2.03336681823,0.988354013532,-0.401381340255,4.4
114,0.167511595939,0.826962681269,-1.42719902498,-0.50015942709,4.4
115,0.552178722156,1.25242050397,-6.1177466299,1.83681169788,4.4
116,0.111316290884,-0.896565381428,0.487907961049,-1.46109803505,4.4
117,0.196526968325,-1.94102190906,-2.4618355725,-2.94677181931,4.4
118,0.106472238374,-0.626526724012,-0.123911337128,-0.449450527902,4.4
119,0.464870527765,0.552639890894,0.581093345763,-0.476383644762,4.4
120,1.34003282852,0.568655882937,-1.50938971697,-2.11709027586,4.4
121,0.56291272349,-1.43389700984,-2.46940439231,-1.07637758329,4.4
122,0.340238343931,-0.0482672430605,-1.91427631892,1.18987714783,4.4
123,0.36922282544,-1.77586421513,0.797830496869,-1.9363120974,4.4
124,0.197536715963,-0.146942685392,1.72028170611,2.73819896093,4.4
125,0.165248112739,0.785447225971,1.78659279746,1.3378341605,4.4
126,0.700717641211,-0.701680791817,0.55170688663,-5.1561495748,4.4
127,0.30027514469,-0.525582903306,-6.9826723901,-1.38416965911,4.4
128,0.188062840038,-4.00877732694,-6.15914942728,-5.03636244351,4.4
129,0.491789778293,1.19656487988,0.10878850111,-0.551583641949,4.4
130,0.195866277394,-0.066258616595,-1.88107968875,-0.367751031248,4.4
131,1.0063005988,-0.106035875819,0.195450801421,-1.29033471191,4.4
132,0.180361566011,-0.0511593334159,-0.431025572172,-1.06201629695,4.4
133,0.835281393923,-1.222621768,-0.967758003603,-2.38558629464,4.4
134,0.200644910617,1.54144241485,0.897503523788,1.58500533353,4.4
135,0.115801669545,1.78722246498,-0.908542390009,0.4720559555,4.4
136,0.146213349735,1.20807145312,1.40713800562,-2.02277875126,4.4
137,5.77855860363,-2.98973250369,-2.38849794718,-3.75866951796,4.4
138,0.243105564727,0.127547947398,-1.77468407271,0.35350346791,4.4
139,0.316855214006,-1.27422425209,-0.971481750848,-1.16317861346,4.4
140,2.97269016624,-3.28726388329,2.80680717658,-1.75011725555,4.4
141,0.906051156758,0.70484889126,-0.918907537878,-1.55265995855,4.4
142,0.465937470257,-4.16658855698,-1.41774713736,-2.64229949543,4.4
143,0.200235311127,-1.00372180265,-1.48739444387,-1.25980487791,4.4
144,0.142381417873,0.0988471892368,-1.49217516659,-3.0498001189,4.4
145,0.27333272581,-1.57832633594,1.05394305739,0.190250902935,4.4
146,0.682199892111,-0.494750767891,1.09307042171,1.28592266538,4.4
147,0.133400447354,0.442120786942,-0.217450570214,-0.990192718457,4.4
148,0.515735696629,-1.02715955308,-1.3275318764,2.20716850908,4.4
149,0.408883895473,-0.100217549735,-1.29560783481,1.07506594873,4.4
150,0.114495456948,1.61575878415,0.912650520361,0.48922511183,4.4
151,0.563069887742,-1.64996848387,0.0485761479596,0.0886019617698,4.4
152,0.145417859973,5.14517309265,1.46742550133,0.967132552372,4.4
153,0.108068374779,-2.42673967954,-0.0989060788845,-2.29600739114,4.4
154,0.146417855772,-0.831281943634,-1.9666265791,-0.854466082616,4.4
155,0.447128810311,1.14437532049,-1.29466676708,0.15050340232,4.4
156,0.124403262105,0.273829871113,3.18983985101,1.00102917023,4.4
157,0.354896784249,3.89563963472,2.08768805723,1.60740938137,4.4
158,0.246502681352,-1.15559641736,-1.51172976339,1.2398689376,4.4
159,0.122056369517,-0.601347511626,-2.41054261046,2.52634017132,4.4
160,0.251835971568,-2.54873854449,-0.87475963534,0.607789601955,4.4
161,0.356435732352,-0.81250441346,0.252685783252,-3.9621243288,4.4
162,0.163630429151,-1.1410131284,-1.71794505366,-0.407332145745,4.4
163,0.424184099147,-3.68847495568,-0.0126596499163,-1.05616019802,4.4
164,0.300846959865,-1.50465308219,1.35064801502,1.81902487824,4.4
165,0.16596691396,-2.76250973371,-4.59675867696,3.16561798667,4.4
166,0.382013301293,-2.37094929235,-0.778066306113,-0.469419993442,4.4
167,0.3041003721,-1.57072548511,-0.886358015827,-0.42975488973,4.4
168,0.159523252691,0.191530578586,-1.34556941051,-2.34144807798,4.4
169,1.01859171482,2.45301564525,-3.42120544023,-0.45804980259,4.4
170,0.137835681383,-3.05821254491,2.2855416648,-2.18549319286,4.4
171,0.492835208404,1.69961378046,0.134849425524,0.6079913802,4.4
172,0.591558626432,-0.780034519785,0.564599617049,0.161990457293,4.4
173,0.464585145242,-7.54581961928,-0.303954094245,-2.76374807874,4.4
174,0.512696404569,-2.42644981167,-0.160230206161,-0.187190048769,4.4
175,1.56669194243,-1.64278275441,-1.26529212366,-1.34706862621,4.4
176,2.04338467411,-0.360591855885,2.97158649372,0.559417581235,4.4
177,0.257764000555,-3.03278085937,-2.18150739751,-4.59295699205,4.4
178,0.206050056153,0.000989662459229,-2.5843193591,3.04107724006,4.4
179,0.315263909762,1.50299199561,0.541411884576,-0.881627307622,4.4
180,4.28200112871,0.455211798159,0.253818008306,-0.789164050378,4.4
181,0.413586441497,1.7414862161,3.35523855252,0.729790679066,4.4
182,0.120337996439,-2.99055925638,0.865361880288,-0.785523318491,4.4
183,1.20718376818,-1.79987233216,-2.39172397576,-2.28775406629,4.4
184,0.293607263785,3.44434827047,-1.3835674454,-1.10450063631,4.4
185,0.149825173067,-0.780874792006,3.68331513549,0.224910926555,4.4
186,0.125176349461,-0.427498151358,1.63507294506,-0.150799540664,4.4
187,0.101818550695,-3.89459656101,-0.930055276289,-0.343333367003,4.4
188,0.117383626077,2.28766664231,0.0814306046416,-1.76170802523,4.4
189,0.149472510508,1.65033472815,-0.50153300057,-0.847373075794,4.4
190,0.135775359326,-0.307366046869,-0.751346131237,-0.81698072377,4.4
191,0.382825979536,0.119087541957,0.224120214098,-1.56406154718,4.4
192,0.282100263315,0.0581791214219,0.122586312462,-0.898192781327,4.4
193,0.398921438973,-0.869615025221,-1.12048834198,-2.55509229448,4.4
194,0.178857498765,0.716369498643,-0.913724315432,-0.421775092925,4.4
195,0.106669122175,0.330150485419,1.27123520457,0.732034420937,4.4
196,0.979101437135,4.87699505417,1.55945271809,0.327196824122,4.4
197,0.731608398092,0.401517178446,1.82945857726,-1.37747348398,4.4
198,0.437820518733,1.21399114266,-0.814717662541,-0.965309069701,4.4
199,0.256390296251,0.203789328529,-0.766733105469,0.78823460515,4.4
200,0.129934094377,-4.27449897295,-1.64680395993,-1.46009823933,4.4
201,0.774667430358,1.2247396875,-0.509736045092,0.6594897185,4.4
202,0.309708273484,3.82261343685,-0.220268503236,2.20167291363,4.4
203,0.458115884967,-0.269262855455,-1.1210749089,-1.28321535658,4.4
204,0.701931872265,0.220655197279,1.0268016737,-1.08970473426,4.4
205,2.32437043124,-0.0733313446193,-1.63269180479,-2.30439830308,4.4
206,0.190823952775,-0.529208027497,1.47363540359,-2.76360857983,4.4
207,0.285219908836,0.151976471326,-1.70238914809,-2.24425847653,4.4
208,0.217364365658,-0.103559048626,-2.14307197413,-2.45782890512,4.4
209,0.350481732328,-2.40326438392,1.967635662,2.12133308952,4.4
210,0.123884263435,-3.42161888123,-0.280794240924,-2.97304031011,4.4
211,0.186739510516,-0.740854916422,-1.52352171878,3.06854794408,4.4
212,0.329866061627,-0.732838645505,2.21215904368,1.88821031199,4.4
213,0.642115561669,1.54937553916,2.1030407821,2.84386396535,4.4
214,0.866717770245,-3.21986627686,0.654012186492,-1.19981012617,4.4
215,0.121390078839,1.78624016753,-0.54500420931,-2.45450005354,4.4
216,0.245994150597,-3.14879417404,4.48358344337,0.443266954685,4.4
217,1.01619919897,-0.632523511176,0.398639527001,-2.22900566355,4.4
218,0.570631779998,-1.35397469566,-0.828695877502,0.768950012734,4.4
219,0.212693183401,-0.824337114019,-1.70352146357,-0.859700871689,4.4
220,8.55758551057,-0.534538418116,2.34397432469,-1.80517650503,4.4
221,1.19986942163,-2.56548496979,-2.3127564063,0.0200892453015,4.4
222,1.00613676748,-0.908068114763,-2.47575507223,-0.98895625365,4.4
223,0.191108899342,1.8427387592,-1.06842574355,-0.428817192445,4.4
224,0.227478710334,-0.20106080827,1.55138764,2.4501301321,4.4
225,0.166850041825,2.57167738415,0.230513802148,3.03360659048,4.4
226,0.267164259498,-0.0288000346743,1.28124729627,2.24411962818,4.4
227,0.161379151724,-0.502359605131,0.598900710734,2.17452122173,4.4
228,0.833859804585,-2.90039716602,-0.0151357961476,1.0780492333,4.4
229,0.183053637105,0.306682388925,0.970864593997,-0.505429164038,4.4
230,0.270527386302,0.0769787978462,1.14796506456,-0.562879418251,4.4
231,0.548144396848,-0.335578605149,0.0839602532535,-0.57488895119,4.4
232,0.118832351995,-2.8169893933,1.01316748666,3.28219741897,4.4
233,1.22894777055,-0.243057534555,-0.736691042396,-1.06998333289,4.4
234,0.373420177905,-2.47415008685,-3.9889006037,-1.05698966508,4.4
235,0.327522763194,0.0499958151394,-1.58426492203,2.15602767622,4.4
236,0.317239700494,2.28648203913,1.06100152129,-0.977822645778,4.4
237,0.30349382312,2.06916023373,-0.364016485968,-2.60815589417,4.4
238,0.116610015999,-0.662455911607,-1.15667202614,-0.198075250722,4.4
239,0.184515774343,-0.168146447823,-1.15984980583,-0.761998954162,4.4
240,0.933369169681,-0.546133242258,1.30583612907,0.295313254996,4.4
241,0.258440161608,0.773292806516,-0.301391612774,-2.16762328647,4.4
242,0.347804386418,1.76232591759,-1.72598265391,1.00767929367,4.4
243,0.652357718754,0.348366890855,-6.13660423847,3.10430516786,4.4
244,0.273238131362,0.669720261577,-0.419818863216,-1.00873322832,4.4
245,0.643550135157,-1.58540222988,1.66876150104,-0.934532755851,4.4
246,0.856005412714,0.557867183813,0.589875114337,-2.11446619523,4.4
247,0.859241556713,0.995150293875,-1.21263555372,-1.1393216657,4.4
248,0.995276152678,-0.893897485173,-0.263193863109,-1.9529420631,4.4
249,0.365096513399,3.00139639126,1.23387863074,0.449389211238,4.4
250,0.104185714554,2.20412922673,-1.15521231348,2.43595743874,4.4
251,0.142099268307,-2.69896375973,4.28896803191,-0.0299848790856,4.4
252,0.192235506061,2.73888924048,3.04820557018,3.4909227676,4.4
253,0.116019953429,-0.672277668584,0.535217697414,-0.999103326645,4.4
254,0.393969626921,0.877097875877,-3.6407636271,2.49249940102,4.4
255,2.02817943945,0.138966253233,-0.698739163856,-0.471182801104,4.4
256,0.133942432428,-0.557502625024,-1.17268376231,-1.76315219664,4.4
257,0.702690277898,0.202980646577,1.71184474526,-0.262744542105,4.4
258,0.668022064063,-0.466182661109,-0.632399748219,-1.55749313296,4.4
259,0.596314335353,2.87626327262,0.917205132787,-1.54584980166,4.4
260,0.374226523232,0.664772210782,-0.572316880197,-0.524372656246,4.4
261,0.362809856338,3.34131354539,-1.26791519788,1.08570462859,4.4
262,0.175038017379,2.28367511845,0.889779395673,-0.431184888614,4.4
263,0.105561337823,-1.55851778904,-1.14928276038,-0.926695123508,4.4
264,0.129964555707,1.0607209137,-0.699326280664,-1.01813188749,4.4
265,0.169134051485,-4.06284354732,1.16053277273,-1.14253754908,4.4
266,0.266449379797,-2.11656628221,0.927078328034,3.70685551347,4.4
267,0.266701942623,-0.501280179685,-0.0239113367222,0.944468758629,4.4
268,0.335916393057,2.69243791943,5.0324246941,1.02587378922,4.4
269,0.320188745743,1.13596275282,0.731451055002,1.45456977996,4.4
270,0.750711575499,1.41037700658,-0.224306257468,4.22654720556,4.4
271,0.609335823917,1.40208393926,0.73326319955,-2.60892126301,4.4
272,0.472005481623,-0.522128377246,-0.612279301193,0.448775222561,4.4
273,0.531902758862,0.397422079023,0.591417361503,-1.38085588011,4.4
274,0.171578973959,-1.65130835298,2.30274706332,-0.489117274071,4.4
275,0.375947819426,1.15248124157,-0.342405499383,0.502021423161,4.4
276,0.864063489672,-2.47498629479,1.20262422215,-0.645906278198,4.4
277,0.127717825874,-0.29185648775,-0.641042042273,0.218388922655,4.4
278,0.218688803212,-1.11347914308,3.18859960445,-2.41419526426,4.4
279,0.111316706494,-0.00375725241276,1.85155022099,0.81598912335,4.4
280,0.788381666006,-0.938965745579,2.12792761632,-0.943827025802,4.4
281,0.701400683181,2.13627522706,3.56699860709,0.170432426814,4.4
282,0.303548434455,0.314107848093,1.31642472122,-0.680359468192,4.4
283,0.462822304645,1.96415561026,0.952522518651,1.84096490416,4.4
284,0.188186304814,-0.0183516233417,-2.09825268937,3.92264624149,4.4
285,0.312933512497,0.944584631318,-0.177893514909,-1.28768469419,4.4
286,1.73394783918,-1.92769606109,-2.45436338332,-1.92632555705,4.4
287,0.165311501437,0.503559945657,-1.17038637744,-0.213033809526,4.4
288,0.119047081229,-2.0859882877,0.373406905612,-2.26169609883,4.4
289,0.155170496272,0.874132879045,-3.62663108208,-1.45809934119,4.4
290,0.251970167734,-3.71838702221,-1.74760402078,-0.216586120928,4.4
291,0.191309197565,-1.69943914736,-1.07132619335,-0.0685543038857,4.4
292,0.174331229567,-0.0187010236252,-2.42925037898,0.291843855969,4.4
293,0.105999959444,-4.25071352259,-1.23007522853,2.62333143111,4.4
294,0.143813654081,1.17120598571,0.597690904263,-0.21642638691,4.4
295,0.225646393443,-1.78637063521,-2.03174495046,-1.22025201885,4.4
296,0.106261709656,1.46756345302,-0.483996423122,-2.71817161501,4.4
297,1.0736704441,-1.29652681264,0.189561230076,1.43518039638,4.4
298,0.208244810318,1.82480349538,-1.15967345106,-0.644550395494,4.4
299,0.121137540813,-2.2344521699,-4.54173449506,2.68311965271,4.4
300,0.275447171905,-0.761750286721,0.507503579431,1.33589349539,4.4
301,0.289478181895,-0.506410392598,0.476895811707,1.73861844908,4.4
302,0.496025922159,1.19517055595,-2.09510489085,3.42744417682,4.4
303,0.149758245973,1.34217852236,-0.525740854936,0.521085171241,4.4
304,20.3543762429,-0.208913000103,-0.52923779441,-0.427580990194,4.4
305,0.158251203205,0.195807965988,-2.55764779093,-2.06256486722,4.4
306,0.2336899064,-0.430913262566,1.22037927505,2.56266157326,4.4
307,0.542866625613,0.058466450296,-3.19806922314,2.49890271768,4.4
308,0.114572437064,-3.92862374777,1.46174011966,2.11279516078,4.4
309,0.508610417141,1.18366567205,-0.845990000622,-2.52729767111,4.4
310,0.328543996301,-1.45753063011,-2.26230239442,-1.57973160277,4.4
311,1.00670051773,2.78305334264,1.42012480049,2.56291948222,4.4
312,0.268115195942,2.81046673686,0.0102092404869,-3.43783414945,4.4
313,9.84707378706,2.47945196589,-0.896480041133,-0.230608571041,4.4
314,2.30593489831,0.176660530613,1.9382077128,1.56579905828,4.4
315,0.122864242919,-1.53217730165,-1.23980502635,0.297012504463,4.4
316,0.236339209247,0.58135592641,-0.00381571452751,-1.19061839616,4.4
317,0.15960548683,-0.77299792621,-0.252239837833,-2.04573270205,4.4
318,0.522106513268,2.01121813197,-0.735609756036,-0.114791969279,4.4
319,0.810846243442,-3.3110454782,1.223416179,-1.5059080026,4.4
320,0.370351708343,4.44017352603,0.695780435798,-1.37986189438,4.4
321,0.256265845663,-2.19540245889,1.9723901449,-1.58958483607,4.4
322,0.410199542299,-0.48180061369,-1.84325166673,0.136905558648,4.4
323,0.215313618514,-1.04884026478,0.754723248369,-3.6379886317,4.4
324,0.181859185403,-1.18375399921,-1.32508174071,-1.24298689044,4.4
325,0.155833913846,0.513821878263,2.98809247933,0.526736095977,4.4
326,0.113239763543,-1.1199652235,-0.698709689852,-1.78165477533,4.4
327,0.474409450895,-1.29919507824,-5.03065644224,-1.14870060702,4.4
328,3.41364228495,1.40855260064,-0.478217935954,-1.38664294347,4.4
329,0.12984999536,4.43720489882,-0.48395332924,-1.35489777285,4.4
330,0.159867834412,-2.60578431461,-3.56622662637,-2.35979376547,4.4
331,0.422403382339,2.34969109227,-1.00742750124,-2.07143763613,4.4
332,0.120357031152,1.30329279107,-1.64933482917,0.189437116768,4.4
333,0.499842560474,-0.648942920924,2.19587815368,-0.19520739574,4.4
334,0.37757863044,0.9054248728,-0.292175917639,-0.722153322593,4.4
335,0.342946638729,-0.401646072237,-0.622235945718,-0.0849485396368,4.4
336,0.168669874214,-0.610486956319,-0.658399797579,-2.8877954302,4.4
337,0.102102873226,0.722827617872,1.41957955771,-0.443475541522,4.4
338,0.100106283085,-1.12525060851,-0.936338707471,-0.950093305637,4.4
339,0.43922767989,0.930573771695,0.41376131966,-0.509005634224,4.4
340,0.127736349444,-1.63686993564,-0.511818047899,-1.82185162648,4.4
341,0.361524115145,-0.677500696221,-1.6096595167,2.18651955831,4.4
342,0.510913824112,2.13492409999,1.11233415473,3.24430960114,4.4
343,0.446316883815,-1.28546129707,-2.47154265549,-2.02341949359,4.4
344,0.738779126444,-0.56874451531,2.1348828304,0.0308952279208,4.4
345,0.105378278727,0.651828094774,-0.740918086155,-1.02866382884,4.4
346,0.942973746982,0.602437664907,-0.957858345228,-1.15077474604,4.4
347,0.206730840636,-1.39465467047,0.778786021802,1.47197457491,4.4
348,0.310461365153,0.354421640922,-0.46244389457,-1.36810429501,4.4
349,0.192373336872,0.859932117587,0.504070549225,-1.2818402985,4.4
350,0.191771527318,-2.08460721206,-0.89969067751,-0.889043847166,4.4
351,0.136961371164,-0.445924935012,3.31737190354,-4.30935472329,4.4
352,32.4732240581,-1.30839424338,-1.31881592589,-1.18625649787,4.4
353,0.29305823395,-0.485227067235,-0.563275155095,-0.75953353376,4.4
354,0.535656770876,-0.564920070723,-2.24786935616,-3.09499484855,4.4
355,0.718800818052,0.187422304766,-0.242053689812,-0.920443793677,4.4
356,0.135878645326,-1.81158247109,1.86145170788,0.902398134704,4.4
357,0.261687549395,0.507627407573,-0.22083962776,0.978854736759,4.4
358,0.176010130201,0.0313157222435,-0.412775045762,0.863313355871,4.4
359,1.3990065657,1.26372527052,-0.577998905656,-0.779103670959,4.4
360,0.366235073834,-2.43991667456,-3.15787080191,2.52548496235,4.4
361,0.10151924093,1.38513724397,1.76309850949,-3.62482742902,4.4
362,0.198447683551,-8.71914082365,-1.36879782498,-1.6489427368,4.4
363,0.437726081062,0.61638291958,-0.0918534756926,-3.00338245488,4.4
364,0.103350429454,-0.743078948404,-0.726565073593,-1.01612400909,4.4
365,0.338230280753,-0.105734418971,1.6744392782,-1.83473902135,4.4
366,1.29952217057,0.0791623825473,-1.52622102983,-3.64422787118,4.4
367,0.258686603658,-0.994373350189,0.860210811909,-1.59876055637,4.4
368,0.326566596866,0.318637744561,-0.731589555935,-0.830380876439,4.4
369,0.13734927633,2.88492614021,1.99683772564,-1.12106280824,4.4
370,1.5077177085,0.129686503403,-3.60545609505,0.0737375628102,4.4
371,1.28578516747,-0.211031911985,0.759328939922,-0.446382496759,4.4
372,2.88134027061,-3.49660248636,-1.34990640554,-1.73865169735,4.4
373,0.177179352707,2.94068495489,-2.65233867859,-1.52093428677,4.4
374,0.350890106634,0.213553746469,-1.89868227663,0.170749715008,4.4
375,0.383178597096,0.0846702900192,1.18226207648,-2.1950569729,4.4
376,0.428174431757,-0.992210118798,-1.2669570891,-1.50332590925,4.4
377,0.169291134456,-0.448539658805,-2.18881322204,-0.995966277007,4.4
378,0.357232378832,1.92523100423,0.637877843487,-1.37489211961,4.4
379,0.102615438886,-1.63041427699,-1.68887605931,-1.82330585959,4.4
380,0.10400108617,1.8069975584,-0.864166862122,-1.10736567005,4.4
381,0.200974562808,0.757008732155,0.510308131571,-0.404737564723,4.4
382,0.266747720722,-0.755789430117,-1.21698981122,-0.184445801383,4.4
383,0.807241324981,-2.04910592322,1.1133644561,0.731496520179,4.4
384,0.118428041579,3.01365530236,0.373623413123,-1.08461584669,4.4
385,0.19354128899,-0.262365056822,-0.751156977741,-0.173515352829,4.4
386,0.173110059069,-1.72346897507,-0.29119381057,-0.58891865192,4.4
387,0.13367501615,0.407903750646,-0.932627178126,-1.02201996939,4.4
388,0.130297684098,-0.63957646065,-0.670191273497,-0.342879124368,4.4
389,0.281403870062,-1.50334842338,3.94722504964,0.734546804939,4.4
390,0.219392828111,3.99698295292,3.04632297627,-1.19774473649,4.4
391,1.37684020185,0.67670934028,-0.77727934068,-1.21358491818,4.4
392,0.180124777183,-0.784208990538,-1.36725941344,-2.64410806682,4.4
393,0.104178107482,-0.315354691016,1.84759432863,-0.149929109379,4.4
394,0.110612789528,0.403711767758,0.397521032465,0.791805526093,4.4
395,10.8258721164,2.03647119199,0.752820794058,-1.03736344333,4.4
396,0.141207867409,-1.60255910136,-2.9123170054,-1.94129670874,4.4
397,0.220632603393,0.32540425804,-1.24946332728,-1.04709311516,4.4
398,0.28989384429,0.407681321161,-1.16341310061,0.797905659976,4.4
399,0.198595220042,-1.54349713025,-0.69839675922,-1.10177368561,4.4
400,0.637506723315,-0.0688778898388,0.692993072762,0.0181307259,4.4
401,0.479133985591,1.14012696111,-0.110798307272,-0.236318807463,4.4
402,1.35698392503,-2.71120072909,2.49941077109,0.43635936061,4.4
403,0.145495842098,-0.477592148082,2.65030491871,-2.4558279672,4.4
404,0.423556630193,0.991696003399,1.30999230327,-2.70110396468,4.4
405,1.17133809531,-4.20627521546,-0.889948462717,0.103256171671,4.4
406,0.183448339248,0.350724363738,-1.79752132,-0.27864468897,4.4
407,0.104663971003,1.36093575522,-1.26481283293,-2.2629791871,4.4
408,0.357189562906,-0.555407717473,-1.45370016476,1.30150239235,4.4
409,0.127345588718,-0.706441667324,-2.29260524009,-1.75968054239,4.4
410,0.515465914639,0.807840279671,-0.076346718738,-1.52228098198,4.4
411,1.04820451255,-0.569711948496,-0.362014509617,-1.39428382827,4.4
412,0.101436402178,1.20195439661,-0.339852543972,-0.780724395228,4.4
413,1.06260522089,-0.99226360831,-3.26201496601,1.7490250341,4.4
414,0.11699961103,5.16146748511,-3.03078552239,-3.52351745764,4.4
415,0.403316705358,1.10472384562,0.325156211666,-1.15881992851,4.4
416,2.17900462746,5.36902224368,1.99318180572,0.428523629109,4.4
417,0.154131067213,0.899854934715,-0.761202112694,-0.198928460685,4.4
418,0.204789018831,-2.66298587627,-1.59081305876,-0.254418816141,4.4
419,0.125049723622,0.453754233351,-0.656412212356,-1.21488656797,4.4
420,0.338409100162,-0.808851131109,-1.65029253111,-1.97554543821,4.4
421,0.259024702532,-2.2602008523,1.83531911774,0.416679487756,4.4
422,0.490875864305,0.638543891481,0.457779213006,-1.11596379608,4.4
423,0.273373477322,2.88842667376,-0.916290754911,0.00756541757594,4.4
424,0.228499277852,1.68334560679,0.773584625415,-2.6103355067,4.4
425,0.206326207633,-0.735119366323,-2.50822942852,0.173143340673,4.4
426,1.44433986861,0.127008306863,-0.362559255489,1.21323785746,4.4
427,0.222828488369,-0.599914517185,-0.996070675449,-1.82420310703,4.4
428,0.146952520182,-1.78576580232,-0.863987220238,1.97258659213,4.4
429,0.917224786534,1.08712567564,-2.90582372826,-0.734196441746,4.4
430,4.23890101737,1.67333999636,0.225193002558,-1.1542599459,4.4
431,0.111727286279,3.24256604449,-3.38443304003,-0.375550336309,4.4
432,0.147479343066,-2.39395374723,-1.43784643927,-2.48054312549,4.4
433,0.13357662057,-1.01505232321,-0.852379622173,-2.61573523612,4.4
434,1.00995677827,-1.50646163671,-1.24453046893,-0.279448945013,4.4
435,0.119353117286,1.09351638438,0.481684325912,0.353057312086,4.4
436,0.116139000168,0.447243507328,-2.82131432479,1.13464502716,4.4
437,0.100635791026,-2.71458449278,1.72777362747,-2.52718925759,4.4
438,0.810409236622,0.983911755771,-0.482686412272,-0.778528846139,4.4
439,0.140176112764,-0.971906458824,-0.279041942208,0.0264461138592,4.4
440,0.120602529857,-1.8171700465,2.55661148587,1.19842656033,4.4
441,0.510320883804,-0.573735878105,0.0234892929355,-2.98591753238,4.4
442,0.111849407976,-2.55095503996,-5.278655146,1.82673711912,4.4
443,0.100626728848,0.921772615915,-0.268278996261,-1.17497032253,4.4
444,0.31931774411,0.613904019044,-0.572723321901,-0.472048375932,4.4
445,0.461469274429,0.966687495961,0.237916713787,-0.249164991515,4.4
446,0.748211642982,0.696691598762,-0.275641667637,-2.69404690866,4.4
447,0.112149477561,3.5317801257,0.391253782681,-1.52404399897,4.4
448,0.117422824379,-1.35188543771,-2.08815083413,2.91530951533,4.4
449,0.146285605821,-0.788971552495,-0.407935641317,-0.975614875845,4.4
450,0.605158935055,2.20351570778,1.27038702496,-1.64146502232,4.4
451,0.326620770396,1.00835658482,-1.4076461584,-3.12488686425,4.4
452,0.143939052175,0.0404189596727,-0.729675409185,-2.66891481197,4.4
453,1.97456967507,-1.73141701728,2.10519395125,-2.02251108625,4.4
454,0.101032409386,0.115848737256,-0.313495086629,-0.607563855859,4.4
455,0.268959023745,0.101267956685,-3.59673545078,0.0191659669996,4.4
456,0.265987551187,1.10813618864,-0.0511326657784,-0.574782677686,4.4
457,0.109782827461,0.482744123689,0.933451874283,-1.28478910816,4.4
458,0.20975172613,-1.41951173737,-0.163034467314,0.0642343694277,4.4
459,0.330515202918,-2.50767913181,-3.10693137954,0.777179327955,4.4
460,0.246949368255,-0.21636222726,-4.8703029251,1.87866366727,4.4
461,0.80501387042,-0.837047656205,-1.77929965917,0.620581875226,4.4
462,0.21385757178,-0.712022140961,1.17351345043,0.431419094071,4.4
463,0.23549757027,-1.94850328323,-2.28422056812,2.78483431441,4.4
464,0.137002508674,1.07539336472,0.176605757707,-1.55135476646,4.4
465,0.268534967132,-0.973974555877,-4.00758091862,-3.0697414525,4.4
466,0.197405867099,0.789525577234,0.302646994613,0.491761064057,4.4
467,0.126807816337,-4.46974240941,-0.592426446132,-1.06807672327,4.4
468,0.101391727932,-0.111075250115,-0.806665105308,1.87994910348,4.4
469,0.497954283238,-1.13467361719,-1.08692866903,0.307090676253,4.4
470,1.17053425425,-0.0153195923353,-0.500596355424,0.595496057016,4.4
471,0.329314113716,1.70042745356,-0.828292412683,-0.544787325047,4.4
472,1.01584274867,1.50566125562,-0.617246744539,-0.392880907683,4.4
473,0.317243500806,0.038855004812,-0.480666032366,-0.245680598325,4.4
474,0.379056750377,-1.99960225177,-1.60169302412,-0.984511890492,4.4
475,3.70786284673,-1.29421532023,-2.50262024707,-1.07451310803,4.4
476,1.67605628919,-1.42482361232,-3.1840544648,-1.6081080706,4.4
477,0.277294522184,-3.41151547201,-0.352831919364,3.5243965973,4.4
478,0.758589283915,-0.187563990452,-1.01794065436,5.351601057,4.4
479,2.12746699711,0.489617494271,2.98585109822,-0.424799738314,4.4
480,0.916826835482,1.24659759198,1.06170728899,2.63717976502,4.4
481,0.437234951304,0.740377272498,-0.50626449556,-0.667261710653,4.4
482,0.99667628332,1.25082794041,-0.807311828165,2.94508159058,4.4
483,0.140763589432,0.939758019371,1.96024984257,-7.38230396785,4.4
484,0.653425067691,1.20606009919,-3.79598959585,-0.142339362254,4.4
485,4.84312185361,-0.0451909186353,1.02402956219,-0.284471962081,4.4
486,0.834419484644,-0.205966253841,-0.593720374807,-1.68611361534,4.4
487,0.317505951773,0.543839235197,0.259421284234,-2.14537793931,4.4
488,0.333118655105,-1.05176921694,-1.55052807259,1.17309223556,4.4
489,0.13741496532,-0.857174605675,-0.533402102628,-3.52658441761,4.4
490,1.06589186491,-1.31904409909,-1.50062667912,-1.41714894855,4.4
491,0.339476052226,2.68125170766,-0.602483730909,-1.65826762891,4.4
492,0.157465178254,-1.77912059788,-0.743152703163,-1.18919555537,4.4
493,0.116010688902,-0.560710982717,-0.179155705512,0.253004767619,4.4
494,0.277818125762,-0.0356444469225,0.686935664358,-1.1407534631,4.4
495,0.705949146208,0.954246665048,0.383418702061,-0.516621716511,4.4
496,0.117969469364,-2.56008371406,1.6064297792,2.16058770213,4.4
497,0.11103040042,0.0407060736703,-0.391765908814,0.0551937042447,4.4
498,0.131062114753,-1.33610227318,2.54701149021,3.95110847637,4.4
499,0.775443526823,-0.062250501583,-0.0444684590253,0.237340426399,4.4
500,0.145832728802,-6.1793885178,2.97973086106,-1.97408319562,4.4
501,0.397739635813,3.06142528853,-0.891332250811,0.0855612942459,4.4
502,0.860386728832,0.988716288545,0.298096409557,-0.968736683189,4.4
503,0.278010381537,-0.0926528531581,-1.17389316579,-1.61080052009,4.4
504,0.334312315075,0.0816619754951,-0.569530731379,-0.651125508435,4.4
505,0.18101551271,0.379417565077,-1.20538445092,-0.404773817626,4.4
506,0.586446529527,0.776827701695,-2.76974518253,-1.48212688147,4.4
507,0.670269104672,2.57893945764,-0.820082686072,-0.859514091799,4.4
508,0.359321548612,-1.12286263213,-1.62452772157,-1.43879527096,4.4
509,0.55972487311,0.0714594363644,-4.5396196942,0.0217232498468,4.4
510,1.03700048293,-0.991649288785,0.387056750711,-1.44390481225,4.4
511,3.00048454098,-6.038999404,-9.95141838865,-9.1088346567,4.4
512,0.629435843287,2.5225409022,1.51367567946,0.904428663123,4.4
513,0.386702819555,-0.654188389616,-3.84710202881,-0.0215681467803,4.4
514,0.401951580788,-3.2807999988,1.06237158978,1.78766510902,4.4
515,1.97098937808,-0.0572333845862,-0.787874320194,-2.92176429193,4.4
516,0.226198484712,-0.617192585261,-2.51440183993,-1.73998344007,4.4
517,0.155943860219,-0.735958140234,-2.94523092078,-0.859566736722,4.4
518,0.201245197031,3.1991762954,-0.545790733065,-2.31872098605,4.4
519,0.216776234562,-1.48314469065,0.706105768861,-3.36393465474,4.4
520,0.1418081985,1.25590439673,0.0766395698005,0.510885625783,4.4
521,0.132440633136,-1.35699809587,-1.20204847661,-1.11395565096,4.4
522,0.154650637278,2.94605880711,-2.445103707,-1.71130237225,4.4
523,0.194923848975,0.446404922594,-0.685453037092,-0.786294777141,4.4
524,1.18453657723,3.37357283286,-0.66449351285,-1.02851120772,4.4
525,0.217336859271,-0.203882694293,-2.06227466247,-2.67803163435,4.4
526,0.622696149961,-1.4683727618,-3.21897695844,3.3067856219,4.4
527,0.113669393955,-0.165862550622,0.926586058915,-1.65934752725,4.4
528,0.391451411855,-1.35782989289,-0.590188596253,-1.67177989093,4.4
529,0.187077667302,3.43791622195,-0.458648676337,-0.063204683405,4.4
530,3.95055939125,-0.792885276146,-0.920912805239,-2.51440944099,4.4
531,0.498974154837,0.364550686098,6.16740678935,1.50294513142,4.4
532,0.574645687243,1.39313276597,0.231357186512,-5.30459120606,4.4
533,0.185118352723,-2.19426634033,-2.22708963934,-1.07774039302,4.4
534,0.796344962912,1.3284611601,-0.769003666929,0.447888138954,4.4
535,0.109867842043,-2.51191122598,0.0267681701932,-0.576925181196,4.4
536,1.16828832721,-1.40891434726,-1.78342118947,-2.46426430784,4.4
537,0.192735474973,-0.683959804173,-0.514488301066,-1.06761898593,4.4
538,0.312968698416,0.487054838489,-1.17879651689,-0.0902269802383,4.4
539,0.110186459852,0.413197462631,1.73010421102,-2.24224045574,4.4
540,7.47032101949,-0.335431922776,-0.914078293942,-0.472419644671,4.4
541,0.975309104553,0.257637000978,-0.840372084032,-1.72842305756,4.4
542,0.652643246116,0.559578654164,-0.449455147043,-2.5759191197,4.4
543,0.302438658349,-0.604811980923,0.357875733828,-0.0806639042259,4.4
544,1.39783275773,-0.600890905819,-1.61464189787,-1.4169755801,4.4
545,0.142522767079,1.10971510135,-0.296350144401,0.194992605215,4.4
546,0.212058879225,-1.40075418296,0.322396925518,1.04293871208,4.4
547,0.200180324999,-3.1699724465,-1.77086737443,-5.03708581599,4.4
548,2.81883654167,1.34549482734,0.0911858360714,0.0590638609728,4.4
549,0.168305731668,-1.29753461802,-2.20131518033,-0.900127498518,4.4
550,0.372211387302,0.0641244767263,0.403439085878,0.21207010976,4.4
551,0.404005741871,-1.81063959574,-1.14944002022,-0.230488264107,4.4
552,0.414747848288,0.345285401979,-0.768871818951,0.0029731059178,4.4
553,0.235788010213,2.01843076586,-0.794073994982,-0.937366685871,4.4
554,0.75020173263,0.450393953392,0.0844229664397,-2.50086201688,4.4
555,1.66549729795,-1.79432692758,1.80918697684,-1.42749260751,4.4
556,0.461108854304,-2.2968576783,-1.95058322509,-0.274180024559,4.4
557,0.12378799179,-0.865964409981,-2.25847150052,-2.41280784829,4.4
558,1.36266168542,-0.853565494557,-2.02884339454,2.26721859463,4.4
559,0.596818936182,0.614177189988,-1.17297878268,-1.63793158945,4.4
560,0.134924055986,-3.36046857017,1.12328797211,-0.133500730914,4.4
561,0.176803206415,-2.00020733907,0.852600350692,0.127468701924,4.4
562,0.138050294503,1.80329720836,-0.582645655461,-1.57639381374,4.4
563,0.153968083606,0.964523829059,-1.21497691222,-1.24015301145,4.4
564,0.674428237039,-0.10949116917,0.546715816655,-0.194259692014,4.4
565,2.62111567794,-0.524337521162,1.84081005848,1.26568584244,4.4
566,0.320309155019,0.190286602102,-0.341523745572,-0.423283803319,4.4
567,0.161025546823,1.4215328153,-0.113169675615,-0.730857258981,4.4
568,1.12615540351,-1.15087373875,-1.65767362588,-0.752357339118,4.4
569,0.266128223121,-1.53820737922,0.141632306653,-3.16938676024,4.4
570,0.193073400912,0.571932060451,-1.67155047672,1.76692677763,4.4
571,0.237708388872,-0.311030740792,1.55823311674,0.272740844582,4.4
572,0.587526126915,0.514207432139,-0.992715159052,-1.60501454386,4.4
573,0.155301951158,1.83518848793,-0.990596886451,1.45462022512,4.4
574,0.225876586746,1.74191995016,2.59168330451,1.3472883716,4.4
575,0.154324513986,-0.843433004761,0.777127685178,-0.720204540758,4.4
576,0.153384101678,1.11038789865,1.03610617654,-0.681269311621,4.4
577,0.284385255868,-2.83804929224,-5.29391802429,2.50548221801,4.4
578,0.127992708064,2.78899849543,-0.286582655937,-0.269777240592,4.4
579,1.93300497709,0.604934042612,-0.831920583372,-1.00662567527,4.4
580,0.727298129016,1.49508166944,1.03676736466,-0.258038382664,4.4
581,1.54288146739,-1.04565607339,-1.07788719149,-2.8015907613,4.4
582,0.339426535148,2.73663246988,0.719516515646,-1.78827240072,4.4
583,0.165637298995,1.04563083792,-0.672814345558,0.684727385947,4.4
584,0.623802098414,0.151918840346,-2.40008817406,-0.346984322189,4.4
585,0.22418824647,2.35518020045,-0.795367178307,3.59238682332,4.4
586,0.111315674716,0.446872639497,-0.518032700505,-0.830860804734,4.4
587,0.233562809043,-0.800295404154,-3.24987438348,1.60639367101,4.4
588,0.453640579419,0.243118309642,-1.00967307506,0.283328352113,4.4
589,1.12123209707,-1.67546109986,-2.13620476935,-1.43117178614,4.4
590,0.228246797775,3.50959263849,-1.14961880582,-1.63056215859,4.4
591,0.113030268505,-1.03109754141,-0.108791158949,0.322498029683,4.4
592,0.71882470542,-1.16684416683,-1.72394818662,-1.30854727007,4.4
593,0.144816162298,4.03575791962,-0.0841632316857,-1.64619693714,4.4
594,0.18519077039,-1.97210091542,8.32854873482,-2.82467455235,4.4
595,0.183024108959,-1.46514187941,-0.597583610579,-0.511896537435,4.4
596,0.276341316123,1.38831185966,2.43604514032,-3.16306889338,4.4
597,0.489864909396,0.134882032449,0.35290006256,-0.675234076982,4.4
598,0.316394042581,1.64902767465,1.22025543626,-2.42967319721,4.4
599,1.09181260462,0.0326954249657,-0.486098269223,-0.0877945638666,4.4
600,0.189471734452,-4.34328018018,-2.99133195316,-0.919978654762,4.4
601,0.148737123262,-0.553607648955,0.597508713393,-1.32328541037,4.4
602,0.173170280248,-0.0186249008742,2.61286572042,-3.95630897578,4.4
603,0.541235334812,1.3735866996,1.77654062389,-2.72701871466,4.4
604,0.239706172351,3.64801364786,1.3183636642,0.603212402583,4.4
605,0.387602381464,0.673874445916,0.445197996258,-0.964759849056,4.4
606,0.106401650785,-1.1336249646,-0.523224828611,1.4137801277,4.4
607,0.115657705618,-0.567472156321,-2.3047155221,-3.07580658583,4.4
608,0.391019027937,1.37385830874,-0.122923413317,-0.135693082989,4.4
609,0.268444173799,-2.12651356731,-1.73190891359,-0.170358343256,4.4
610,0.669213408146,2.26364316102,-2.8837592743,-2.09762949945,4.4
611,0.441779818012,-2.21114315375,-1.66049610846,-5.13940174344,4.4
612,0.528836563323,0.325500413814,-2.6923310696,1.15149960389,4.4
613,3.11795552245,0.403960522025,-2.42715390633,2.3766975119,4.4
614,1.69270777926,1.19046896951,-0.163126780258,-0.587463827044,4.4
615,0.153524327148,-1.12947754671,0.175643596407,0.820674839251,4.4
616,0.741628296408,0.00242430595641,1.09861857853,0.712066444903,4.4
617,0.927199833329,-1.06515252108,2.10901546263,-2.30998034136,4.4
618,0.18916472842,-0.776341835496,-3.92095441127,-6.23282377709,4.4
619,0.53786375477,1.88762098046,1.22963383142,-0.73878526539,4.4
620,0.65308257464,-2.57833342238,-0.365113878962,0.629491740259,4.4
621,0.121070026556,-1.77705605103,-1.96304023223,-1.58638473665,4.4
622,1.28965806288,-0.737535426633,-2.12853826936,2.2421175685,4.4
623,0.183058760915,0.543117755813,-0.64937694985,-1.50033587715,4.4
624,0.126013000881,-1.73618500567,-1.52801522672,-0.510746779669,4.4
625,0.305866883546,0.257477587535,2.57474406845,-2.24302317566,4.4
626,2.08375027506,-1.7516426417,-3.01424776852,-2.60154811354,4.4
627,0.700477199236,-2.22000052096,-0.254300350861,-1.25071680221,4.4
628,1.9232781192,1.86293117366,1.00795000035,-2.92910307744,4.4
629,0.206823203991,-0.313256740721,-0.718450973367,-1.28466099352,4.4
630,0.124151947728,0.787298824014,-0.130142805072,-1.46625090631,4.4
631,0.789806282972,-0.552520943807,4.00416931183,-2.6881816892,4.4
632,0.324555922389,-0.516812290722,0.434966792702,-2.43084737893,4.4
633,0.13902884872,1.38478410282,0.562146383746,-2.55597707548,4.4
634,0.61615546065,0.317705135281,0.119607686725,0.933526085123,4.4
635,0.235840568161,0.443919276576,-0.606874548112,-1.55420079544,4.4
636,0.521322316662,2.3439812973,-0.126508359877,5.46520731993,4.4
637,0.206060397627,-0.925900522566,0.346115344812,-2.30675513675,4.4
638,0.381024622507,-3.81862720801,-3.5924845274,2.83853057948,4.4
639,0.212040237827,2.09611285942,-1.07931467913,-0.473270945552,4.4
640,0.260363195209,3.22529128033,1.7298284945,2.32875053149,4.4
641,0.167723371655,-4.03709826377,-0.823971113785,-2.63637365859,4.4
642,0.478703025133,0.448423954001,-0.430593882188,-0.319517854695,4.4
643,0.284870897425,-0.480391861934,0.692466774007,-0.694415448535,4.4
644,0.160209215511,-1.45394242703,-0.976476819198,2.94127504478,4.4
645,1.28067678142,0.303560739609,1.00288178848,-1.47117119729,4.4
646,0.27671289089,0.77748165892,-1.43513539993,-0.336456976144,4.4
647,0.905928955227,0.416413635122,0.520037225574,-0.522430112676,4.4
648,0.241462341456,-1.44707654031,-1.03658297458,-1.1413843619,4.4
649,0.260676372762,-2.37378978856,-4.6603132243,1.08177156755,4.4
650,0.677827555845,5.01232324899,-0.539228961284,-1.16286471425,4.4
651,0.112965439191,3.19387920996,0.385909359193,-1.90651133965,4.4
652,0.160762313038,0.869420768026,-3.86464004239,1.92699721901,4.4
653,1.04304533242,-1.0971414739,0.307838873788,-0.564061639994,4.4
654,0.19166762756,-1.09610477162,-0.246146097443,-0.790546730671,4.4
655,0.479604046824,-1.26757241609,-1.98479135073,-1.96748353975,4.4
656,0.413472013543,-0.276567401552,-1.21706346972,-1.25664496251,4.4
657,0.472794082332,1.58951291296,-2.01275342716,-0.244975521096,4.4
658,0.136426518603,1.84507023716,0.991152403606,-0.996511323528,4.4
659,0.307638427731,-0.369925318305,1.85719192401,0.348614105146,4.4
660,0.163619874776,0.477771906164,-0.701530034403,-0.496265848253,4.4
661,0.106850266404,-0.117853058381,0.0622316250416,0.617821112944,4.4
662,0.162738735773,4.2001806349,-0.0745485491528,-0.00781885688857,4.4
663,0.459156518883,0.582848663176,-2.82093610778,-0.559756021468,4.4
664,0.520538697988,-0.0448623946691,-0.223876755617,-1.92115154242,4.4
665,0.357981753726,0.114175451876,-0.742332036229,-0.714629894265,4.4
666,0.167077349117,-1.77416129058,-1.3933119882,1.37366507851,4.4
667,0.666890348897,0.442189951632,-0.108401388413,-1.91502782762,4.4
668,0.102939448806,-2.07421305872,0.145164220106,-1.35648498103,4.4
669,0.234869218303,0.735484633536,0.0599639568648,-0.869394860971,4.4
670,0.419070560591,1.84722354897,0.596362500098,-0.989703907158,4.4
671,0.368016397759,-0.617823192802,-0.382386861184,0.734438249894,4.4
672,0.261565209591,2.24103488951,-0.105908751352,-1.27430859351,4.4
673,0.134113168115,-4.90322425312,-2.86193145791,5.56444293446,4.4
674,0.51709572487,1.46743563005,0.206041184382,-0.310401742657,4.4
675,0.708822757316,1.03052250825,-0.49855528461,-0.777258570705,4.4
676,0.186618230289,0.77513481629,-2.26377485729,0.475669618258,4.4
677,1.73885803618,-0.923481398535,-1.91613455923,-2.00662603941,4.4
678,0.159167511792,-1.76044203554,0.877828847486,-4.25782385808,4.4
679,0.406381555012,-0.354118664205,1.61580924151,0.104129189493,4.4
680,0.303674563238,-1.5533095196,-0.695364528505,-0.649163995813,4.4
681,0.416035746112,-0.86620575488,-0.321763664105,-2.20952195349,4.4
682,0.179335161008,4.49533340129,5.49646017759,-1.83491915111,4.4
683,0.496190307405,2.47679809732,0.210243594433,1.51121236558,4.4
684,0.256403126863,-1.59702448356,1.11184352437,-0.0869830311901,4.4
685,0.414390794669,0.743431219192,-0.891623069129,-0.48488440186,4.4
686,0.192160638335,2.14649311333,-0.799554290345,-1.97955013225,4.4
687,0.103932513509,-2.60503350873,-1.25630754962,-0.765647815533,4.4
688,0.1225275452,-1.86362465041,0.0598758272727,-0.623630573247,4.4
689,0.118372706851,-3.52106048006,1.93698740108,-0.873907529003,4.4
690,0.316019390532,-0.843713339826,0.541766668852,0.890242241221,4.4
691,0.664867799511,-0.285194854487,-2.22091832233,-2.51907954398,4.4
692,0.42142177035,0.895368267062,-0.813147319631,-1.37864601531,4.4
693,1.74869252967,-1.05680551469,-0.747014513323,-4.73515401802,4.4
694,0.252783510499,-1.29116795454,-1.66872312748,-1.18660095055,4.4
695,0.118664633047,-1.94809301211,-0.639599183311,2.39819885559,4.4
696,0.211102366272,3.45387394154,-0.997143815575,0.644469694354,4.4
697,0.129844187242,-0.520925325261,0.068701176518,3.43560267494,4.4
698,0.155549779606,3.92099249473,-0.697218460801,-2.25737443478,4.4
699,0.427556688254,-2.03579922697,-0.948400693858,-2.191265273,4.4
700,0.812386955872,-1.77527653037,-1.5922194662,-1.71661757571,4.4
701,0.114298053636,0.836087604712,-0.70008793916,-0.629196518959,4.4
702,1.89271329229,0.69121708804,0.0566063818688,2.16806912716,4.4
703,0.886256696157,-0.198541581911,0.491565286102,-0.0287696900458,4.4
704,0.694040287126,1.78688641711,0.761313521062,1.36337037908,4.4
705,1.49987183889,-4.21027301875,-0.847712789518,0.888831994814,4.4
706,0.140776691313,-0.321855526398,2.73208874784,-3.13875787103,4.4
707,0.31607942876,0.751492632094,-0.81226532705,-0.951584874197,4.4
708,0.508885266854,4.04970723631,-0.946040259381,-1.1678546714,4.4
709,2.25412595607,2.3109871315,0.792691525132,-1.38634135597,4.4
710,0.570851101478,1.18821354955,-1.36434877775,3.30823839998,4.4
711,0.27314185142,2.90626463006,-1.37774092087,-0.771808820344,4.4
712,0.292362362138,2.25512263837,-1.92473917103,-1.4395079314,4.4
713,0.3041785713,-0.145867103456,-0.339984487246,0.21916734417,4.4
714,0.682194232844,2.97547891137,1.95910897896,0.535975533993,4.4
715,0.200782632689,0.996262799679,-3.66805994947,-5.05395390485,4.4
716,0.224133883671,0.190708453028,0.538366350078,0.214554699831,4.4
717,0.202572798307,0.979568524057,0.240836439187,-0.486077221196,4.4
718,0.16701876069,-0.48849346886,3.10876612505,3.15632732765,4.4
719,0.138642118018,-0.494986636821,-1.43825806337,2.45924038798,4.4
720,0.208713034105,2.04955565769,-4.34627963061,0.142504743363,4.4
721,0.147026197358,1.4520193632,1.49689492816,-0.301928064498,4.4
722,0.11802810857,1.54785420425,-1.26473934435,-1.79029501164,4.4
723,2.20891403167,2.33519845106,-0.0490533315033,-0.0886965433623,4.4
724,0.118394053605,-0.741617221349,1.97155657916,2.54859174628,4.4
725,0.100208755225,-1.46692221955,-3.02220715432,0.813772805352,4.4
726,0.877622372134,0.500861793653,-3.67933227809,-0.806644285332,4.4
727,0.370162660746,-2.26411954262,-2.44925228531,-0.491139600819,4.4
728,0.570622426875,-1.82482021714,-0.928010565983,-1.34597586847,4.4
729,0.544551302722,5.00802225125,0.00497017334826,0.12182064554,4.4
730,0.144693449525,0.918588714728,-2.43061106082,-1.02037333092,4.4
731,0.142067948133,0.659615173553,0.329645067426,0.345705124505,4.4
732,0.431673166786,0.194101894805,-1.77483309657,-1.40165165246,4.4
733,2.4046042317,0.913654808576,0.762617985252,-0.902645035853,4.4
734,0.254989779448,-1.07655060129,-2.75121881522,-1.01783170544,4.4
735,0.218838697637,-1.41657326596,-0.109720965508,-2.02401131026,4.4
736,0.302653625294,2.59677442951,-1.40021795034,0.493055958951,4.4
737,1.1083919608,2.54062682315,-2.4868598366,2.25596611348,4.4
738,0.399194226002,0.948764479144,0.209876508492,-1.73450333754,4.4
739,0.151161187716,1.77244066568,-2.96253852688,1.35172963461,4.4
740,0.4937003969,-1.20727669305,-2.56585424063,-1.60571659279,4.4
741,0.109332652352,3.89175734801,-0.242648800576,-2.32110038582,4.4
742,0.210311595852,-1.76239501712,-1.71763131178,-1.37109816317,4.4
743,0.151959863282,-2.60296041623,4.60122084308,-0.422347261255,4.4
744,0.205489902379,0.9194363343,0.884223075152,-1.48520411809,4.4
745,0.642396917574,0.459711814374,-0.839882138101,-0.959219045207,4.4
746,0.516497966179,0.996318192248,0.268173738115,-0.200447014515,4.4
747,0.165273445503,0.925041026739,-1.34524457658,-2.17477685774,4.4
748,0.16674080942,-2.46402587552,-4.44152747566,1.85672790031,4.4
749,0.410333497328,-3.84604422932,-1.19527010421,-0.304167512621,4.4
750,0.53767036846,-0.703229536704,0.681156762343,-3.99975905928,4.4
751,0.261520110005,-0.262841854288,-0.6221740098,-0.895186912828,4.4
752,0.167963842464,-1.43721230057,-1.74786833181,-1.09653965453,4.4
753,0.387308921806,-1.8964769048,-1.22496671654,-0.797451432287,4.4
754,0.279847218093,-0.711955660732,-0.637447187764,-0.69804354685,4.4
755,0.736765141634,1.06433257788,-1.3960976397,-2.03682236898,4.4
756,0.100220059218,-0.489253140901,-0.654928649871,0.622275725281,4.4
757,0.468203791549,-0.0718655839338,-0.222545768832,-0.845541995094,4.4
758,0.106480383406,-0.808590159969,-3.87086814101,-1.53490104899,4.4
759,0.122369312404,-2.35706536812,0.455551672847,-1.62358611491,4.4
760,0.409556978147,0.865359082109,0.918922026059,1.01809430547,4.4
761,0.14255836015,-0.590387742658,1.23161818146,-0.248460069388,4.4
762,0.438471862465,-0.0542971250271,3.21062143583,0.516461295665,4.4
763,1.19545057987,0.12297778455,-0.168027360835,-1.0361054471,4.4
764,0.247817170389,-0.318824176813,2.83054351781,-0.544585905313,4.4
765,0.259703628385,1.52794046491,-0.90231767959,-0.314451781218,4.4
766,0.710736171461,2.35631928958,-1.74191004804,3.52021523687,4.4
767,0.679677541848,0.613663356887,-0.217404108357,-0.115762873629,4.4
768,0.60227045326,-0.444695377579,-3.05990511186,0.692387717501,4.4
769,0.342175610278,-0.459168811266,0.599867984615,-5.04253613145,4.4
770,0.394765382357,-6.52832312295,-3.68225848559,-1.3747779348,4.4
771,0.148122973423,2.0543367044,0.883619955524,-1.39296937932,4.4
772,0.194908423455,-0.168082991662,0.942678437652,-0.0848577864528,4.4
773,0.174145736898,0.394052086625,1.15647261486,1.18011919187,4.4
774,0.209838462975,-0.683989727455,-3.05273186247,-0.281817394057,4.4
775,1.35778514044,-1.13950390845,-1.26305799571,0.669766634747,4.4
776,1.30067450123,1.18696555086,1.24342649467,-0.444965704035,4.4
777,0.274220261027,1.07588742267,0.29766543836,-0.97077079002,4.4
778,0.457130040867,-3.06866430505,-0.377712077748,2.69061755129,4.4
779,0.477186987981,1.76127011737,-0.326651055037,-1.68749867245,4.4
780,0.185750009846,0.680958316828,-0.169828016882,-2.44848056717,4.4
781,0.257877693937,0.700308484441,-0.238704007722,-0.642351596658,4.4
782,0.359483957527,-0.588719988134,-0.192944822435,-3.57645208565,4.4
783,0.47684365454,2.11504799195,-1.46401883789,-1.50578646295,4.4
784,0.258811558138,0.263271348557,1.97524461467,-2.15524314199,4.4
785,0.130728133904,-0.363373508637,0.718546178193,-0.0932641514957,4.4
786,0.160048466848,0.912588074382,-0.793451274872,-1.58648323652,4.4
787,0.402003009941,-0.122123059264,0.593728180706,-3.19082306827,4.4
788,0.353517060473,-1.60664524314,2.0793022556,0.902018506441,4.4
789,1.18728586247,-0.233434980938,1.66887887702,-0.978883390109,4.4
790,0.161209156748,-0.733574184449,-0.657706352341,-2.78555178357,4.4
791,0.484553901512,-1.26315599378,-1.04587767827,-0.202893038145,4.4
792,0.256967204054,-1.48961155872,-0.484678267359,0.745975612143,4.4
793,0.404508462046,-0.53805889691,-0.749657825263,-3.94352992365,4.4
794,5.87742810998,-0.664118034353,-1.71562470192,-0.61377341391,4.4
795,0.287048332806,-2.22274197726,0.416149386539,1.64440091375,4.4
796,0.220879927803,-0.760258170512,0.633931949086,2.42028299952,4.4
797,0.270746362519,0.444926371984,0.511687208106,-0.55251198885,4.4
798,0.123237197846,-0.848115170679,4.57262086809,1.41161770499,4.4
799,0.153797043036,3.50427671325,2.00954916576,-2.04486245669,4.4
800,0.174666987243,-1.64812424968,-0.874858465783,-0.858377907983,4.4
801,0.164071906345,3.81361633642,-0.342660815544,1.5875435418,4.4
802,0.242547342649,1.32063623553,-0.100044312237,-0.649198665425,4.4
803,0.141681578668,-1.92154874846,-2.17112750487,0.209189085439,4.4
804,0.389627888041,0.688740387625,-0.996677272523,0.805282364142,4.4
805,0.406078989419,0.175014371298,0.458207633229,1.2563601666,4.4
806,0.107223618263,-4.31353261378,-2.90626539391,-2.92897777528,4.4
807,0.467376736108,2.04167339541,-0.41909597772,-4.12830938318,4.4
808,3.17457075542,-0.0167691491442,-0.850351212894,-3.41025074883,4.4
809,0.116015947298,0.912656370842,1.70850336193,-0.0235361215031,4.4
810,0.337700370281,1.59191796533,-1.61829124393,-0.89081842429,4.4
811,0.182685815383,-0.343038199882,1.81511720208,-1.2550360232,4.4
812,0.115282752863,0.53439117898,2.13129134102,0.0517417709119,4.4
813,0.185566977195,-0.339708496718,-1.90818799408,-0.313997321943,4.4
814,0.46041288653,-0.690943191924,-0.0782657126498,0.367714290734,4.4
815,5.87407345073,-0.917165692784,5.04650319611,1.22298080674,4.4
816,0.180894072287,-1.41824947933,0.691102507509,0.124401511974,4.4
817,0.213107245376,0.136307794509,-0.0262390045225,0.913027199691,4.4
818,0.107835881838,-0.138616495643,0.870997461931,-0.245116639201,4.4
819,0.333987186295,2.16795214246,-0.786348021579,1.64905459227,4.4
820,0.329212649542,-0.0180531210714,-0.236724160878,-2.64836039749,4.4
821,0.506827678484,-4.21194415236,-0.570451853189,1.33112736585,4.4
822,1.31603404247,0.447374910544,2.72638672737,-2.61864158113,4.4
823,0.232426323914,-1.58683168466,-0.0854011338296,-1.72777073486,4.4
824,0.159155076967,0.608091224809,-0.604043493068,-0.979805471554,4.4
825,0.130584980506,0.396003036773,-0.694603455612,-0.448069094926,4.4
826,0.278926600499,2.26132528207,2.57413475187,-2.93891449557,4.4
827,2.07791280938,0.640006651543,1.71335401449,-0.269428933052,4.4
828,0.196626664363,2.71562143461,-0.231741651265,-0.625653772915,4.4
829,0.1165248672,2.73802199979,-6.47920505194,3.39772836444,4.4
830,0.158170353405,1.29336707116,-0.259695456803,0.628230198861,4.4
831,0.327271168247,-1.25361415934,0.892140813965,-0.989669278032,4.4
832,0.162760615249,-0.502764870609,2.07823221894,-1.46582034151,4.4
833,0.141428008701,1.94494773223,-0.854524756131,4.53675572754,4.4
834,1.51431345189,-0.25794140997,0.58404107157,-0.441529079038,4.4
835,1.37710882068,2.15034061632,-0.141394203962,0.558316379005,4.4
836,0.708278898867,0.375044749197,0.382579724547,4.8163084441,4.4
837,0.210894065493,0.576643963862,0.709747138597,-0.783173242689,4.4
838,0.127577486084,0.777425411341,1.72639341151,0.125342561402,4.4
839,0.185427864803,0.027623577612,-0.847225645879,-2.60553639663,4.4
840,1.1360771053,0.691084763986,-3.27445158028,-0.202858959649,4.4
841,0.111707391604,0.814725599275,-1.34511813421,-1.62167412635,4.4
842,1.74097515218,-0.769267820342,-1.60285135076,-0.89558508535,4.4
843,0.359789015792,-0.97839753124,1.05423140232,0.0479208198779,4.4
844,0.117703945598,-1.69297413692,-0.997671594152,-1.03538823342,4.4
845,0.133751888046,-0.887725458329,-0.738995772525,1.47904833679,4.4
846,0.730984834094,-0.703778819115,0.218892419488,0.045403749416,4.4
847,0.259374771647,-0.053088089842,-0.5609987356,1.1295834745,4.4
848,0.126317699286,0.166232801477,-1.22017624893,-0.905886218379,4.4
849,0.12593806533,-0.882856781635,-2.5522724875,-1.06691504257,4.4
850,0.121083819651,-1.83290716875,4.03533401417,-2.0203076195,4.4
851,0.221148892184,-1.63850870929,-0.754934529686,-0.604415043335,4.4
852,0.330363081226,1.63632971548,0.366910529808,-3.64378874679,4.4
853,0.145114922315,1.64529020778,-0.178652491015,0.140059253306,4.4
854,0.417091514434,0.660774422321,-0.567941374896,-0.660412226506,4.4
855,0.130001548138,0.236327922319,3.7037397571,-0.235662488829,4.4
856,1.66878025034,0.172098332461,-2.19173310864,1.4742770915,4.4
857,0.335655055491,2.07211982664,-0.0945466222601,-3.50969286099,4.4
858,1.00567969321,-0.0819147006599,1.88735946991,2.8852060335,4.4
859,2.58949390375,0.613954739298,0.725515680432,-0.59341531219,4.4
860,0.109735031235,-0.270587783216,-2.06797256438,-1.19363889228,4.4
861,0.331187657599,-0.291988591469,0.743049576874,-1.15740321962,4.4
862,0.425347179421,-1.78142048345,-1.17220432745,-2.00374767268,4.4
863,0.632225482866,-1.25207782327,-2.9441552992,-0.447464372652,4.4
864,0.916780366921,-3.04972244711,-1.90270029747,-1.21144228612,4.4
865,0.164152884546,-0.841474660329,2.82760174766,0.589195826009,4.4
866,0.147690251453,-1.03583836143,1.9488237943,0.0893315464375,4.4
867,0.604544198975,0.402708494724,-1.83180281677,1.73428548648,4.4
868,0.693016882705,-1.63715002297,0.50052511012,-0.981650841092,4.4
869,0.509295452634,0.639752174313,-0.382999259041,-1.02173003826,4.4
870,0.247872510355,4.10544753615,-3.57895665415,-1.01035790893,4.4
871,0.572439446815,0.17475350755,-0.73134054761,-1.48102068155,4.4
872,0.212195600586,-2.24504623909,0.634078044243,-0.383724058108,4.4
873,0.169714183266,-1.52994369911,-2.78391816235,1.48069896846,4.4
874,0.180706598036,0.108910953553,-0.712203445008,-0.503209926441,4.4
875,0.164890603146,0.345178190732,0.27498082134,-0.313882449019,4.4
876,0.101624045788,-2.45005901087,0.308654124148,0.506670798171,4.4
877,0.552814388048,0.885455742373,-0.159667570769,0.355803309655,4.4
878,0.116185149762,0.610922139567,0.711740032281,2.13249939235,4.4
879,0.394683287026,1.38068480735,4.58399374531,1.66457167342,4.4
880,0.116457628262,-2.70776096705,-1.47964148454,-1.43468036981,4.4
881,0.243954540769,-1.96441351926,-4.76118402538,-3.70373516854,4.4
882,0.456789489912,-0.897013486134,-1.13430362443,-0.68684149398,4.4
883,1.62492181058,0.0253028219641,-2.84450783138,-0.236248747885,4.4
884,2.1069367966,0.497524258765,0.78168774591,1.97792394611,4.4
885,0.510815745745,-0.710966250868,-0.387451666278,2.33591850728,4.4
886,0.217400012146,-0.0841916531821,-2.00976095781,3.22611703589,4.4
887,0.265521984076,0.0516602695962,1.24184904861,1.02788773744,4.4
888,0.93699121939,2.46644131106,2.70351596042,0.313309022867,4.4
889,0.827379222481,0.775975924381,-0.802479749575,-1.095375952,4.4
890,1.66752015665,-0.218358495702,-0.585653836245,-0.470021714583,4.4
891,0.294165169041,-2.27624531543,1.76257425569,-3.13960205429,4.4
892,0.638649850048,2.50187467485,0.0878923186965,-1.24467246499,4.4
893,8.24717992485,0.38607052829,0.242567085998,-0.5843658127,4.4
894,13.8359531769,-1.2857594312,-2.39283800813,-1.97610204769,4.4
895,0.888515396048,-0.55969181709,2.32133063195,-0.058373898084,4.4
896,0.163526269844,-0.403594741351,-0.0120239223023,1.16427696278,4.4
897,0.163471120026,-2.39032787386,-1.4718373651,-0.922836089344,4.4
898,0.33751065569,-0.996257476699,-1.25137224276,-0.583423402052,4.4
899,0.19542976984,2.78948134647,3.49768379518,4.75638357257,4.4
900,0.158328537864,0.723569738421,-2.71309970168,1.75758763264,4.4
901,0.293136625587,-2.48125037347,-3.10839885431,-1.99009799971,4.4
902,0.301976531006,-1.619856999,-0.166245205269,3.26102154329,4.4
903,0.104467994515,-0.627218333346,-0.154807582591,-1.75617114767,4.4
904,0.293350088683,-0.0427631337533,-0.578224020561,-0.886961999495,4.4
905,0.740437805212,0.308164525852,-0.323940484964,-0.764364091483,4.4
906,0.197217721332,0.648962558415,-1.70122966018,-0.0651872847363,4.4
907,2.20242501765,1.12059199026,-1.09299733372,0.832573742252,4.4
908,0.303489627088,-0.426837958206,-1.21130459671,2.28476988044,4.4
909,0.409198705518,0.551723007818,1.69463584991,2.05606133401,4.4
910,0.194359507049,0.0327347235466,-0.384842639653,-1.33494960431,4.4
911,0.139469985846,-0.558249106589,-0.588078329108,0.844388108631,4.4
912,0.119725255948,4.14425620844,-0.106978646634,-0.123444029702,4.4
913,0.194003567951,-1.39953268778,-0.726602307399,-0.519023473705,4.4
914,0.184929614661,0.566786116807,-0.432328279347,-0.154175007288,4.4
915,0.447834015958,0.849181764419,-1.73700549241,-1.27115082461,4.4
916,0.609415608084,-2.42576926493,-1.72079440729,-0.0182634649931,4.4
917,0.276073278861,-3.97824785221,2.1983770916,2.66140962523,4.4
918,0.433155415252,-2.6609953474,-3.94783495697,-0.797424155479,4.4
919,1.16617308778,-1.16489970915,-1.21617699711,-1.41340582853,4.4
920,0.157202170838,0.459282846343,-2.01658479689,1.1954283057,4.4
921,0.15449988226,-2.14659924607,-1.14653541931,-1.38865867231,4.4
922,0.228212572945,0.99620557253,0.30812246655,-1.74739659084,4.4
923,0.227495003859,-0.252552520097,0.88109109378,2.65674921656,4.4
924,0.126086942047,0.282037120564,-0.0730359391147,-1.24903137141,4.4
925,0.379739417379,1.49675372041,0.018069931204,-2.77852430805,4.4
926,0.626232358498,0.551039067408,-1.01440379976,0.558706925626,4.4
927,1.42939553514,-2.36780383635,-3.70903411713,3.19793166506,4.4
928,2.46514866428,0.409174519514,-0.283472412535,0.86124563126,4.4
929,0.543123919421,0.493575790846,0.478847101402,-0.294353332967,4.4
930,0.220011699594,0.879784865389,0.70479217933,-2.05132543385,4.4
931,0.853830311921,0.257354548856,0.161135414121,-0.904629240825,4.4
932,0.39095142524,-2.47547330747,1.8241567694,0.233210369479,4.4
933,0.169340264121,-0.318707742117,-2.57527155397,0.183449162608,4.4
934,0.121328513307,-2.59868802371,1.69719700973,2.71949220084,4.4
935,1.12322693546,2.34510242264,2.03601297246,0.0156920401277,4.4
936,0.845295384982,-0.862131270543,-0.880978422047,-1.19623401374,4.4
937,0.276693099411,-0.662912378745,-2.0185322298,-1.96596715647,4.4
938,0.148662759332,-2.38091593524,-0.705257972458,-1.26033297871,4.4
939,0.235406831588,-0.935832478113,3.0767001503,-2.16644887182,4.4
940,1.39059496511,-1.04957634599,0.146301238805,0.787064342644,4.4
941,0.601474120968,2.94422197811,0.372392842164,-1.21415533194,4.4
942,0.387981314672,0.256890984112,0.85176778966,0.502588058412,4.4
943,0.480454660987,-0.472993674929,-0.223891135294,-0.149197070519,4.4
944,0.193029735653,-0.280289491756,0.273369929066,-0.482439185268,4.4
945,0.421130633029,-3.90199817389,1.18214445911,-0.464546569977,4.4
946,0.593198690235,1.37626181568,-3.64186063192,1.81198689341,4.4
947,0.39366393538,-3.2303609462,0.899440071574,0.699084102199,4.4
948,0.191005187431,-0.949428605233,2.69030028599,0.0533703670738,4.4
949,0.117006515234,0.33321031749,-1.50411651146,-3.50890367878,4.4
950,0.168983761721,0.799317171919,-1.40517637427,-1.23655593326,4.4
951,0.160273486716,0.143790989157,1.57136705436,-0.0988631633544,4.4
952,0.339756685088,-1.14216180856,-1.41815647325,-2.24465287305,4.4
953,3.05460712865,-0.102443741977,-0.475272336671,-0.442431915678,4.4
954,0.127409018281,-2.10091024215,-2.18300197767,-1.41775008598,4.4
955,0.141033025276,-0.071397747841,-0.500469447662,-2.10440053871,4.4
956,0.14635124509,-1.38694677656,0.568797524072,8.35851036134,4.4
957,0.100998277943,-0.376115259309,-0.988774455698,-1.03465232799,4.4
958,0.128403385322,-0.502031998522,-1.38449423353,0.0462812556257,4.4
959,1.43638437588,-0.107833893595,5.32909843919,1.98825396044,4.4
960,0.130109564238,0.478875152882,-0.405124671383,-1.21557435076,4.4
961,0.788248675293,-1.61519684559,-1.03165094977,0.0972303171841,4.4
962,0.117341479137,-1.82128836595,-2.81030853731,-4.71596326516,4.4
963,0.631466444364,-1.22707219777,-2.378575048,-2.02396742383,4.4
964,0.108063004062,-0.0340682913531,0.0137320195627,2.90440019454,4.4
965,0.290266175194,1.3478777194,1.25030814149,-1.43475526229,4.4
966,0.136877515772,-0.241783296274,2.97400571937,-0.860200895856,4.4
967,0.245159511626,-0.901339512072,1.46877225713,-0.170839868769,4.4
968,0.372269528665,1.22457542411,-0.641203672504,-1.06982180379,4.4
969,0.264466079614,-1.38809105308,-2.93161517582,-2.4882199676,4.4
970,0.118786453187,0.320618520268,0.319842215294,-0.665261494376,4.4
971,0.600344278101,0.587702286717,1.86259189931,-3.79993191953,4.4
972,0.221651917442,-1.85658955066,0.130231908543,-1.1788595211,4.4
973,0.290169651167,-1.40204951687,0.580559926827,-2.46758053808,4.4
974,0.138323885271,-3.14810052108,1.2088845225,-4.05044308091,4.4
975,0.135969591987,0.788283128776,-0.543220032252,-0.232450648108,4.4
976,0.776907342881,1.1420945866,-2.02671062836,0.0480974647061,4.4
977,0.285368227998,0.310497954957,0.50856300183,-0.858361322786,4.4
978,0.146248508477,-0.599195446121,1.60768245193,-1.371629956,4.4
979,0.50388590848,0.373763616134,0.355876571925,-0.898088248246,4.4
980,0.256767359833,-3.51882503042,-1.4213687293,-1.90491360117,4.4
981,0.319875040685,-4.26305140126,2.08217772819,1.94413206663,4.4
982,0.101984519928,0.226628345878,0.00342481435835,-1.54285756674,4.4
983,0.165481777399,0.0185133376546,-0.731160372124,-0.0265714467857,4.4
984,0.135738032487,1.28304663948,-1.51380919578,-1.36332885659,4.4
985,0.155334223718,-2.35519758736,2.21552100579,1.15578226983,4.4
986,0.1343768126,-1.19379163579,-1.76845231453,0.474285980907,4.4
987,0.161024939346,0.725324470682,1.01707825754,-0.982518146654,4.4
988,0.225379918197,-0.939274812316,0.267096768556,0.714410432013,4.4
989,0.127941520399,1.69461704205,3.19354116598,-0.378658956773,4.4
990,0.166752384009,0.380023541377,-0.510018591185,-1.22425062956,4.4
991,0.198277846119,0.205878598883,-1.37216323685,-1.09128292368,4.4
992,0.508252590158,-0.155279649902,-0.903801619641,-2.77780316889,4.4
993,0.181097053296,0.534228566803,-2.40048275097,-1.73064481666,4.4
994,0.166417534237,2.1192209745,-4.15802271504,2.57883625296,4.4
995,0.246319632985,-0.226641007809,1.22610586061,0.0458712029784,4.4
996,0.116455579407,-0.0749049255201,-0.937581553409,-2.5409519831,4.4
997,0.401534539837,-1.97685901503,3.42910377944,0.966040096786,4.4
998,1.00363676222,-0.00748044418564,0.833820790104,-0.741294231654,4.4
999,0.152327468678,0.992157884075,-0.716846471986,-0.463476361477,4.4
