Star_ID,Mass (MSun),X (pc),Y (pc),Z (pc),Simulation Time (Myr)
0,0.294371270759,-22.6596385311,-2.45764377619,2.01659171895,63.600000000000634
1,0.20423152447,-20.9266560186,-2.81637525361,1.80896237514,63.600000000000634
2,0.785907019466,-20.3831928432,-0.317121701069,0.18292255454,63.600000000000634
3,0.135302395619,-18.9394112123,0.770860853444,2.36274783754,63.600000000000634
4,0.354340038165,-22.8666985108,-3.24531769257,-3.53882366824,63.600000000000634
5,0.135024610674,-40.7110675529,14.5185479115,44.7378047452,63.600000000000634
6,0.231140254472,-19.9420650472,-2.42285525637,0.915531012416,63.600000000000634
7,0.117171554722,-23.5208691535,-3.58336756413,11.0756011547,63.600000000000634
8,0.387507277644,-21.3366468558,-1.86661993042,0.693028114063,63.600000000000634
9,0.11711540701,-20.6942543851,-1.59530552541,3.10922595874,63.600000000000634
10,0.506493285504,-17.3698482792,6.27130115499,-1.64739965436,63.600000000000634
11,0.51864387201,-16.3856336147,-1.64462413681,7.16139870425,63.600000000000634
12,0.370092277335,-18.7888577258,-4.26788305475,3.64143828936,63.600000000000634
13,0.306007760107,-27.5334087262,2.67402934871,2.34843898379,63.600000000000634
14,0.177148387266,-18.8624067838,2.14361302604,-4.56312945884,63.600000000000634
15,0.15607095034,-17.3633870812,-10.8188946835,-2.06704703837,63.600000000000634
16,0.224363341543,-16.9022715422,4.13197729604,1.63081818591,63.600000000000634
17,0.162767909005,-29.1053121079,-32.6791460663,16.4693681743,63.600000000000634
18,0.395560360019,-36.3874152783,17.6909346875,8.26243564566,63.600000000000634
19,0.455052237913,-21.7484577401,3.45449654671,4.08890071385,63.600000000000634
20,0.374012551687,-21.0783970098,1.49029002382,-0.809948905012,63.600000000000634
21,0.732846137409,-17.9855184022,-0.270741489681,1.17844013094,63.600000000000634
22,0.171194723886,15.8980505167,2.19679204041,8.55075425736,63.600000000000634
23,0.39623722838,-18.5557622926,0.272292465476,2.26893248461,63.600000000000634
24,0.121045014579,-36.5172921443,-10.4937765842,-7.28314743654,63.600000000000634
25,0.205285650133,29.4207374493,21.7481625614,-1.7304380471,63.600000000000634
26,1.04269403355,-21.516934921,-1.2037139782,2.43235501796,63.600000000000634
27,0.268056624182,-79.9890745014,23.3068432559,11.360376422,63.600000000000634
28,0.516513404607,-25.2895364349,0.328278392018,1.89011939712,63.600000000000634
29,1.80159504612,-21.3625665369,1.74395049369,3.63072361252,63.600000000000634
30,0.146968766754,-8.65497928252,4.89364182498,3.15517121454,63.600000000000634
31,0.304285780856,-21.6068877658,-3.13057767276,1.83204558745,63.600000000000634
32,0.161105879501,-24.4545500032,-0.187434312059,-2.34230806172,63.600000000000634
33,0.336275170799,-32.8560775323,5.75484392111,0.0488769262701,63.600000000000634
34,1.30928710378,25.208462754,24.8790952023,-18.6096056193,63.600000000000634
35,0.109529254539,-12.8515171354,3.66634676621,5.18295874059,63.600000000000634
36,0.122942567295,-14.7960363433,5.82089693035,-6.9697386228,63.600000000000634
37,0.263027647072,-17.9130525365,2.46898572132,-0.0567781373282,63.600000000000634
38,0.32162946512,-14.9459677087,-40.9826110181,-2.76682575202,63.600000000000634
39,0.146892401408,-16.5322917719,4.15938752203,2.40729449952,63.600000000000634
40,0.368904107715,6.23096338953,15.3991054852,-7.18693967253,63.600000000000634
41,0.232284008068,11.6625907013,-8.29445131318,6.09085810894,63.600000000000634
42,0.545716038606,-20.7844298051,-0.261846668338,4.57041236907,63.600000000000634
43,0.560405989229,-21.1661180602,-5.70868020864,9.23292184233,63.600000000000634
44,0.744745394402,-20.5357920754,-1.07206169535,4.99060779594,63.600000000000634
45,0.290910098931,70.5361481364,-36.8705311699,-2.78694714276,63.600000000000634
46,0.149774046455,-22.2635311951,4.29599726342,3.66596957174,63.600000000000634
47,0.121752529232,-27.57367037,2.43068554145,-3.49759323643,63.600000000000634
48,0.390530947989,-17.9228236111,1.06431680258,-1.22940080446,63.600000000000634
49,0.1702260353,-19.5588049836,-0.765886378498,1.8073980255,63.600000000000634
50,0.231369342543,38.052485316,33.4926192976,-12.5180844435,63.600000000000634
51,0.327909637036,-16.3306794614,-7.63327853571,6.67774576005,63.600000000000634
52,0.285982946493,-18.7127258323,1.50928820238,3.05477731797,63.600000000000634
53,0.146452025376,-20.1945423421,-3.25197938099,4.11607034516,63.600000000000634
54,0.713498785121,-21.7882947296,4.10381982501,1.46056010107,63.600000000000634
55,8.6691370773,-20.7090018557,-0.586833405055,1.22482852182,63.600000000000634
56,0.122428441505,-19.0765171676,-0.580630560186,1.12849540883,63.600000000000634
57,0.689702788419,-22.2413654486,0.662378737979,2.06293802763,63.600000000000634
58,0.272812437016,-17.9781298505,5.68898063325,-5.55020026306,63.600000000000634
59,2.62398307498,-18.7285640676,-0.315876247797,1.17775601662,63.600000000000634
60,0.136439652707,-11.8914805501,-2.67078278944,4.45715615187,63.600000000000634
61,2.25291793141,9.62404847936,11.7413211095,12.0093916913,63.600000000000634
62,0.10395257845,-16.7085184385,0.828740858921,3.48800812724,63.600000000000634
63,0.191018462001,-15.1697128821,-11.1165164469,1.32542067416,63.600000000000634
64,0.315259938477,-55.9909177444,23.3545164996,16.1928617153,63.600000000000634
65,0.108190718586,-34.3784468907,41.1716807207,-25.4656323523,63.600000000000634
66,0.344779297535,-6.70997458275,-10.2627145668,26.5542442935,63.600000000000634
67,0.19329889192,-16.0830483581,-0.323345613903,2.46774643479,63.600000000000634
68,0.504884395676,-23.26831109,-0.185458941292,-1.19971691681,63.600000000000634
69,0.333061984137,-21.05188014,-8.24484539823,0.358034652839,63.600000000000634
70,0.260562051485,-24.2547449691,0.697943015914,1.64952622753,63.600000000000634
71,0.408862974319,-19.0463960877,4.0486344278,-0.618216843474,63.600000000000634
72,0.184474846383,-17.4709376821,-0.435779660463,1.99000662925,63.600000000000634
73,0.185953379599,-19.1069351067,-1.19092762732,1.32070133564,63.600000000000634
74,0.158759128848,-20.3363025301,-0.211431340213,2.71293702532,63.600000000000634
75,0.219204215116,-28.8216634316,-12.2537093019,-61.9645727151,63.600000000000634
76,1.21639112366,-19.6592907684,-2.49898556186,0.619416023504,63.600000000000634
77,0.408427476577,-19.2051190752,-0.803136524401,0.843800011363,63.600000000000634
78,0.105215686023,-18.7682819043,17.3330700731,-50.1065047757,63.600000000000634
79,0.14681526232,-17.1940356114,1.45815937209,0.0229138960829,63.600000000000634
80,0.312669271782,-21.9983133505,-9.79217909041,-1.59825702182,63.600000000000634
81,0.395394180788,-18.1476238389,-2.79265604503,6.99217656814,63.600000000000634
82,0.279581836924,-28.7418926655,6.29763187609,-1.85571371673,63.600000000000634
83,0.316412991692,-20.9852410687,0.890037721297,0.0250186709177,63.600000000000634
84,0.620068364924,-17.35711918,8.46775295846,-9.11361954681,63.600000000000634
85,0.119035811435,-20.5568615959,0.899640211916,9.09062204662,63.600000000000634
86,1.63311254796,-32.2371958567,-15.9916656977,-10.2702358361,63.600000000000634
87,0.103429918361,-3.74236611323,-16.0708477131,2.43336467318,63.600000000000634
88,0.330934736132,-19.8132483212,0.11691205858,-0.209448507439,63.600000000000634
89,0.354322205102,-21.9545942051,-0.877694269138,4.82145898333,63.600000000000634
90,0.424615084609,-23.3954759051,-1.78683922343,1.03772139419,63.600000000000634
91,0.414802305927,7.39918521444,13.672912331,20.7525035553,63.600000000000634
92,0.208032061897,-21.0040982436,2.58427256282,-0.646439723234,63.600000000000634
93,6.05096676737,-20.4369787713,-0.729751059708,1.2564217963,63.600000000000634
94,0.196175867551,-22.6751223043,1.29516365926,5.757065717,63.600000000000634
95,0.4699668782,-21.1714385542,-15.4285809118,-4.02519267137,63.600000000000634
96,0.128839235058,-21.8885228625,0.216004555413,2.25114956077,63.600000000000634
97,0.40422178381,-17.7256427952,-9.72557075353,8.38562076205,63.600000000000634
98,0.503898127283,-24.1516954667,-14.8709671479,-3.37376634892,63.600000000000634
99,1.04028701286,-18.7988195867,1.99837944039,2.476082883,63.600000000000634
100,0.119575967075,-20.4482556525,-0.0640887828631,0.616400346554,63.600000000000634
101,0.125608620272,-37.9894685768,-75.4732145858,2.20613446581,63.600000000000634
102,0.152915411833,-21.4173790919,-3.51216244357,1.71763437529,63.600000000000634
103,0.434724520844,-19.2722488846,0.274586774231,0.0983519782757,63.600000000000634
104,1.82221353182,-30.5790865182,-0.999252424208,-44.7474218933,63.600000000000634
105,0.490169545329,-7.98023201385,-15.1192918206,32.339636683,63.600000000000634
106,0.461716384563,-22.5284579099,-1.90724281292,-5.09224807028,63.600000000000634
107,5.73374760057,-18.4659255843,-0.192280325049,1.09191218994,63.600000000000634
108,0.138865189251,-21.0095711926,-1.55269167571,0.584458849717,63.600000000000634
109,0.131068905008,-22.8889012527,1.11533964057,7.67072368983,63.600000000000634
110,0.191215594051,-20.5488253263,-2.27702984503,1.73715362523,63.600000000000634
111,0.156185206586,0.82489089955,56.2460160212,-45.6030168307,63.600000000000634
112,0.140161746829,-20.6071457312,0.800824535785,-0.114459542459,63.600000000000634
113,0.466097951638,-20.9624450773,-0.325298223877,0.276608212499,63.600000000000634
114,0.232078427578,-23.9523369061,-0.0537357219627,-2.33995937088,63.600000000000634
115,0.210204370741,-20.3503333525,-6.587597872,4.02978894875,63.600000000000634
116,0.112616364825,-26.2215297918,-4.75987121062,-0.574537237066,63.600000000000634
117,0.215593441079,-28.2567389787,0.129560286307,1.45640425531,63.600000000000634
118,0.102897753602,-17.0807823482,-22.6489656562,-29.8869273162,63.600000000000634
119,0.957936924971,-20.7098706682,-1.00828273377,1.16987731738,63.600000000000634
120,0.179957762545,54.0901354862,0.00911758337973,-54.4972813196,63.600000000000634
121,0.633425269425,-20.549457273,3.47016833973,-5.66751687007,63.600000000000634
122,0.1486902072,-22.8431969142,-2.69145445791,1.00853989902,63.600000000000634
123,0.169131798566,-15.89968408,-1.24659754091,2.17028914827,63.600000000000634
124,0.395468150268,-22.475907841,-2.3572531947,-1.43256624565,63.600000000000634
125,0.277971480763,-68.2751407516,0.6421911029,-8.67218369058,63.600000000000634
126,0.376586212448,-17.4268578877,2.23879406946,0.752929197093,63.600000000000634
127,0.475687602224,-21.6869702667,2.66050519678,-2.81172135477,63.600000000000634
128,0.249276704926,-21.7662574238,-0.324297233843,-0.832814803941,63.600000000000634
129,4.6706598705,-21.1774838736,-0.00558821869772,1.38938660995,63.600000000000634
130,0.442757753638,-19.8726013719,-2.54735985731,2.6399022733,63.600000000000634
131,0.113003533785,-18.6289108101,0.551096903876,0.990054710342,63.600000000000634
132,0.104354425748,-20.6152808041,0.330026617693,3.79751337945,63.600000000000634
133,0.130461653418,-22.5751933121,0.0443399298173,-4.34788322827,63.600000000000634
134,0.228453403019,-21.2769331451,4.50840643058,-5.78091041555,63.600000000000634
135,0.460660312955,6.80924267175,11.1503200198,3.03397172381,63.600000000000634
136,0.241850919752,-22.7121532613,0.129700741243,3.20930773371,63.600000000000634
137,0.156601235911,-22.4965940769,5.43181449253,3.40862218819,63.600000000000634
138,0.738352231006,-17.6441429241,7.50029846465,-0.485005783001,63.600000000000634
139,0.267757804511,-23.1923093697,-3.95159804623,0.823794058497,63.600000000000634
140,1.03273597137,-7.06715497295,6.138288609,9.33989332818,63.600000000000634
141,0.27996698039,-24.1836058237,-0.293564503418,2.35645769793,63.600000000000634
142,1.42907417187,-38.2856708975,31.5160810525,24.0061848249,63.600000000000634
143,0.11586329633,17.1545561105,4.85104686657,17.7844517595,63.600000000000634
144,0.169965177972,-17.3177924144,-5.74919741821,-8.48400243132,63.600000000000634
145,1.45814977897,-22.9485789483,2.81229393935,0.844643229356,63.600000000000634
146,0.906264178166,-17.2228639484,-5.57439196567,-1.05411479301,63.600000000000634
147,0.341035900345,45.4945115703,23.1777735432,18.067189602,63.600000000000634
148,0.11492391244,-20.90356125,3.86222071382,6.02452289037,63.600000000000634
149,0.420502708733,-18.8094699401,-0.456560982013,1.58428004131,63.600000000000634
150,0.134208554432,-21.0130962623,-2.01363749827,0.626362633886,63.600000000000634
151,0.246614935855,-32.8845952368,17.7767441344,-9.72049160294,63.600000000000634
152,0.176500694222,-25.2852990222,-1.85642785867,5.27206796058,63.600000000000634
153,0.223045978488,-28.4851129059,-8.46126487089,3.66022515333,63.600000000000634
154,0.309551800251,-20.1377277284,1.55083088601,1.9241945378,63.600000000000634
155,1.19719544407,-20.5809687027,-0.349245191921,2.26430582811,63.600000000000634
156,0.163166715287,-19.3543053548,-0.583962013517,1.1472810655,63.600000000000634
157,0.185786783283,-23.6348343459,1.04974423282,-4.11284549519,63.600000000000634
158,0.756159837534,-20.5807882107,-0.346534159651,1.529531361,63.600000000000634
159,0.142365302485,-13.6626773952,-8.45272681423,38.6507236589,63.600000000000634
160,0.754749944053,-30.7927189976,-6.50067621715,23.3328460232,63.600000000000634
161,0.344077094377,-21.3880010883,1.3509188496,5.16460168544,63.600000000000634
162,0.417911832612,-10.5690605062,5.22764633165,4.5318630697,63.600000000000634
163,0.120083364363,-22.5965765872,-0.542284699819,-0.855725688397,63.600000000000634
164,2.04613934581,-3.32017282016,61.6767303961,40.8134929864,63.600000000000634
165,0.222858337549,-20.1627015582,2.19884106813,-2.02170087741,63.600000000000634
166,0.10650039268,-21.4890255788,-1.35288547018,-0.619124653917,63.600000000000634
167,0.204055604891,-21.7998476762,-3.58169974413,-1.29374758399,63.600000000000634
168,0.967413993519,-19.3270386055,-0.744899932957,1.94563859934,63.600000000000634
169,0.221166243249,-22.988610693,0.336005176795,0.532032849895,63.600000000000634
170,0.189576715814,-19.7903794513,-4.30815977351,3.62935392688,63.600000000000634
171,0.101195938912,-20.8812212051,-1.79066440703,-0.865235609181,63.600000000000634
172,0.121750568911,-20.4316497621,-1.00316630176,0.724453527078,63.600000000000634
173,0.137318597319,-20.7503311675,8.16098110594,7.7945825359,63.600000000000634
174,0.158181780963,-16.0536909913,-9.66802463704,4.96199478341,63.600000000000634
175,0.297846210703,-24.3411347497,20.3813574471,14.8252298913,63.600000000000634
176,0.443468742418,-20.5250849948,-0.802280185061,2.32424063222,63.600000000000634
177,0.299277171173,-23.3619987947,-1.57813556852,-0.0580325082836,63.600000000000634
178,0.968409577706,-21.0750652744,-0.855958110365,3.56817655335,63.600000000000634
179,0.248408711889,-5.56194631974,-24.9349376405,50.2170891892,63.600000000000634
180,0.775513968326,-25.1920164505,-0.235883867341,0.468639799709,63.600000000000634
181,0.147155579848,-24.5637514024,-2.8533285208,2.90690277969,63.600000000000634
182,0.272721797034,-17.1873840992,-3.31970924594,1.26376596928,63.600000000000634
183,0.121480731064,-25.822063489,3.47625718016,2.92750902949,63.600000000000634
184,0.345018892555,-18.2935487358,-6.09536614518,0.99402076661,63.600000000000634
185,0.623950368536,12.9525295348,-1.01926607177,7.43933213033,63.600000000000634
186,0.144153886764,-21.3413007659,-0.258864752415,2.66567365316,63.600000000000634
187,0.202978526039,-25.7994497686,-0.79706581578,-1.44502178185,63.600000000000634
188,0.592455456899,-21.5606235762,-0.50838248517,0.907803083349,63.600000000000634
189,0.336270575182,-49.7193346485,-40.745721379,-36.9015546107,63.600000000000634
190,0.115907299131,-17.4199211412,0.51005720459,2.4969940719,63.600000000000634
191,0.640104819199,-24.1820475008,-1.79432584586,-1.95376368594,63.600000000000634
192,3.08831883312,-21.5378360108,-2.62093871823,1.25583296797,63.600000000000634
193,0.259815616857,-21.0577781418,-0.441499375602,0.331017029141,63.600000000000634
194,0.125497573522,-28.3337048337,44.872734412,-26.0421019807,63.600000000000634
195,0.190835608632,-18.0874997717,2.02139522351,0.730491241639,63.600000000000634
196,0.327352913633,-19.6154984697,-28.6688041616,-23.6912605139,63.600000000000634
197,0.434737116137,-20.7149348275,-2.03508223228,-0.51250965381,63.600000000000634
198,0.266194894611,-17.7398940858,0.87352861034,2.25664982472,63.600000000000634
199,0.267452460566,-21.0455446705,-0.550213645677,1.56053404446,63.600000000000634
200,0.444279432798,-5.35086740421,34.3185870687,-40.5126274157,63.600000000000634
201,0.591929428378,-22.6156411211,0.865417764405,-0.240409984358,63.600000000000634
202,0.353688621132,-7.38120272228,-1.59759773772,2.48456450692,63.600000000000634
203,0.45212762158,-20.1201428226,-0.010201423172,1.87007557973,63.600000000000634
204,0.529284292784,-20.6812994345,-0.712031906226,1.75842728575,63.600000000000634
205,0.399895755455,-17.3234756731,1.67458195149,12.6308302647,63.600000000000634
206,0.200156280888,-18.8135054004,-1.96820430594,2.16779398621,63.600000000000634
207,0.296519539631,-19.119001318,-4.29930577534,0.625185401123,63.600000000000634
208,0.186553810053,48.041202571,17.0084441014,-35.9858485483,63.600000000000634
209,0.459904262828,-21.9430982653,-2.17443642512,-1.16507067199,63.600000000000634
210,2.90082590687,-16.2897023835,-10.5401252392,3.58331989229,63.600000000000634
211,1.19978904003,-17.7629515164,0.946031642453,-0.687030572616,63.600000000000634
212,1.74868117125,-23.2474314524,-1.18950205617,-3.08716987791,63.600000000000634
213,0.635060256368,-14.4517724736,-13.2710959581,-2.55791554746,63.600000000000634
214,0.144147384535,-19.298519632,10.125709851,4.37020428069,63.600000000000634
215,0.431500158426,-8.19576152717,30.3012605694,12.3027970542,63.600000000000634
216,0.173065276425,-24.5064390505,-3.45528561346,-2.12533137463,63.600000000000634
217,0.142009679476,-20.4921635541,-0.188014828269,1.52168792661,63.600000000000634
218,0.455966835626,-22.4274651193,3.47080325158,6.97871387425,63.600000000000634
219,1.31802596799,13.490800545,7.22104111728,7.38666646523,63.600000000000634
220,0.682437345245,-18.7549263958,-1.87743197357,-0.534088811399,63.600000000000634
221,0.603185198219,-0.0860223271273,17.5175371758,36.9452056672,63.600000000000634
222,0.660887685414,-2.69144024787,2.22301324367,-23.6578707318,63.600000000000634
223,0.232492094879,-23.6948617532,-2.76805609065,2.66592954357,63.600000000000634
224,0.183937785003,-21.0774706305,-2.59443902507,3.09467799302,63.600000000000634
225,0.328090120441,-22.3614790382,-1.84867792438,3.31847923278,63.600000000000634
226,0.122858399523,-20.1796743577,2.49633183157,-0.550632940876,63.600000000000634
227,0.173395773159,-17.5443802482,1.06811912612,2.82243180682,63.600000000000634
228,0.163607010736,-21.0333461651,0.00209471831129,6.38864314098,63.600000000000634
229,0.11391697678,-17.1102059949,-1.7967457094,0.536581444485,63.600000000000634
230,0.121921044117,-24.8334386488,-7.96309202237,-1.71691655661,63.600000000000634
231,0.144415163849,-24.1937585773,6.39076884465,3.01962469285,63.600000000000634
232,0.19983465695,-19.9351210603,0.297816916153,0.0313590037589,63.600000000000634
233,0.230596964977,-24.5112657307,0.437857459997,3.41824348564,63.600000000000634
234,0.246133594341,-17.6030825197,-5.04386256502,-2.22787587462,63.600000000000634
235,0.230035579748,-20.868252445,-3.3517285608,3.79321330231,63.600000000000634
236,0.460094056933,-24.5762845215,-0.915816377166,6.64259568512,63.600000000000634
237,0.1626171576,-47.4618023601,12.5877821864,17.2230071343,63.600000000000634
238,0.143290750736,-22.8056318373,1.57823282147,8.77781417571,63.600000000000634
239,0.153683507042,-17.5980758983,-3.39808088501,1.31265164836,63.600000000000634
240,0.423324606882,-4.53375698938,7.20197355821,5.25825731627,63.600000000000634
241,0.784321582073,-16.8600178563,0.786427072705,0.885491034083,63.600000000000634
242,0.42131238568,-23.9166521081,-0.0541909075751,1.78619225173,63.600000000000634
243,1.07820868099,-7.46795988209,28.8929530291,3.80234247662,63.600000000000634
244,2.32608299335,-19.8301509671,-1.50592308192,2.20058304731,63.600000000000634
245,0.36319754508,-20.2073616982,3.5590870803,4.94843917789,63.600000000000634
246,0.112673539843,2.60012966153,-16.1893155579,15.5934489713,63.600000000000634
247,0.883111943917,-34.4758119935,10.2278737123,12.7140975903,63.600000000000634
248,0.419351836056,-17.5013844566,-3.54204628348,2.77047823092,63.600000000000634
249,0.181618442759,-21.0924805408,-2.35211735794,3.17636925532,63.600000000000634
250,0.117425938327,-21.261535691,-0.368898187077,3.14472547883,63.600000000000634
251,0.105348973376,-24.363662803,3.59275866695,-1.37524763049,63.600000000000634
252,0.512272379199,-7.00222887509,-1.35308102285,11.5731114379,63.600000000000634
253,0.150787618161,-13.1081970498,0.679522897232,3.03405387923,63.600000000000634
254,0.194913414133,-22.6125433046,3.59975819381,4.50873126112,63.600000000000634
255,0.101505406105,-15.1001831543,5.93898112226,6.69075697242,63.600000000000634
256,0.572858582605,-18.8490366706,-0.415378869682,2.88000260357,63.600000000000634
257,0.276952774279,-19.6650557406,-2.86853067126,1.12370777421,63.600000000000634
258,0.302031678574,-23.3620773207,-3.83184521495,0.122234037308,63.600000000000634
259,0.938357056549,-20.8873684793,4.45050722657,0.423469038293,63.600000000000634
260,0.466617531109,-8.91135136634,-20.0640419859,11.5380372441,63.600000000000634
261,1.99539553123,-19.2529974193,-0.00139895816272,6.98610051994,63.600000000000634
262,0.111754194565,-62.5340599741,-14.0622161925,16.7460861697,63.600000000000634
263,0.49329001136,-21.1319646561,1.16364647501,2.45567312914,63.600000000000634
264,0.370585942456,-22.4544226898,-1.93156344632,4.30544476701,63.600000000000634
265,0.13959795886,-22.6950290442,1.1624547915,4.86814927533,63.600000000000634
266,0.36479402713,-30.267351428,-6.90125886868,-0.932453669671,63.600000000000634
267,0.112803493938,-20.4774281697,3.83885899534,0.0351055650089,63.600000000000634
268,0.790947342076,-17.3825383009,-1.84010161376,2.1666700902,63.600000000000634
269,0.288954604899,-17.360646876,-0.960848262757,-3.06724239225,63.600000000000634
270,0.191438316365,-14.2797491585,0.648426783859,3.14454783794,63.600000000000634
271,0.642862204593,-23.2081366348,2.89475378976,1.52481472981,63.600000000000634
272,0.457832299855,19.0858059396,36.9861149134,34.2450873862,63.600000000000634
273,1.41192203785,-7.18446254401,62.877893591,-49.104097919,63.600000000000634
274,0.150602368687,-16.2056712286,-5.27042059992,5.68719117933,63.600000000000634
275,1.02784973232,-24.3649383546,1.14646824334,1.50658585625,63.600000000000634
276,0.14000998031,-12.7337524596,2.36109550756,5.12066857398,63.600000000000634
277,0.383947154206,-20.05994696,0.169787911162,2.89066698637,63.600000000000634
278,0.135003979723,-15.6222818767,-8.75702831525,36.3939879111,63.600000000000634
279,0.382883143884,-5.71489041669,-5.27943847029,0.947630459045,63.600000000000634
280,0.157806358781,-29.9988481249,-0.487701845661,7.76915549221,63.600000000000634
281,0.382308239366,-38.9734889443,18.8200286551,-1.05581955002,63.600000000000634
282,2.30581432245,-30.4200563725,-26.1505806385,-12.0380073818,63.600000000000634
283,0.533057396313,-16.8949889628,-8.87693970003,1.79002177894,63.600000000000634
284,0.105075220891,-20.3424098632,-1.07231846238,-0.13343273479,63.600000000000634
285,0.235375563649,-18.7000327917,-2.56983885751,1.14076867841,63.600000000000634
286,0.43817391999,-19.1634026179,11.5380403436,-0.561329883062,63.600000000000634
287,0.150046064749,-17.7639045453,-2.51259774885,16.0428430382,63.600000000000634
288,0.227563674201,-20.1066955587,0.961683481528,1.47726058797,63.600000000000634
289,0.326440695216,-27.2073789125,-3.9642506032,7.79116569993,63.600000000000634
290,0.15731629506,-28.1118979421,7.28578662795,7.48934149966,63.600000000000634
291,1.35976853061,-9.39068817844,-1.95765467867,4.00726599089,63.600000000000634
292,0.39718046276,-24.5034641716,-5.26513632087,-4.0374628972,63.600000000000634
293,0.500876922192,-19.309491815,-1.91827619886,-2.54770869718,63.600000000000634
294,0.133549294276,-20.185722949,-2.16747001115,-2.16467708553,63.600000000000634
295,0.488540217794,-6.48854073948,-12.7456216239,-12.6908468339,63.600000000000634
296,0.105330492751,-16.2355500808,-1.47827567483,-3.52713326667,63.600000000000634
297,0.233561648121,-18.237583409,-0.257747745153,-0.149870388975,63.600000000000634
298,0.138222418927,-9.52649852729,1.60208445777,-5.62774103933,63.600000000000634
299,0.871824236936,-19.5502955568,0.453145610905,4.600130293,63.600000000000634
300,0.536509088672,-19.1878679227,-2.68394224744,-0.240801527373,63.600000000000634
301,0.45687004402,-19.9413458437,-1.4945998629,0.439247887135,63.600000000000634
302,0.386743361965,-25.6755120589,-0.179063884916,4.51080531058,63.600000000000634
303,0.153613445623,-20.8111342425,0.75775095003,5.86723148303,63.600000000000634
304,0.277039901168,-22.5927651098,1.16784680062,1.29019841098,63.600000000000634
305,0.465404618492,-24.5418749447,-0.422944106251,-2.60136514988,63.600000000000634
306,0.118573643497,-17.821283586,-1.53036274922,2.29746011231,63.600000000000634
307,0.449906630403,-20.0549062296,-0.164284025919,1.72871632149,63.600000000000634
308,0.829962405194,-48.158214728,47.5680080574,24.153199733,63.600000000000634
309,2.57733419909,-18.2712190768,-0.47111591688,0.502336363116,63.600000000000634
310,0.124715974517,35.0907665312,8.953017135,23.9112891067,63.600000000000634
311,0.263656850619,-25.0942259377,3.83640932367,13.3449047536,63.600000000000634
312,1.83727650632,-18.5716608398,0.849930274145,2.55247641536,63.600000000000634
313,0.105772404995,-22.3226625155,3.11706014654,1.42164923268,63.600000000000634
314,0.304543050401,0.622510464206,35.9336863085,53.1677596816,63.600000000000634
315,0.102474221325,-18.0164608825,-0.872699640534,0.729291956957,63.600000000000634
316,0.381112445036,-20.8260196518,-3.770242319,-1.0726149417,63.600000000000634
317,0.153794953991,-23.803360604,-1.18465282023,-0.738649189595,63.600000000000634
318,0.251299204469,-22.2757232239,1.61710130113,1.31555546987,63.600000000000634
319,0.923555527918,52.8715224682,9.90828573087,-25.5248719585,63.600000000000634
320,0.191617381317,-18.9321606345,-0.979862030931,2.21055668281,63.600000000000634
321,0.143254350083,49.2243909822,-23.4986711843,5.14509570474,63.600000000000634
322,0.368243909289,-20.3606592072,-1.17523225916,1.05813467166,63.600000000000634
323,0.162731197344,-22.890372517,1.34311217733,-3.70042030308,63.600000000000634
324,0.375871339715,-21.7864408721,-4.02103227531,2.84677397072,63.600000000000634
325,0.686012556141,-23.8343511995,-0.938886337405,-1.32583078963,63.600000000000634
326,0.126863943994,-20.2317782927,0.468976446138,0.748887681293,63.600000000000634
327,1.57839363909,-18.8235543706,0.278866453642,-2.08748120478,63.600000000000634
328,1.65130671888,-18.3748983419,-2.71464692213,-5.24130392104,63.600000000000634
329,0.151016676781,-18.3927727376,-4.60011252171,2.99003717784,63.600000000000634
330,0.1046392001,-23.1610526267,1.37447585747,-0.706897066627,63.600000000000634
331,0.693936582868,-14.4738502596,-2.00695191304,5.17896690817,63.600000000000634
332,0.376233665906,-27.251688401,8.86372634557,-4.87831335861,63.600000000000634
333,0.158409770413,-19.5214802191,-2.32022727515,-0.538456568552,63.600000000000634
334,1.67853811168,-20.560990067,0.28942587839,1.96006570239,63.600000000000634
335,0.133205677248,-19.0144503153,2.1879598423,-2.90465656663,63.600000000000634
336,0.358583123478,-16.0261950034,-2.82484563576,1.98082855238,63.600000000000634
337,0.946736247861,22.4076285597,47.8048689355,-38.8248790359,63.600000000000634
338,0.188003705219,-20.222137525,-1.94327432004,2.18917004091,63.600000000000634
339,0.143657825046,-20.2518068412,2.36481163419,2.80971711493,63.600000000000634
340,0.130850799707,-20.4947804006,2.74403336644,6.31801783312,63.600000000000634
341,0.241867429072,-37.9421579519,5.43737848575,-6.26968401347,63.600000000000634
342,0.372089775841,-21.6838631559,0.822189104017,0.191919739309,63.600000000000634
343,0.263468726157,-16.1399350267,-3.45161843854,0.581403346695,63.600000000000634
344,0.468219950604,-19.6033577116,-2.27113209509,3.87915093907,63.600000000000634
345,0.838902661487,-21.9173682911,-4.18686394431,0.805213494331,63.600000000000634
346,0.117631637344,-15.6380089978,-4.72873358327,0.538811566925,63.600000000000634
347,0.618527179219,-13.819723906,-4.79380983586,-0.599806285979,63.600000000000634
348,0.181185695867,-58.7282373203,-30.6669081693,-24.8087524691,63.600000000000634
349,1.08464290906,-6.17517035908,-6.47598067942,5.61565989699,63.600000000000634
350,0.909636613501,-20.1401297102,-3.04060787845,1.57117555593,63.600000000000634
351,0.130113921299,-14.30852271,-3.88968480457,-2.55167657109,63.600000000000634
352,0.850048273466,-23.4530120934,2.20708195278,3.5024939234,63.600000000000634
353,0.321141004813,-23.1386240484,5.37612015981,-6.49970182146,63.600000000000634
354,0.850464145325,-19.6262248439,-0.874927357751,0.330885401682,63.600000000000634
355,0.15018600155,-20.2971008289,-2.2006909367,-0.335413226721,63.600000000000634
356,3.42074582964,-19.6980979152,-1.02927397253,0.685581123211,63.600000000000634
357,0.473685423423,-38.4375368686,-46.4924891771,6.73764315426,63.600000000000634
358,0.154395898839,-20.0415656958,-1.1325511126,2.32868708321,63.600000000000634
359,0.159504804006,-26.0606027644,-16.6784868176,22.1836462062,63.600000000000634
360,0.482962236383,-5.64644467859,-20.7197754294,-14.683375356,63.600000000000634
361,0.276437275474,-19.2001474395,0.146682875594,-7.79674494505,63.600000000000634
362,0.229254718047,-19.5482976543,-3.23523596362,-1.30501880666,63.600000000000634
363,0.114708614569,-16.7129566563,-9.6403958621,15.3311636318,63.600000000000634
364,0.289443408022,-45.1764252091,10.7255530387,-6.7932769584,63.600000000000634
365,0.174831649691,-22.1251423788,-0.14814239488,0.160345429003,63.600000000000634
366,0.140880858799,-18.5847400107,0.927530385818,1.69237570647,63.600000000000634
367,0.132129140643,-11.9973839924,-2.2931514673,-0.659804572884,63.600000000000634
368,0.945767548861,-20.3012270921,-0.790966063799,1.44766452586,63.600000000000634
369,0.837168304964,-22.8446433857,11.4377731291,5.3949624849,63.600000000000634
370,0.206705119095,-18.8821371021,-2.38963736727,4.31692358703,63.600000000000634
371,0.40492601709,-25.7625120872,-2.89775132328,2.78751673893,63.600000000000634
372,0.258015717925,-19.2800433954,0.0661110214195,0.475046244283,63.600000000000634
373,0.335810112398,-4.66570483139,-2.9955926357,-4.34705209408,63.600000000000634
374,0.153677486872,-18.7675525781,-0.611482642024,-1.31354830528,63.600000000000634
375,0.113932852047,-6.14977684349,35.9118465874,2.35934490975,63.600000000000634
376,0.736481546557,-19.4825489385,-25.709460202,9.0856062304,63.600000000000634
377,0.412204727366,-39.3549352999,24.6394849286,14.672549241,63.600000000000634
378,1.55888516534,-18.9444661965,-2.68109711748,3.02308796994,63.600000000000634
379,0.56948540491,-21.7847121155,-2.05882439616,-4.1982807239,63.600000000000634
380,0.155917471535,-12.1990035328,-18.5517996798,-15.9089671861,63.600000000000634
381,0.220249283358,-19.1390936837,-0.911711494229,1.04718911657,63.600000000000634
382,0.694795391767,-22.5144122894,1.10484572124,3.38330446728,63.600000000000634
383,0.152171734975,-18.2395311093,-3.94178039972,-1.04412548422,63.600000000000634
384,0.891012288286,-15.7813589686,0.16139340575,3.08207741499,63.600000000000634
385,1.3000090345,-19.1005167565,-0.816755994262,3.01864059452,63.600000000000634
386,0.107559415982,-16.0603019117,-1.98482115002,1.33720324266,63.600000000000634
387,4.0990828151,-20.9463883263,-0.837208360835,1.01228071351,63.600000000000634
388,0.117842853119,-12.793432694,0.267512886108,6.75481488902,63.600000000000634
389,0.584468093158,-21.0362447141,0.773741591099,0.600809002251,63.600000000000634
390,0.111152886379,56.8332534018,100.219866942,-35.6914058186,63.600000000000634
391,0.39266748569,-17.6237990839,-1.25959077849,2.64882085056,63.600000000000634
392,0.309663826885,-22.4458599355,-1.13087944221,-1.80141506894,63.600000000000634
393,1.03445392837,-21.1399489143,-4.55583120111,3.83946359433,63.600000000000634
394,0.159298893412,-20.0421997632,-0.501956494018,-0.317994838154,63.600000000000634
395,0.36109222525,-53.6714058604,-10.5399598021,14.5299781504,63.600000000000634
396,1.55215001696,-18.790263688,-0.473124344929,1.52678676576,63.600000000000634
397,0.134645324387,-19.0873013649,2.64106253921,1.41090596434,63.600000000000634
398,0.127110756028,-17.8926302493,11.7699963998,-1.22581079932,63.600000000000634
399,1.31485537047,-21.1445853183,1.72618284276,3.28967492984,63.600000000000634
400,0.621527588113,-22.5885792721,-1.75436906708,0.876899797282,63.600000000000634
401,0.128178725693,14.5594326146,5.49734983115,26.6914047108,63.600000000000634
402,0.113274381935,-4.4872745709,-12.7759491437,-17.1826303371,63.600000000000634
403,0.4964022136,-24.6616583274,-6.55211346974,-3.72136584545,63.600000000000634
404,0.261268914576,-21.4673455164,-3.10802974532,12.1693492946,63.600000000000634
405,0.923518602244,9.90134614972,82.6375321978,57.3648215811,63.600000000000634
406,0.144113255608,-24.9413389912,-4.37205837253,2.46903520758,63.600000000000634
407,0.101821844773,-22.1982343447,-3.91696854675,-5.26320145295,63.600000000000634
408,0.142245935493,26.9501867907,-3.50050891225,41.4034273107,63.600000000000634
409,1.31830145071,-23.2942672616,-1.17499538514,-0.531641055042,63.600000000000634
410,0.350997878382,-19.667440455,-7.58310236068,1.04687409514,63.600000000000634
411,0.211522508598,-18.1982356865,-1.04329464323,0.318504473076,63.600000000000634
412,1.00210954679,-20.2747751002,1.4131720485,3.59384185928,63.600000000000634
413,0.190481061159,19.3248885677,-11.3618051423,9.42175350702,63.600000000000634
414,0.758737943973,-16.8120961502,-8.57858891729,1.27802924673,63.600000000000634
415,0.168852464957,-20.0631499608,-1.71799601847,2.03555314137,63.600000000000634
416,0.917892559616,-21.8970295252,0.801813204239,1.62530656811,63.600000000000634
417,0.262885253815,-7.94645414793,-2.50229597626,4.32776466262,63.600000000000634
418,0.115923394366,-2.13024294753,-4.834154716,-1.81377083069,63.600000000000634
419,1.23029436472,-20.3127530293,-1.30194243685,1.20308890275,63.600000000000634
420,0.414895977754,13.2210657844,44.77748609,-13.9400450063,63.600000000000634
421,0.122441628323,-20.1342398568,-0.663382932032,0.796514336656,63.600000000000634
422,0.339003658764,-23.8020213732,3.86434083581,-7.27460299338,63.600000000000634
423,0.635894757661,-4.52132329428,-56.2720482757,-25.1151655139,63.600000000000634
424,0.667199788076,-19.0223201302,-4.34623228531,-5.83913703053,63.600000000000634
425,0.115104406624,-20.0224580051,-0.483744212364,2.28153157402,63.600000000000634
426,0.364765405766,-20.5424631044,2.39388578645,1.3966990315,63.600000000000634
427,0.143836486525,-19.7592395689,-1.46441210728,-2.31656085918,63.600000000000634
428,0.101868323567,-20.061421713,-2.46325603268,1.08025657058,63.600000000000634
429,0.135137263235,-17.7004850417,-0.658120626142,-4.83104061902,63.600000000000634
430,0.179470196384,-26.305979415,5.73698790948,3.11238331128,63.600000000000634
431,0.206213170938,-21.7378543325,-8.74340552216,3.26601394166,63.600000000000634
432,0.713060820192,18.6389346022,-64.6695518236,-2.3069266055,63.600000000000634
433,0.335457674165,-21.2431317342,1.2517760803,1.03323525,63.600000000000634
434,0.141362616337,-32.3110950315,-28.2085259989,47.7966775905,63.600000000000634
435,1.16273167932,-19.4959256493,-1.95545658637,4.31792948348,63.600000000000634
436,1.06840628098,-20.4850493081,1.25562799646,0.537851823841,63.600000000000634
437,0.333933284224,-18.4909735597,-0.175400670042,1.54599044846,63.600000000000634
438,0.729335344225,-14.6718171612,14.5123636459,-6.6197150581,63.600000000000634
439,0.352513033309,-14.3872625598,-1.87373049746,4.96553050458,63.600000000000634
440,0.124607694829,-19.0432871381,-2.22626682846,1.50730221776,63.600000000000634
441,0.121035701149,-1.3240781002,-0.259322959276,-16.1066068683,63.600000000000634
442,1.40418197345,-24.6967799912,-3.43562618765,2.47655454102,63.600000000000634
443,0.101615788585,-25.7084419695,-2.00673553074,9.51284753679,63.600000000000634
444,0.109725407008,-29.3740182903,8.0379571516,-3.64371018157,63.600000000000634
445,0.200121293861,-19.6135262079,-2.849304069,0.0406319938927,63.600000000000634
446,0.141370595424,-22.8197522482,-3.53481692565,1.84478768624,63.600000000000634
447,0.101876060167,-17.6991306085,-6.72392324286,-0.0420826616963,63.600000000000634
448,0.164959117414,-22.5206568399,-0.372763070521,5.33895929843,63.600000000000634
449,0.112203402164,-19.6403267987,-0.141659830845,0.427385730114,63.600000000000634
450,1.15051242252,-20.6110416258,-0.323877418335,4.14315881542,63.600000000000634
451,0.102865863391,-20.0459618752,-1.90242605916,0.435625372823,63.600000000000634
452,0.107151113268,-19.8008090352,0.860418360821,2.91882727349,63.600000000000634
453,0.481546189024,-20.3360396268,0.585125119362,0.600624089657,63.600000000000634
454,0.114953724198,-18.8856679747,-0.67430692664,0.594979916106,63.600000000000634
455,0.520959360831,-27.190435181,-70.0920524746,2.24284156584,63.600000000000634
456,0.219909940059,-18.1868255015,0.272556711476,0.996560457033,63.600000000000634
457,0.279656983338,-21.083017903,-11.5592534085,-0.754859628312,63.600000000000634
458,0.271702750329,-21.8307691711,-3.43973410127,1.82575053881,63.600000000000634
459,0.351186194671,-19.7700463855,2.53447471166,-0.875107445007,63.600000000000634
460,0.638570246213,-18.6941537149,2.65966832641,0.643190796891,63.600000000000634
461,0.575584368184,-20.2612143959,13.1726345159,-13.3465071425,63.600000000000634
462,0.273578505942,-7.01101916638,-13.6663198918,42.13315239,63.600000000000634
463,0.228019592739,-20.8313474678,-3.82719476631,1.72417263493,63.600000000000634
464,0.198680360482,-14.474789248,-0.131460249446,-3.07085248718,63.600000000000634
465,1.28556394819,-20.0532714635,-0.74895076961,-0.184559471063,63.600000000000634
466,0.170701968647,-17.487664363,-4.11773266837,2.34484930119,63.600000000000634
467,0.840249061734,-18.0957926374,0.761036464946,-1.54437662407,63.600000000000634
468,0.280691293887,-19.8159524097,-1.14417752983,0.014873451755,63.600000000000634
469,0.24936928978,-19.4375448913,-1.56279454371,-4.18913047683,63.600000000000634
470,0.906809957124,-9.97734354107,-21.8021187871,-48.2741491317,63.600000000000634
471,0.339484678425,-20.6774748401,-0.603100057488,1.435005591,63.600000000000634
472,0.78949026114,-9.79577679833,1.37663159277,3.8366799044,63.600000000000634
473,0.213184919662,-21.4171052773,-5.2294650812,8.30223632363,63.600000000000634
474,1.17446924117,-19.7296009278,-1.20441476315,3.17540512195,63.600000000000634
475,0.602222792099,-20.3383484186,2.01165168109,0.0805430969456,63.600000000000634
476,0.164419060849,-10.0787698786,35.6934678627,37.8174872715,63.600000000000634
477,0.299703206189,-22.9972933848,4.6144084871,-4.67104002938,63.600000000000634
478,0.202753152593,-37.4646023742,-5.95282745528,-42.1073502972,63.600000000000634
479,0.118470877269,-9.26434192095,3.70697075638,17.0190888108,63.600000000000634
480,0.119998458543,-15.2344650791,-9.42592327637,22.6282914471,63.600000000000634
481,0.346306856853,-20.8983552171,1.12079778822,1.452992549,63.600000000000634
482,0.243433447358,-28.0760841802,-5.70066262519,1.31306859611,63.600000000000634
483,2.60508721295,-8.64063854291,-11.6890976565,6.42547697577,63.600000000000634
484,0.151254081648,-22.0874128102,2.56918385662,3.85662077747,63.600000000000634
485,1.73958375017,-19.1424920252,0.491250055403,1.96415210957,63.600000000000634
486,0.12504007426,-19.2414175638,1.27248148775,-0.989083382919,63.600000000000634
487,0.475009361666,-15.9256064785,6.36141506491,-10.308498416,63.600000000000634
488,0.496054213033,-22.5831630983,-4.02912905115,12.129484176,63.600000000000634
489,0.550372755471,56.6493377296,-41.231218221,-19.9626824236,63.600000000000634
490,0.130835881294,-20.5736515524,-0.071528324419,2.5284949097,63.600000000000634
491,0.120685906118,-21.4111592321,-1.63438784078,3.20475750725,63.600000000000634
492,0.282615521285,-15.1945499404,-15.0553458061,5.84470796099,63.600000000000634
493,0.367490839357,-20.1269137577,-0.477254412809,2.28537474389,63.600000000000634
494,0.23539298502,-20.2715389099,-3.25355046725,-0.90677750463,63.600000000000634
495,1.85117033798,-21.9258046658,10.6634853256,8.40044244213,63.600000000000634
496,0.284617589555,-21.5116700785,6.26371161045,11.7658949647,63.600000000000634
497,0.132007790442,-18.2700079967,-2.50608221747,-0.583399020465,63.600000000000634
498,0.288799361599,-2.50006889049,24.4579660618,0.30431460888,63.600000000000634
499,0.183014619592,-20.2160479985,-2.59725262011,5.32338082646,63.600000000000634
500,0.399617909456,-21.9442286371,3.09088686692,4.35677361887,63.600000000000634
501,0.256331851158,-13.9538421179,27.4610632295,18.9924572993,63.600000000000634
502,0.407544748684,-18.8495039072,-6.25190118866,4.50338112609,63.600000000000634
503,0.120257843972,-22.153804595,0.135688291164,0.97637341915,63.600000000000634
504,0.477629636143,-17.9110995648,2.22843300745,0.956575650303,63.600000000000634
505,0.227745629177,-21.6905146813,-5.35189842653,2.96223266013,63.600000000000634
506,0.317374681497,-21.9462727702,-0.740297356366,2.44626681003,63.600000000000634
507,0.145005460764,-18.8588695477,-0.136292365266,1.29389399692,63.600000000000634
508,0.293793119151,-19.2866685858,9.45373154337,23.6010142855,63.600000000000634
509,1.00813888946,-18.8379844713,-0.00187493924973,-0.661929988244,63.600000000000634
510,0.818973449404,-18.3339167227,0.212678739311,0.753125712087,63.600000000000634
511,0.482649306664,-25.3724843479,-20.0167227932,10.4565259405,63.600000000000634
512,1.75661378555,-21.3695972447,-1.62682862865,-0.955604847153,63.600000000000634
513,0.212667475963,-15.9740959055,-3.99474094486,12.3922332921,63.600000000000634
514,0.498104339688,-19.6149219832,0.719342450107,-2.04724466629,63.600000000000634
515,0.159355875282,19.6592076649,31.4647200414,-7.69196196711,63.600000000000634
516,0.346576724872,26.5620879549,34.1735895123,-7.37051091623,63.600000000000634
517,0.378988852733,-19.4155785045,0.312428014428,2.1514608206,63.600000000000634
518,0.207234488351,-23.0508751544,-2.74843303692,-9.11650396454,63.600000000000634
519,0.456113535959,-20.4998886139,-1.46963830976,-5.64055346625,63.600000000000634
520,0.158335306306,-22.5960716872,-10.0738529269,-8.87005682427,63.600000000000634
521,0.935468253839,-19.0448015976,-2.15685666215,3.19177847039,63.600000000000634
522,0.899880623906,-12.2427236929,2.35294588234,0.753371107913,63.600000000000634
523,0.237854418214,-24.9683179636,7.48336040229,-3.72257780068,63.600000000000634
524,0.475738183152,-16.5601164764,-10.6559135831,3.76038844835,63.600000000000634
525,0.305097902916,-17.6681691351,0.800596715353,2.28873390277,63.600000000000634
526,0.172031180025,-18.0774949067,-1.74965981371,0.318959095481,63.600000000000634
527,0.154212039153,-24.2147721429,-5.6951042401,2.86100883777,63.600000000000634
528,0.11137136413,-18.8953901151,-0.0680635739624,-2.60109950492,63.600000000000634
529,0.349222218221,17.6831515944,4.50828527786,-19.1834365463,63.600000000000634
530,0.116106781353,-23.6450551127,18.5416324418,-8.3376823401,63.600000000000634
531,0.419860245486,-18.3161938997,-0.666633266601,4.62387068287,63.600000000000634
532,0.331361304159,-8.45489643974,-30.3874217081,16.7052030248,63.600000000000634
533,0.100703791711,-5.35144160277,25.7377428826,-0.458783837565,63.600000000000634
534,0.738665543075,-22.472383343,-1.35669308343,-0.201600943921,63.600000000000634
535,0.688845641549,21.1544949468,13.0282325945,51.9302774,63.600000000000634
536,0.421221474165,-17.3266602782,-0.178114900084,-2.2991209656,63.600000000000634
537,0.413379012992,-18.6778316363,-28.1370496092,-29.145111827,63.600000000000634
538,0.154722841061,-23.138321569,-0.89177273073,5.95300828404,63.600000000000634
539,0.133669287184,-16.998504437,12.6116559829,4.08882252473,63.600000000000634
540,0.205063751725,-19.1292086891,2.00823149821,0.778794075734,63.600000000000634
541,0.352133337975,-24.1151961477,5.74131234876,-11.6539248274,63.600000000000634
542,0.457393492582,-20.5840456882,9.43005399929,17.1319462562,63.600000000000634
543,1.11703388718,6.64964426067,-34.1524461299,-26.2520437462,63.600000000000634
544,0.175051976363,-19.0307771939,3.44806074168,2.3172498279,63.600000000000634
545,0.119785042298,-32.2026455963,-0.709060947768,2.86086195378,63.600000000000634
546,1.31900669328,-20.8006332945,-1.60045319124,1.57349187297,63.600000000000634
547,0.118413351375,-20.2156581348,-4.22098583202,3.5286836864,63.600000000000634
548,0.124916535692,-18.5774185051,-4.21349805414,4.32077736143,63.600000000000634
549,0.128387532949,-39.9674775019,-7.76372211339,-48.6230592847,63.600000000000634
550,0.311317948657,-23.7461224394,-4.72375940269,1.25772812549,63.600000000000634
551,0.453681827343,-20.856027972,-0.0408903833368,-0.565823160907,63.600000000000634
552,0.230062945174,-6.14938272101,43.9681106692,25.8751625067,63.600000000000634
553,2.83398108984,-21.1631757054,-0.329328028167,0.582139048489,63.600000000000634
554,0.251869953314,-17.9234948948,1.26750708157,0.760466576766,63.600000000000634
555,0.100688607099,-18.9344100622,6.24990088624,8.58665474475,63.600000000000634
556,0.102025225232,-17.6899708097,0.323931851165,-0.746302177935,63.600000000000634
557,0.102773464086,-18.5158422109,-8.44810190293,-2.56983875776,63.600000000000634
558,0.165665581868,-19.1220575154,-1.47737261199,-0.693300218751,63.600000000000634
559,0.137332471626,-24.615367588,-1.68185753274,0.570356234729,63.600000000000634
560,0.131460413061,17.8963231364,31.0168666442,24.0573641566,63.600000000000634
561,1.03362883904,16.6756828035,-66.8391292373,-13.0040555774,63.600000000000634
562,0.308935606355,-18.9167742595,-2.51534171358,-0.386546889555,63.600000000000634
563,0.643649095373,-23.7735643671,-6.3261484193,2.11214095144,63.600000000000634
564,1.12489790376,-20.6296748399,0.0450639446893,-1.02930837321,63.600000000000634
565,0.115957600375,-18.4762834993,-6.41714686566,3.70866106694,63.600000000000634
566,0.137348921391,-7.41980802725,-5.08812089301,24.2661328037,63.600000000000634
567,0.454076831165,-21.7828403617,-5.03616848881,1.98442874429,63.600000000000634
568,0.239969962816,-19.3515466912,-0.886881870391,-3.55701946013,63.600000000000634
569,0.473843255195,-18.9415660873,0.723194604498,-0.312205750067,63.600000000000634
570,0.21057612149,-24.3768798085,-26.1237187921,13.8261707335,63.600000000000634
571,0.256370928231,-19.4963961293,-0.795130315879,4.5165856119,63.600000000000634
572,0.165198016207,-17.5824320514,-4.47690220056,0.428541574067,63.600000000000634
573,0.115164778317,-20.2604957223,1.68572591371,0.948107970583,63.600000000000634
574,0.569562888769,-19.474123162,-2.62841423579,1.22915020336,63.600000000000634
575,1.019681053,-18.8465624436,2.29977680011,3.15237460756,63.600000000000634
576,0.209469090145,-20.5194804736,0.00674685415486,-2.41308354375,63.600000000000634
577,1.18558537725,-21.1161316584,-5.65429258871,2.37433217456,63.600000000000634
578,0.118714068827,-21.863807727,-0.332233010224,3.18966867161,63.600000000000634
579,0.304991660491,-20.7480354525,-2.19902045333,-0.0816592476359,63.600000000000634
580,0.571951545631,-20.4177408592,-2.00187119415,3.68043214855,63.600000000000634
581,1.18549321021,-12.9816646888,-3.7526775742,0.0118662831146,63.600000000000634
582,1.21289644997,-20.9271309246,-1.09695036255,3.27983044686,63.600000000000634
583,0.102961199,-19.860563757,-1.03112400144,1.1924083098,63.600000000000634
584,0.383194742519,-23.6202762295,-1.43580330319,-1.85829474409,63.600000000000634
585,1.46829744645,8.90291257142,-25.7359283973,-18.6498523675,63.600000000000634
586,2.40330342459,-19.9793916582,-1.91155161749,1.27600731797,63.600000000000634
587,0.340960415759,-14.0832478265,-2.05600783197,-0.908532775015,63.600000000000634
588,0.164710163705,-22.7159012994,-0.947365638804,1.46743477897,63.600000000000634
589,0.339573259271,-22.0889365797,-4.16289284016,8.40153396552,63.600000000000634
590,0.32276372818,-22.8078434882,-2.09535666143,1.25801840095,63.600000000000634
591,0.10960075633,-24.7993797005,-3.79760437925,1.48821225091,63.600000000000634
592,1.35793591847,-25.9581073137,-0.698097798207,1.11686655179,63.600000000000634
593,0.586145063332,-23.0545685645,-1.35364161083,1.38019461851,63.600000000000634
594,0.142042553478,-32.9132674583,5.68838103944,4.96725479859,63.600000000000634
595,0.671364735436,-14.2964364845,5.41086225394,-0.741582447266,63.600000000000634
596,1.28511291723,-17.0653462012,3.38442602076,1.58254644226,63.600000000000634
597,0.324544502641,-20.5443376628,-3.19619536116,1.28050344712,63.600000000000634
598,0.306732259889,-17.1094401867,-1.20988205042,3.48337575725,63.600000000000634
599,0.18418973392,-22.5584754612,-4.01526658302,-0.881507294433,63.600000000000634
600,0.609297288658,-18.2192023876,-5.19792585443,3.14029464259,63.600000000000634
601,0.983701611164,-21.9939257852,0.826880338857,0.00695402359213,63.600000000000634
602,0.64011397232,-5.82347566956,5.56990032052,5.68565377182,63.600000000000634
603,0.157684424988,-21.6927492654,0.729320818243,2.17259862129,63.600000000000634
604,0.257799127,-19.9824240822,-3.56312087701,3.93889819806,63.600000000000634
605,0.680267917942,-21.0854332223,2.03987345527,2.55911804905,63.600000000000634
606,0.213189813603,-23.3838123017,-2.77285282991,-0.0969587998558,63.600000000000634
607,0.313289049233,-19.9291302409,-2.00594305961,-0.377873409973,63.600000000000634
608,1.12090837037,-18.2080779069,3.58819437142,-0.613617367337,63.600000000000634
609,0.459046790861,-66.7998503708,16.8432109814,34.6318842442,63.600000000000634
610,1.6250341151,-22.4967673513,0.0322757249846,-0.69366913057,63.600000000000634
611,0.330371766786,-21.8731669646,3.14021927661,5.81655887165,63.600000000000634
612,0.257503301223,-10.7601349723,17.4543258274,-75.4179479825,63.600000000000634
613,0.532155222209,-18.2820375593,-5.49167414774,-0.159798539256,63.600000000000634
614,0.137763087931,-22.3158319186,-0.886000139641,1.89573508144,63.600000000000634
615,0.156455983079,-20.3874417462,-2.5927243323,20.4040710312,63.600000000000634
616,0.472251080912,-18.0126598256,-0.414146055916,2.70611337075,63.600000000000634
617,0.145801344235,-20.2522836028,8.19435964631,5.03048663041,63.600000000000634
618,0.174600187162,-24.73263981,-5.82698144844,-17.63841511,63.600000000000634
619,0.562097994645,-20.3329083777,-1.13505462859,0.727072626164,63.600000000000634
620,0.557527641054,-19.6268124944,1.09119872678,2.10828636271,63.600000000000634
621,2.99311772126,-18.615266912,-0.597878390206,1.16881617589,63.600000000000634
622,0.13473333069,-20.7409266757,4.30316934881,1.74509825984,63.600000000000634
623,0.154898266097,-19.4101060643,0.774230864159,5.04913119158,63.600000000000634
624,0.375596467616,-15.6663915137,-3.2694210549,-0.400254758549,63.600000000000634
625,1.11361806445,-14.7833397937,-9.84064588286,8.3001997958,63.600000000000634
626,0.95128678529,-22.4401402534,-3.64538400819,1.12036851435,63.600000000000634
627,0.147420491966,-17.3155704083,-1.89891453685,2.49623445923,63.600000000000634
628,0.114503032274,-9.39963710134,-7.55675490661,14.3332693414,63.600000000000634
629,0.355093589866,-20.1604884063,0.384628916261,2.69233949614,63.600000000000634
630,1.02628050757,-16.809081462,-2.07001936651,0.731770750524,63.600000000000634
631,0.278123627556,-25.1273689496,6.94306188729,-3.62301735665,63.600000000000634
632,0.162807230053,1.62295256164,-1.55144060885,7.99934139549,63.600000000000634
633,0.273820460282,-17.8731377791,-1.45571174416,-3.30825695834,63.600000000000634
634,0.294260761893,-27.4365343527,-0.567940191369,10.8232135163,63.600000000000634
635,0.16134557772,-18.8781154426,-1.44522284744,0.83319892719,63.600000000000634
636,0.335705180956,-26.476958676,4.07613642523,-1.79733731757,63.600000000000634
637,3.85200045815,-22.978974074,3.33243737319,10.2079149305,63.600000000000634
638,1.18915525031,-20.878669557,0.812837348859,-2.24171564216,63.600000000000634
639,2.03916481142,-22.8139290096,3.37635339139,0.2651669896,63.600000000000634
640,0.155802317262,-18.1465865027,-1.89637479321,4.78507209001,63.600000000000634
641,0.59273597063,-20.2989038379,0.591556034169,1.88939177242,63.600000000000634
642,0.211079415207,-17.0751774125,-4.14909854309,3.40772049328,63.600000000000634
643,0.464082958414,-24.3644240264,-3.48865426312,-0.130979337307,63.600000000000634
644,0.166833923653,-24.5785321051,3.33878238168,4.85759383535,63.600000000000634
645,0.177014378409,-22.3611181102,-1.93244795454,4.98022457361,63.600000000000634
646,0.136786531095,-18.7405826524,-5.51819908602,-3.17293672624,63.600000000000634
647,0.407606666176,12.5759206665,-4.41740162497,17.4216947114,63.600000000000634
648,0.419329189027,-21.9481837184,-0.231107735115,1.035496591,63.600000000000634
649,0.461120253622,-19.3124445052,-3.6369980041,1.24483091989,63.600000000000634
650,0.522323419551,-35.3631126554,20.2347509304,-5.9667935656,63.600000000000634
651,0.426593051544,-6.79354955234,9.96707027916,61.1664966037,63.600000000000634
652,0.595542680867,-20.1482028548,8.55269773975,-11.2492199931,63.600000000000634
653,0.437759811886,-23.5761195877,3.48512434435,-0.704907472716,63.600000000000634
654,0.201675875464,-14.5296417234,-30.3678782757,-14.5995438592,63.600000000000634
655,0.850872941085,-21.1917049572,-1.19795989581,5.3404222238,63.600000000000634
656,0.193026113466,-18.3562817461,-0.272640618117,1.58943356402,63.600000000000634
657,0.22348546812,-15.0824458212,11.0318376081,-20.8415789548,63.600000000000634
658,0.19629531184,-21.4423055633,-2.11725861091,2.88417780354,63.600000000000634
659,0.31006912279,-21.0993503207,-1.42840477882,-2.3551768278,63.600000000000634
660,0.332769871438,-7.63427004489,56.2673270478,0.686207945331,63.600000000000634
661,1.0723085121,-19.5519872587,2.43527737191,-0.479626870424,63.600000000000634
662,0.161815686859,-17.9782361182,-0.636498669691,3.94820674535,63.600000000000634
663,0.677570653606,-16.9117618075,-8.25177546345,-0.403421305518,63.600000000000634
664,0.20805071468,22.016851108,-29.6519839338,-18.7297863958,63.600000000000634
665,0.288424068014,-1.57335197418,-13.6199487959,-16.1484079763,63.600000000000634
666,0.259480552812,-22.963264341,-2.61413433937,-5.34879794146,63.600000000000634
667,0.156224606335,-21.3875189035,-5.93619476416,1.47569553921,63.600000000000634
668,0.372611757728,-19.8372163697,0.952677433578,0.00321979830418,63.600000000000634
669,0.215565276381,-19.6794685434,-1.69540121785,7.18707731264,63.600000000000634
670,2.16104584217,13.1795771986,-18.9724803244,-7.31597319617,63.600000000000634
671,0.118830428525,-23.0287244537,3.53776300654,2.9034976278,63.600000000000634
672,0.424833888682,-15.9308510656,1.98565061299,0.901956140921,63.600000000000634
673,0.59901537075,-22.6512927051,-2.43958591801,-0.146787449094,63.600000000000634
674,0.613998073715,-23.574204754,-0.950729635121,0.708880070538,63.600000000000634
675,0.734383086116,-18.2420081343,3.01900833196,-4.79443627406,63.600000000000634
676,0.175493517707,-21.3011076288,-1.85469883003,2.56387185102,63.600000000000634
677,0.279442894637,2.77573146791,-38.4968697598,25.6786739544,63.600000000000634
678,1.09957938667,-22.5554965735,-1.15141719064,-2.30656523246,63.600000000000634
679,0.158085195912,-24.9369236208,-21.2290729517,-6.13209638728,63.600000000000634
680,0.581533201861,-4.71879885646,-2.91134294048,-21.8763541792,63.600000000000634
681,0.21116725424,-18.4246143198,-2.03112941322,2.30202627059,63.600000000000634
682,0.138357861036,-6.17265207381,2.64697704328,-5.9773105016,63.600000000000634
683,1.01427244945,18.5885268836,-32.7931721478,39.652809117,63.600000000000634
684,0.254137630223,-10.7999483874,0.56194221908,2.97507691632,63.600000000000634
685,0.100229800388,-20.8598423301,-1.79894568407,-0.702553810542,63.600000000000634
686,2.20684053128,-20.5141937803,6.08067680322,0.937537923639,63.600000000000634
687,0.129414095711,-21.0361685951,-1.54145440881,3.01064657171,63.600000000000634
688,0.238709593158,-26.5482088664,25.5083202354,-12.2689900401,63.600000000000634
689,0.252998760115,-20.8684901399,-2.98423086471,-1.98707648349,63.600000000000634
690,0.138398741544,-14.5444278266,4.44506107175,11.1187602793,63.600000000000634
691,0.161130587254,-24.1864761577,-0.16775652103,5.54627990899,63.600000000000634
692,0.694114952905,-20.5235731742,-1.64527963407,1.31327966856,63.600000000000634
693,0.698043382279,63.0993962916,18.7349592317,-11.0688592869,63.600000000000634
694,0.132390738815,-17.4611296809,1.85042074755,-4.15342321771,63.600000000000634
695,0.193445619217,-23.2980753553,-1.28454524627,-1.85957098284,63.600000000000634
696,0.738238492336,-18.5047491816,0.128342795804,0.841563260206,63.600000000000634
697,1.1095103601,-20.7145916541,-2.67423061129,-4.98370849958,63.600000000000634
698,0.127260642096,-23.1028890236,0.527566763539,-2.85603015711,63.600000000000634
699,0.106974647302,37.0970562596,-4.97985973849,0.907779098067,63.600000000000634
700,0.923945562344,-18.7826567306,-0.00871457428737,0.627049009802,63.600000000000634
701,0.232658461113,-20.5611327204,1.20554660676,-0.262991692195,63.600000000000634
702,0.226000819637,-22.4566965529,-2.33496461878,2.97983508023,63.600000000000634
703,0.124240764288,-0.619137009338,12.1494838442,-11.4418513277,63.600000000000634
704,0.343462926958,6.7755756197,-1.68534123232,4.26897306688,63.600000000000634
705,0.130525401198,-24.3098241688,0.722886441095,4.11103669537,63.600000000000634
706,0.101107677915,-21.2398057908,-0.741039435688,2.4836942248,63.600000000000634
707,0.315122410247,-23.4751983622,-0.164785169484,-0.448687746099,63.600000000000634
708,0.2352618486,-14.0770255583,-3.96494650664,2.76568270936,63.600000000000634
709,0.41290597546,-22.7096109549,2.24508666757,7.84648545597,63.600000000000634
710,0.142734763159,-19.8722972042,-2.0122506476,1.35015312445,63.600000000000634
711,0.265216646036,-17.5844598999,4.63530107848,5.65760153827,63.600000000000634
712,2.99629243057,10.8201447801,-14.2228393865,19.6917489802,63.600000000000634
713,0.620395066796,-20.1885260854,0.301494710551,0.491630874049,63.600000000000634
714,0.103124103256,-21.0119698845,-2.62552174191,-1.44186656806,63.600000000000634
715,0.426741379627,-20.5920010573,-0.151233393309,-0.424019634923,63.600000000000634
716,0.338887535262,-20.7454695771,0.837302453723,4.39200885313,63.600000000000634
717,0.10780348085,-17.824437719,-0.879073089034,-1.25623971309,63.600000000000634
718,0.895791572131,51.2208566411,5.64947490951,11.1075121756,63.600000000000634
719,0.841406424945,-16.9421746854,-2.20668515929,2.94314559808,63.600000000000634
720,0.154134407075,-17.381774506,0.0332939053599,1.43920679579,63.600000000000634
721,0.602506444203,-20.1320840591,2.90122738202,0.443199000489,63.600000000000634
722,0.153772328585,-18.2403498242,0.308345120034,3.4748976294,63.600000000000634
723,0.736748795687,6.98304654086,-7.68709888993,5.31308608175,63.600000000000634
724,0.570003509026,5.08966876875,2.72196434185,24.7383242394,63.600000000000634
725,0.657718675911,41.90460506,46.4450785739,0.336188607317,63.600000000000634
726,0.202717407607,2.32727111771,-17.955501498,-6.91110075807,63.600000000000634
727,0.125714131746,10.0178032496,26.652139439,-49.4603727016,63.600000000000634
728,0.304890968248,-12.1500868763,-13.3141357051,-9.71251127538,63.600000000000634
729,0.136701714356,-22.7690891002,8.29687508783,1.82454856826,63.600000000000634
730,0.141769825997,17.0888540254,3.58347565397,-8.40596955775,63.600000000000634
731,0.467907297662,-20.9332377093,1.53353157633,0.938697767118,63.600000000000634
732,3.13869447223,13.6708197774,-24.0354064439,37.1589008029,63.600000000000634
733,0.114416416032,-21.4255771092,-0.713442553762,1.21121591259,63.600000000000634
734,0.191687285293,-19.2625438767,2.06379951916,3.09478472449,63.600000000000634
735,0.163046646321,-20.7101200847,2.93411216488,2.08036984076,63.600000000000634
736,0.158227517867,-16.9121910659,-0.144101529083,-0.701183121875,63.600000000000634
737,0.136035837616,-15.4334996068,-12.3115356306,86.7097095219,63.600000000000634
738,0.342043856527,-40.4953706179,-13.1453291293,35.7184386978,63.600000000000634
739,0.435750560078,-8.38470588873,-13.0506700014,37.3965311828,63.600000000000634
740,0.268386425603,-19.0847688379,-5.86121603116,2.64879409589,63.600000000000634
741,0.146252977489,10.6575233839,-34.2403320235,8.38957474578,63.600000000000634
742,0.127434146263,-29.0833248487,21.1117872277,-10.2438146266,63.600000000000634
743,0.167595234794,-18.5799620171,-0.070299715152,5.55305511572,63.600000000000634
744,0.457607765006,-30.7834531673,4.34361359439,1.35106719513,63.600000000000634
745,0.10820960929,-17.4674202223,-3.59622410689,2.65211541363,63.600000000000634
746,1.22262625278,-20.4752601213,0.542458415984,0.862634873416,63.600000000000634
747,6.53267525436,-18.4423329647,-5.54210640947,-0.184832407511,63.600000000000634
748,0.154798036044,-18.3455619593,1.6420034479,1.50904110014,63.600000000000634
749,0.309816172882,-21.7258893049,-1.99091411006,2.91390768991,63.600000000000634
750,0.185925453716,-20.0596887009,1.06469710743,1.69304876125,63.600000000000634
751,0.319891592794,-18.9133053516,0.264883152148,2.29010644786,63.600000000000634
752,0.101974817875,-27.3908020805,2.00835986392,0.451197453914,63.600000000000634
753,0.250126250049,-22.0879353015,-1.93978894643,-9.2904237947,63.600000000000634
754,0.11754680715,18.3227223862,4.03300012174,-24.8075712596,63.600000000000634
755,0.174154588462,-16.2478213647,-2.45860204841,2.34849840448,63.600000000000634
756,0.131876057237,-24.7688579072,-14.6834567344,10.1828615634,63.600000000000634
757,0.990599863892,-26.1592588502,-20.1278217947,0.481764357448,63.600000000000634
758,0.23232439344,-20.630383169,0.347386217799,-0.428282993986,63.600000000000634
759,0.10417263074,-18.8564758131,0.0251197854855,0.919773667542,63.600000000000634
760,0.681794040584,-18.6792734514,0.623800629304,3.14655961699,63.600000000000634
761,0.132190058256,-34.1274346008,20.1400039528,-23.6786462175,63.600000000000634
762,1.62617412062,-20.6796300622,3.25782030542,4.53713692637,63.600000000000634
763,1.08239471174,-26.6526428628,1.5012444777,-2.39934806286,63.600000000000634
764,0.929778943624,-40.9234879848,-29.6791271407,-22.2936266645,63.600000000000634
765,0.194473021575,-20.6251306248,-2.01457706274,2.54420391105,63.600000000000634
766,0.107643297562,-22.2159685988,-4.35009452342,-9.233481838,63.600000000000634
767,0.689680933277,-23.5346468513,0.711937674598,-0.452754333783,63.600000000000634
768,0.24471551175,-22.4712595347,-3.05338344071,0.265411368199,63.600000000000634
769,0.408535241626,-21.6597660457,-1.30173267451,3.36233414887,63.600000000000634
770,0.21755211243,-18.3582297803,-2.79128979932,3.92319210115,63.600000000000634
771,0.186524350602,-23.0090632717,-2.25854427746,-1.20704576136,63.600000000000634
772,0.261924777958,-23.1037390784,0.791018564037,1.45577049227,63.600000000000634
773,0.121351263405,-26.7803835941,2.59463696373,1.74198768429,63.600000000000634
774,0.144382197209,-12.9877333355,0.423417053266,-1.45406009329,63.600000000000634
775,0.456958417434,-22.6293945904,1.49720348101,0.759670163936,63.600000000000634
776,0.15281414432,-20.4658398191,-1.55424067816,1.02102791718,63.600000000000634
777,0.193814740437,-50.8911076754,-8.86677953303,55.3347126168,63.600000000000634
778,0.528774654261,-12.0171800102,-0.358621979638,-9.31796098667,63.600000000000634
779,2.15791982511,-24.114645106,-4.69955646257,0.31737946797,63.600000000000634
780,0.106150937195,-18.4640811559,-3.69168569597,2.00034097754,63.600000000000634
781,0.126038099335,50.8219507858,7.80796326545,33.869216689,63.600000000000634
782,0.353764305211,-20.4434755346,-0.890146562813,2.2292235422,63.600000000000634
783,0.14279367747,-21.3576713369,0.361928693187,2.19398959483,63.600000000000634
784,0.149444232599,-20.511205439,-0.162554287093,1.18035596559,63.600000000000634
785,0.424187775376,-27.4385293369,-0.7138135735,2.33080138536,63.600000000000634
786,0.961676304222,13.9046843142,-24.9548497714,43.0458288124,63.600000000000634
787,0.226742242007,-20.9022928727,-0.448818210431,0.727391119336,63.600000000000634
788,1.7852975496,-19.3812019256,0.315310736303,1.52503654459,63.600000000000634
789,0.132659047298,-19.7260664566,-0.889592963046,-0.338358579206,63.600000000000634
790,0.119889281019,-18.8100897483,0.261779314555,2.1934005133,63.600000000000634
791,0.292262850904,11.5650568337,-6.26949601379,7.97765308552,63.600000000000634
792,0.251552094621,-18.213624059,-4.2868211034,-1.26878625898,63.600000000000634
793,0.123972078408,-18.8426799433,0.425008801986,3.94344231748,63.600000000000634
794,0.113757496472,-21.7469611556,-1.16000083499,6.26743657109,63.600000000000634
795,0.306608857451,-19.5370183979,1.25369044145,-0.544351505196,63.600000000000634
796,0.220084582935,-20.8680342604,-0.958877111512,-3.66814615811,63.600000000000634
797,0.116879386311,-20.8710485591,2.58908028094,6.3079603027,63.600000000000634
798,0.987570430116,-26.4580888138,-7.96042322571,-0.42695560822,63.600000000000634
799,1.13499479779,-19.5672315249,0.752854948982,1.36168890614,63.600000000000634
800,0.634788381211,2.19305275927,8.16650598258,-7.16848608882,63.600000000000634
801,0.102620929918,-19.5060956016,6.94157747911,3.99320664006,63.600000000000634
802,0.227654597964,-20.1819964057,-0.933075107062,4.15870773164,63.600000000000634
803,0.463467781353,-32.6814920754,-46.5282724295,-16.5173489006,63.600000000000634
804,0.47603762992,0.139980291684,31.877468759,18.1596580953,63.600000000000634
805,0.163465579308,12.453836838,39.2499831364,-12.1577886754,63.600000000000634
806,0.167861512605,-18.7606502111,7.73976167592,-20.7366693884,63.600000000000634
807,0.103093274235,-23.7458721468,-0.606617164754,1.37511753958,63.600000000000634
808,0.130592667046,-19.771963985,-35.0024066658,-51.4691162626,63.600000000000634
809,0.123644835665,-19.9353185249,-4.77913417185,-0.627513626393,63.600000000000634
810,0.516639444016,-21.1945998091,-0.633162249334,-0.0619370665338,63.600000000000634
811,3.13469436737,-33.2668323403,47.3925287883,-20.3985022208,63.600000000000634
812,1.09949397174,-21.50599904,1.35689644115,2.8404532812,63.600000000000634
813,0.254841219742,-15.8751831614,-0.0034610442498,1.88487752344,63.600000000000634
814,0.376021676783,8.01576568356,21.8305496199,-16.1622574647,63.600000000000634
815,0.126870910043,-19.541893796,0.0482679881528,0.470361122565,63.600000000000634
816,0.2101666793,10.2116513361,-13.0797750489,26.1963248948,63.600000000000634
817,0.209312007832,7.40007510751,80.9737409772,11.5713459727,63.600000000000634
818,0.147937779673,-19.0599043244,-2.34798917135,0.378063514488,63.600000000000634
819,0.113320571103,0.907538990081,16.5004606279,17.2594146203,63.600000000000634
820,0.958276749755,-20.0253551001,-0.964777207091,1.29834831198,63.600000000000634
821,0.117912078955,-17.8762201466,2.27623721531,-0.761871609094,63.600000000000634
822,0.10319173099,-21.7312371731,0.207167723998,-3.5025195038,63.600000000000634
823,0.669672420849,-17.6803096779,-1.23451141496,-0.828149484931,63.600000000000634
824,0.131111676895,-15.8007601332,-21.470878863,5.76538585583,63.600000000000634
825,0.419430913373,-30.12063665,-20.7113390444,-10.384384623,63.600000000000634
826,1.90531913537,13.215421482,12.5256116684,1.90610773905,63.600000000000634
827,0.110181775239,31.2406072446,-19.5079572184,40.7528030821,63.600000000000634
828,0.237198631489,-21.1467973555,-4.10183255741,0.658120293503,63.600000000000634
829,0.252300747504,-18.8787745729,4.63981909075,2.24428008761,63.600000000000634
830,0.594210489747,-25.2474311273,0.858747103436,-2.23929365644,63.600000000000634
831,0.108992460469,-24.9103815807,11.0616019317,11.9942570065,63.600000000000634
832,0.150385246309,-18.7967003579,-1.40763228657,3.21450817839,63.600000000000634
833,0.288408520729,-6.96735769214,29.0846451524,3.53292669035,63.600000000000634
834,0.130708126322,-21.2933409086,-0.174824990769,-0.0053945740041,63.600000000000634
835,0.139181698098,4.59409581691,-6.06903019075,-31.2548702526,63.600000000000634
836,0.203652858215,-17.634278,2.34243494988,-2.07077525131,63.600000000000634
837,0.200112000804,-22.818073355,2.68438218574,0.659546771878,63.600000000000634
838,0.166693308857,-17.3974879707,1.3590461202,1.9033371873,63.600000000000634
839,0.32676824663,-20.2877184802,-1.30752585023,0.305809168648,63.600000000000634
840,0.561649295766,-20.0002762074,-3.05775246493,0.297978022007,63.600000000000634
841,1.2788880997,-35.5776773733,30.5919676521,-46.5261986643,63.600000000000634
842,0.299116616815,21.8337218606,-5.41685940669,-8.54283193342,63.600000000000634
843,0.136721219226,47.8023844993,-14.8707768019,20.1466154531,63.600000000000634
844,0.101837401648,-19.9080175866,0.675741248741,1.86761360189,63.600000000000634
845,0.747963415717,-14.5083336501,-1.03016296241,4.79868088649,63.600000000000634
846,0.165400472257,37.8775375853,16.6166879255,97.3515532815,63.600000000000634
847,0.141486973846,-22.2875945982,1.28750264604,-0.199953744277,63.600000000000634
848,0.102152065899,-16.2377755193,-4.71008441419,-1.95187779592,63.600000000000634
849,0.353471877615,-5.83640136434,7.50151450816,-41.8523884476,63.600000000000634
850,5.13646931754,-20.3002994143,-0.39172391019,2.16453558329,63.600000000000634
851,1.67719028512,-22.7139875336,0.953100196401,1.37064274452,63.600000000000634
852,0.91025539897,-20.5318637348,-1.31203469354,-0.297402378608,63.600000000000634
853,0.650286660995,-16.874524087,-2.40791378343,6.34841839539,63.600000000000634
854,0.319967480834,-17.3458155306,-1.47489716957,6.04188544019,63.600000000000634
855,0.235999204292,-21.6570634732,-42.2985042277,-48.9977949765,63.600000000000634
856,3.25576616892,-19.843359366,-1.33331451982,3.01197381818,63.600000000000634
857,0.733285231891,-25.3426274096,-5.45914078975,-17.7318319379,63.600000000000634
858,0.486236013001,-14.965277696,-0.00968575795154,-7.00344305545,63.600000000000634
859,0.20587524038,81.1219142449,-12.9066291356,-8.06920776637,63.600000000000634
860,0.182038272476,-18.0355863734,-0.650159681187,1.3055666205,63.600000000000634
861,0.156136333712,4.88388163431,-6.92117275617,27.4823217459,63.600000000000634
862,0.797853144974,-16.48861201,49.5174846281,11.3014366415,63.600000000000634
863,0.16751150415,-18.0128567936,5.68378563316,-1.45590768458,63.600000000000634
864,0.162296524955,-22.8070336537,-5.89883696362,5.84872382345,63.600000000000634
865,1.72423707066,18.3187648889,36.5742279229,21.0911439366,63.600000000000634
866,0.290180897111,-23.1743912566,-36.7176272087,65.2058862298,63.600000000000634
867,1.05233488001,-20.5952864327,-1.23879303541,1.18743662189,63.600000000000634
868,0.716036649905,-23.9468058017,-7.67766486838,12.9229895224,63.600000000000634
869,0.272703099291,-21.7601599415,-1.940709704,0.762973344967,63.600000000000634
870,0.104546940704,-23.9955209584,-0.000829290178918,3.42270465939,63.600000000000634
871,0.130183620051,-21.0325664524,1.11689253958,-1.77775129407,63.600000000000634
872,0.246111839095,19.5471173463,-13.0348698475,-15.9299685851,63.600000000000634
873,0.543487284963,22.363796312,39.096840712,78.7144327725,63.600000000000634
874,0.976567020844,-17.8794388308,1.6129189881,-1.25188056402,63.600000000000634
875,0.124508118969,-15.9882545653,0.594186833372,4.34447726315,63.600000000000634
876,0.43241493421,-18.7580001252,0.096249073345,2.25856269025,63.600000000000634
877,0.308661152162,-17.801107392,0.812823947397,1.46237606443,63.600000000000634
878,0.467978884831,-24.6694841575,5.6255231623,-1.70403717684,63.600000000000634
879,0.479909787674,-21.6519618814,-4.13825456589,4.3098995924,63.600000000000634
880,1.4161662659,-18.909973886,-0.211169483444,0.758471848328,63.600000000000634
881,0.119637578147,-18.4370235214,-3.38357601725,3.15770834434,63.600000000000634
882,0.118933957072,-15.5226823632,2.49976406133,-2.93549767323,63.600000000000634
883,0.672256316267,-23.7044560263,-5.18700495373,-2.42082401124,63.600000000000634
884,0.702826482292,-19.4088978465,-1.41320478432,0.903241490689,63.600000000000634
885,0.245471980387,-15.0828872903,-2.57873773536,9.52525658767,63.600000000000634
886,0.170973170795,-16.6890738921,4.00344728342,-3.09424128031,63.600000000000634
887,0.407321449747,-22.2723442882,-0.638792651206,1.11067105332,63.600000000000634
888,0.145830607995,-19.7285232281,0.329864243576,1.17762430911,63.600000000000634
889,0.494733896032,-13.1468945001,-1.74222054183,4.01911792654,63.600000000000634
890,0.519454894846,-19.4281792498,-1.37933436905,2.72133995196,63.600000000000634
891,0.795182434894,-20.1555280226,-2.1347409276,-0.0664680239489,63.600000000000634
892,0.422831456854,-34.7728961863,-18.2644202553,25.8240735989,63.600000000000634
893,0.880253018606,-27.2641730687,-0.960502749157,3.04385219759,63.600000000000634
894,0.232881445677,-11.7620464135,-25.0498063481,-49.0406231362,63.600000000000634
895,0.411187532935,-18.8321938665,-1.90880935749,2.16181711039,63.600000000000634
896,0.183653487592,-15.5920448602,-9.6812174483,33.3242812411,63.600000000000634
897,0.283551606949,-27.892843114,8.05637954801,-0.249284183999,63.600000000000634
898,0.588824789646,-18.5524451345,-2.74371016544,3.55039107845,63.600000000000634
899,0.129583617156,-5.30221067983,29.2367358253,3.06659692102,63.600000000000634
900,0.123861280735,-20.627091812,24.6463969723,-16.7783186949,63.600000000000634
901,0.566429261405,-20.8279882042,-0.629921037018,1.11613846868,63.600000000000634
902,0.269607060471,-17.9699192303,-1.84239366274,2.43837638222,63.600000000000634
903,0.940051071934,-20.4788559111,-5.2604343,-2.88649926035,63.600000000000634
904,0.1122462836,-20.8818271184,-1.69037527448,0.372137738603,63.600000000000634
905,0.605889730412,-18.2697891373,4.3616834852,-3.88896341185,63.600000000000634
906,0.533712041986,-19.1011432283,-1.65602318382,1.71511590823,63.600000000000634
907,0.124562691934,-30.1156229782,4.99173014482,4.29658615309,63.600000000000634
908,1.37627146574,-19.3806796785,0.574046683874,2.14209025802,63.600000000000634
909,0.102161056448,-18.1543208017,-5.21970743522,4.15785055769,63.600000000000634
910,0.346681735289,-18.5933524398,-5.01028550203,8.36020780539,63.600000000000634
911,0.166842970589,-20.1332492527,0.0128933950269,-0.149326363819,63.600000000000634
912,0.36824599624,-20.4716288239,-5.300441506,0.931739516559,63.600000000000634
913,0.118261859629,-12.8906001312,-10.2846469741,50.5835498734,63.600000000000634
914,2.41209789581,-19.3734032086,-3.30634306442,1.62963264777,63.600000000000634
915,0.408826148743,-20.2254438908,-0.589330490573,2.29721226143,63.600000000000634
916,0.488178875759,-17.6196556712,-5.63214721926,7.32870008242,63.600000000000634
917,0.338346073802,-19.9162685945,5.21524011379,-0.479667617046,63.600000000000634
918,0.414388576654,-8.84239907134,-20.7069650364,10.7853274106,63.600000000000634
919,0.379200508373,-4.58346397846,-13.2436600948,-17.3315677925,63.600000000000634
920,0.278980757526,-16.7248113037,-2.36835274991,-1.0198760796,63.600000000000634
921,0.15448601003,-19.3285318124,3.63837363736,11.1910527919,63.600000000000634
922,0.184652922747,-19.3908159207,-1.15742549677,2.63897911535,63.600000000000634
923,0.622784515871,-18.2303957897,1.90511765534,0.958323622276,63.600000000000634
924,0.115098716169,5.55206776272,-26.8353405178,-26.0028160018,63.600000000000634
925,0.349791340133,-20.3025005128,-2.23496489739,-2.49207938103,63.600000000000634
926,0.133133379742,-20.5673073041,-1.15855541542,1.44720727102,63.600000000000634
927,0.208107361247,-18.5125953162,-4.76659855697,-2.07125522381,63.600000000000634
928,7.80506312497,-24.4397474544,-1.34180980551,-1.24255162453,63.600000000000634
929,4.44401350521,-20.7167186463,-0.82666930231,1.48964291168,63.600000000000634
930,0.242940427556,-34.8581977333,-7.29595312545,-41.3698448058,63.600000000000634
931,2.34655876818,-18.4605844681,-0.112123368201,1.2656468002,63.600000000000634
932,0.97797489121,3.88894274916,10.1035063975,18.8295403641,63.600000000000634
933,0.297718429839,-15.5283471185,8.86402264082,-10.8272174868,63.600000000000634
934,1.00581154873,-17.6172697972,-5.24897187001,6.31582543199,63.600000000000634
935,0.796038957083,-25.4131479561,-6.51386151024,-3.78213699692,63.600000000000634
936,1.29853569683,-43.9296057154,21.4865294775,-23.843736389,63.600000000000634
937,0.265586034973,-12.5743682281,-1.19236252611,7.67139196492,63.600000000000634
938,0.133714293608,-21.9047811574,-0.98786532586,-4.42799658211,63.600000000000634
939,0.193646116762,-20.9943187133,-2.11086073219,1.65808811324,63.600000000000634
940,0.167040929978,-32.64033134,1.32317073776,-53.9671580966,63.600000000000634
941,0.168184702803,-20.6443629965,-0.0998363130136,-0.399022647647,63.600000000000634
942,0.117411461655,-18.5089272253,-1.39240430255,0.429623125046,63.600000000000634
943,0.102832615735,-17.1407255731,-0.119691061348,1.17146995228,63.600000000000634
944,0.163847123763,-20.8708265871,-0.0220121876554,2.1221550551,63.600000000000634
945,0.155144757998,-27.2935223546,-0.431528002401,2.01118955767,63.600000000000634
946,0.226066912378,-20.1211667336,-1.29787790416,0.339626405772,63.600000000000634
947,0.110550509931,-23.4625909625,-2.8538393943,1.53075853148,63.600000000000634
948,0.285231285535,-19.1465959164,2.62827988518,1.26070168152,63.600000000000634
949,0.24773280217,-18.8564573305,-0.129096876714,1.82464516783,63.600000000000634
950,0.100928136529,-29.898997897,3.48657716998,-1.72235679936,63.600000000000634
951,0.201293259952,60.5965931888,8.11079795126,-2.80021502147,63.600000000000634
952,0.126085463491,-48.4288411652,-3.02756363357,4.01588716456,63.600000000000634
953,0.184478711071,-18.2712070943,-2.9822604429,0.682292683851,63.600000000000634
954,0.161132406094,-18.9143823429,-0.376351024765,0.817123129892,63.600000000000634
955,0.495765971612,-21.7162312904,0.962461960772,1.16801132445,63.600000000000634
956,0.189313436866,-18.0552915513,-0.212448427897,3.87602314564,63.600000000000634
957,0.104489056887,-20.5342264438,-0.317442930485,2.74561027994,63.600000000000634
958,0.487192449548,-26.6049586339,-7.64737072535,1.51142758803,63.600000000000634
959,0.230170331216,-23.5106190441,1.06035652833,2.73840821094,63.600000000000634
960,0.341593587157,-21.2056231788,-3.53354342847,-3.25705223021,63.600000000000634
961,0.352854260773,-16.3554744245,-6.17528606133,5.19232889718,63.600000000000634
962,0.626729107046,-18.2104662685,0.704473509777,1.05594500737,63.600000000000634
963,0.461305983502,-17.0707628166,-1.28849029379,1.15813051376,63.600000000000634
964,0.151379049182,-21.6957714915,-1.34813232501,0.119122767863,63.600000000000634
965,0.333389904017,-3.60247408578,75.6518923517,-32.9094109847,63.600000000000634
966,0.281176302239,-18.2382811132,-0.808298704963,17.1335769047,63.600000000000634
967,0.545661312786,-40.5859219899,-20.3424852647,-22.2562698009,63.600000000000634
968,0.919936481541,-32.9592477711,-2.36640854899,-12.1728320239,63.600000000000634
969,1.56800996233,-33.6760646799,74.0054085446,40.4244477927,63.600000000000634
970,0.206933597188,-17.8836990167,5.85044443785,-0.170777498722,63.600000000000634
971,0.259810876093,-18.9212201256,0.272231061712,1.94096350235,63.600000000000634
972,0.109426270973,-19.9824238398,-6.88040133534,16.5864174347,63.600000000000634
973,0.352862276684,-19.0846871799,-2.45240434509,-1.14222327756,63.600000000000634
974,0.149711695284,-19.8137698388,-4.15472576496,1.80897565721,63.600000000000634
975,0.157147455984,-21.4103815993,3.72065363543,2.83669367045,63.600000000000634
976,0.441457525917,-19.8726076238,-0.291389214436,0.593139157421,63.600000000000634
977,0.395408786377,-15.9025069888,14.9527916703,-8.12155465604,63.600000000000634
978,0.596254927995,-17.365488225,-2.41073107438,-16.9465412665,63.600000000000634
979,0.309468396087,-19.6494476477,0.66877333475,2.36314340412,63.600000000000634
980,0.204359624804,14.9222901401,-41.2354729814,-11.6963261368,63.600000000000634
981,0.551045267243,8.93684091338,-16.1523310995,18.8870506295,63.600000000000634
982,0.887612418431,-9.78286925044,11.3602286611,-35.9638932539,63.600000000000634
983,0.159244375336,-23.7872271452,3.31969651531,5.88888044442,63.600000000000634
984,0.103966792076,-19.5334029773,0.87072755997,0.415053649667,63.600000000000634
985,0.252630230456,-22.0394548429,-1.99491533524,-3.35634560837,63.600000000000634
986,1.56781503841,2.30318223233,13.6827436451,-7.88218410051,63.600000000000634
987,0.274523544981,-20.40464651,-2.41565513246,6.11285750829,63.600000000000634
988,0.452580921472,-21.3425196879,0.110856997032,1.24402052837,63.600000000000634
989,0.647528351708,-20.6411138092,-0.722576977553,0.672788684812,63.600000000000634
990,0.316370519439,-18.151065249,0.0560086591956,0.597802332114,63.600000000000634
991,0.164755598403,-26.9590287679,-5.55845519844,0.613101660273,63.600000000000634
992,0.125955030816,-21.1423347358,-0.653554359452,3.61921451358,63.600000000000634
993,0.530311478473,-22.7729599959,-3.27224174891,3.56377063603,63.600000000000634
994,0.184502411576,-12.8509663362,-6.41217054793,-4.94004402339,63.600000000000634
995,0.195830978575,-17.2949107422,0.10098597626,0.051488417762,63.600000000000634
996,0.102695225834,-20.3458648446,-0.571928774762,0.228451861082,63.600000000000634
997,0.25014459086,-25.010803174,-3.10498033293,3.06515135378,63.600000000000634
998,0.605573041974,-23.2261780682,-22.4321827119,-4.45379032848,63.600000000000634
999,0.733178266447,-25.8057753856,8.63350057441,8.67741563071,63.600000000000634
