Star_ID,Mass (MSun),X (pc),Y (pc),Z (pc),Simulation Time (Myr)
0,0.258081514507,-0.908938410105,-3.0310544359,-1.94252745459,21.20000000000003
1,0.155434841763,-33.1423543556,-0.485789462681,-7.56904662951,21.20000000000003
2,0.131704323495,5.46197805515,-0.120556085886,3.75868500593,21.20000000000003
3,0.283474469992,1.45668440874,-2.11942236586,-0.228108892222,21.20000000000003
4,0.158443436204,-3.62558193493,-1.11131828934,2.42641909082,21.20000000000003
5,0.279533503685,3.80928743345,2.6108547245,-13.8671825335,21.20000000000003
6,0.343517176632,-17.1542413546,-4.60771959312,-0.173004942318,21.20000000000003
7,0.937239906256,-14.9858924179,-35.3153055602,4.46644160562,21.20000000000003
8,0.45159458715,12.9346373642,14.7226055927,3.26134315693,21.20000000000003
9,0.213612771406,-1.11610491651,2.07313841011,1.89629398131,21.20000000000003
10,0.176613015987,-0.866904250516,-1.3454171701,-4.03482398694,21.20000000000003
11,0.600938312144,3.33678712708,3.33981723561,-5.94539925586,21.20000000000003
12,0.173691783173,-2.10123848703,-1.78307123505,-3.85893355831,21.20000000000003
13,0.148541930468,-23.4264852964,-11.8331126786,13.5388088691,21.20000000000003
14,1.1219014326,1.34037886388,-0.927296776913,-1.37749552862,21.20000000000003
15,6.12893580189,1.58505013032,-2.32775890292,-0.264624028885,21.20000000000003
16,0.343832298614,5.16211671408,4.92630647124,-13.5909906179,21.20000000000003
17,0.164843991086,-0.652461158205,-1.71687498143,-1.01040359073,21.20000000000003
18,0.156958996022,4.63948886312,3.2878053301,-5.63874103251,21.20000000000003
19,1.39810341587,0.429204908356,-2.87712717834,-0.324663614144,21.20000000000003
20,0.130059748692,-3.31941158885,-0.877479711904,-1.1225937532,21.20000000000003
21,0.487629644177,2.60613918669,-1.36466981044,1.41556210589,21.20000000000003
22,0.393302533453,-1.69192709334,6.06862150043,-6.46088166172,21.20000000000003
23,0.166299533599,-0.400480302092,-0.111077386256,-2.32071943436,21.20000000000003
24,0.123182718102,-7.46878830867,-9.01255043168,-1.7790222133,21.20000000000003
25,0.255484021604,25.1160072635,30.7516551371,-10.9217662381,21.20000000000003
26,0.151035335674,0.0992609515315,2.19728384065,3.17098230347,21.20000000000003
27,2.81454129542,-1.79381079254,-0.237623768513,-3.99461102848,21.20000000000003
28,0.460159120495,-3.39124866854,1.05421619239,-2.75780951,21.20000000000003
29,0.210734903484,-19.5367908781,14.3920977145,-2.90941568288,21.20000000000003
30,0.323405301968,-0.786512118236,-2.12727337261,-1.33028223837,21.20000000000003
31,0.12626922455,1.70566576786,-3.35446874472,1.71825368623,21.20000000000003
32,0.198568018276,-0.395950140406,-1.59424906976,3.54766960832,21.20000000000003
33,2.07762059421,-1.24234462686,-1.89791447931,-1.7079378481,21.20000000000003
34,0.1322735019,0.990651662417,-1.16787640915,-0.280507074091,21.20000000000003
35,0.164881848062,22.810602849,-14.4812055376,-3.07291156202,21.20000000000003
36,0.11599476895,-2.99143803532,-1.62988856941,-4.48883915172,21.20000000000003
37,0.153318430509,-0.599430709832,0.294997109995,-0.289904448643,21.20000000000003
38,0.181147283133,0.527727188885,-3.96402730581,2.08623426043,21.20000000000003
39,0.43013155734,-0.397834488892,0.137012153478,-3.00218967114,21.20000000000003
40,0.234493350994,1.03302270208,-1.44044326371,-0.564106989822,21.20000000000003
41,0.112360952156,1.42707070971,-8.23057397204,-2.66287313443,21.20000000000003
42,0.184899778004,-19.8584436899,-4.28177690709,-0.749587554729,21.20000000000003
43,0.103000829178,-6.46984141103,-3.00324374997,16.708757367,21.20000000000003
44,0.206308403624,-0.746667590654,-0.138487356465,-3.50236035094,21.20000000000003
45,0.610153523147,6.55268821456,-1.97327827398,0.27844110382,21.20000000000003
46,0.356729254584,-0.333530911562,-0.0479839071635,0.869070672593,21.20000000000003
47,0.670758519861,-1.59139988901,-1.53540029389,-1.10887423301,21.20000000000003
48,0.687724394407,-0.228488537463,2.4627790695,-0.629779552484,21.20000000000003
49,0.271847305344,-2.79988903418,0.112314916055,1.59375141496,21.20000000000003
50,0.199454044208,-0.195630564829,-5.42298431608,-3.82326232109,21.20000000000003
51,0.723470102109,-2.60704606449,-0.147728456703,-0.413413515365,21.20000000000003
52,0.197490010103,0.552992200995,-3.21760616984,0.988507845927,21.20000000000003
53,0.599391389678,5.08745077279,3.38099883017,-3.40666684956,21.20000000000003
54,0.140317541326,-17.4345623678,-8.24094961866,1.16495009114,21.20000000000003
55,0.111723880631,0.464953938468,0.0948925731344,2.42517265702,21.20000000000003
56,0.500545486559,3.26603395385,0.981722049631,-0.0744311016666,21.20000000000003
57,0.415683665404,2.24685604938,-2.99406031169,-3.75773416525,21.20000000000003
58,3.28477615688,-1.77405868306,-1.33021600284,-0.90830885132,21.20000000000003
59,0.835850257636,7.13262919336,-1.26976941427,-8.94579426094,21.20000000000003
60,4.50527122779,0.158299270889,-1.49284371456,-0.476100828618,21.20000000000003
61,0.31836040179,0.122712983503,-1.65028049354,-1.88593867626,21.20000000000003
62,0.101326867256,4.4719494208,-9.60907053886,3.89808655591,21.20000000000003
63,0.919110907213,2.52164045619,1.11500795001,0.527314441744,21.20000000000003
64,0.248601674587,-0.0125298558079,-1.70959597422,-0.687590348301,21.20000000000003
65,0.583472551074,-1.61887401016,-1.92443564952,-0.458746677595,21.20000000000003
66,0.368800373476,-2.33769243266,3.04471813608,1.72261586853,21.20000000000003
67,0.204774705668,-0.427865408344,-2.39971062204,-1.13867888837,21.20000000000003
68,0.123444619579,1.98156784113,-0.0500142489434,0.350074734268,21.20000000000003
69,0.315265629711,3.98008066541,10.1094630956,-3.02221592354,21.20000000000003
70,0.113212165311,12.9465240134,-0.607353086867,-11.5042527896,21.20000000000003
71,0.383055811446,-2.93803926082,1.95284151281,-4.68313654244,21.20000000000003
72,0.206793529593,2.09563337611,-1.86655223853,-4.5074303509,21.20000000000003
73,0.167960010624,0.436864078949,1.88408483135,-0.674783842862,21.20000000000003
74,0.363061710015,-10.1788901053,1.07222062264,-3.84922793932,21.20000000000003
75,0.219851490953,-18.4172899328,-12.7333297816,-8.82994515664,21.20000000000003
76,0.185760025805,-3.48044107856,-2.6431546234,-0.859731239157,21.20000000000003
77,0.363399661489,-0.761972661578,-3.57169080357,-5.94663113744,21.20000000000003
78,2.63783798015,0.416996276494,-2.37712112881,-7.04516678392,21.20000000000003
79,0.507321272962,-5.76209976416,2.00799882208,-14.9201390765,21.20000000000003
80,0.25447509337,-0.768769823781,2.10743587053,0.153064582783,21.20000000000003
81,0.746978105568,-0.480963017219,-5.87333824969,4.25154899419,21.20000000000003
82,0.244306640618,1.00850123752,-2.09872382245,3.10409866871,21.20000000000003
83,0.117837254563,5.4016994007,-2.47884429545,-8.76224702725,21.20000000000003
84,0.796422196171,-1.11718952249,1.27881294416,-1.0891851696,21.20000000000003
85,0.181413327839,-1.3304582195,-9.35061442357,-3.74557978091,21.20000000000003
86,0.193626563232,15.504961337,6.23978212771,-14.8635818626,21.20000000000003
87,0.231006461286,-5.64802712577,-0.778081513668,2.04632745694,21.20000000000003
88,0.165760522584,0.436014963765,2.75289689461,-2.80461274727,21.20000000000003
89,0.166348809258,-6.54969465267,4.32337329733,4.31375685524,21.20000000000003
90,0.42892433451,9.78572060296,-10.547716403,-11.3458240805,21.20000000000003
91,0.877284645453,0.448503927423,0.144864501818,-3.03068368782,21.20000000000003
92,0.251442994543,1.6503677866,2.60251060259,0.658098112206,21.20000000000003
93,0.130205198709,-2.07290653077,1.81595905222,-1.05262847904,21.20000000000003
94,0.133478192454,0.744171836775,-1.12775291744,-1.95921047792,21.20000000000003
95,0.239935046588,-2.04425343606,0.0259814269202,1.02175770945,21.20000000000003
96,1.71566064896,10.8699101899,5.79681855602,-1.21113066458,21.20000000000003
97,0.130965663918,0.0989760703274,5.06649732574,-10.4170235484,21.20000000000003
98,0.337032097123,3.04389664687,1.33924120667,8.90086647322,21.20000000000003
99,3.65388596578,0.278234273854,-1.19015835705,-1.07197586933,21.20000000000003
100,0.789136259288,2.05709641971,-25.3713199196,-13.9723787173,21.20000000000003
101,2.74991190714,0.144777472519,-1.3741190151,-1.76309502629,21.20000000000003
102,0.29710857519,-0.922411866689,-3.05673517725,-1.96794189149,21.20000000000003
103,0.302132504839,-3.64620580152,6.53741419275,-12.3103261214,21.20000000000003
104,0.742971198088,4.4902945809,4.81064059315,1.52222608138,21.20000000000003
105,0.172849842989,-0.878441327034,-1.69619328238,-0.174418650649,21.20000000000003
106,0.122504416562,-0.934240738378,4.2399820599,-0.382164259053,21.20000000000003
107,2.74199302899,2.44751019489,-1.6799865279,-0.30909448083,21.20000000000003
108,0.207582754687,2.00450661125,-0.701151795675,1.95821123212,21.20000000000003
109,0.125066313853,-4.69875080481,8.69093772751,14.6634250334,21.20000000000003
110,0.575729755686,-0.518170946374,-2.41088365086,0.145928715256,21.20000000000003
111,1.09709275779,-8.57573693828,-8.84398505083,2.43310448779,21.20000000000003
112,3.97748224741,0.561089741659,-1.29110354392,0.062105527412,21.20000000000003
113,0.865446133363,-1.56046717677,-0.542883801166,-0.447901130599,21.20000000000003
114,0.104187444284,4.39866371729,7.74462910871,7.45708842739,21.20000000000003
115,0.285014994923,-2.67839772406,2.89806194753,1.0451868488,21.20000000000003
116,0.38139579802,2.40215390985,-1.76666515528,0.46034264747,21.20000000000003
117,0.238842429038,-7.82288132459,-2.46974893235,11.1969217421,21.20000000000003
118,0.125460915939,-1.9019183797,-2.33703497358,-1.22786283055,21.20000000000003
119,1.36753098872,-4.41056437096,-4.00863349746,0.7600971613,21.20000000000003
120,0.126558200372,-0.484347204282,-0.43837014077,-2.04647696811,21.20000000000003
121,0.402585952994,4.43941187649,-0.896548661706,3.78443376439,21.20000000000003
122,0.127734319229,-1.37132610259,0.141853446939,-1.68620129691,21.20000000000003
123,0.11044351652,6.59359345757,6.27658741608,-1.89422187871,21.20000000000003
124,0.102340335294,-3.43257873468,-1.44364892805,-1.13915798885,21.20000000000003
125,0.326167426253,6.93480172227,6.71544275699,-8.23639479947,21.20000000000003
126,4.17963370544,-0.483329604811,-1.8224604729,-1.02581235954,21.20000000000003
127,0.514887784696,1.29233046652,-4.62909865722,-2.21714506031,21.20000000000003
128,0.225912944231,1.13368194462,-0.62321367742,1.39508789914,21.20000000000003
129,0.101370399722,1.86341141189,-1.44992487129,-1.21856487732,21.20000000000003
130,0.121182557036,-0.579173766524,-0.360091627259,-1.94940188628,21.20000000000003
131,0.113025782969,0.335305375337,-3.87921345869,0.983924082042,21.20000000000003
132,0.12290074051,0.413284686491,-1.05560922186,-2.71349800121,21.20000000000003
133,0.225916107819,-4.4746390732,3.38836545813,3.62940074066,21.20000000000003
134,0.424663880997,-0.532029574104,-0.578203215967,-1.18418177628,21.20000000000003
135,0.54253118417,0.627489154736,-1.13891815216,-0.255412072652,21.20000000000003
136,0.487529404497,-0.758600323001,-2.19764444693,-0.442701820894,21.20000000000003
137,3.98191933095,1.18569328689,-1.12096432818,0.490275590648,21.20000000000003
138,0.302815718267,0.0329378229477,6.53239902507,4.13018989231,21.20000000000003
139,0.358648212214,5.40595516135,13.1714848202,-5.20834300143,21.20000000000003
140,0.257858150689,1.12970547685,-1.82698506979,-6.89280358703,21.20000000000003
141,0.459498160852,2.16252075291,-0.798506998849,3.50585997124,21.20000000000003
142,0.136022151776,1.35293279364,-0.571612900622,-2.20126585877,21.20000000000003
143,0.789061741453,1.30323942192,-0.636712491127,-1.39361414113,21.20000000000003
144,0.969807711797,-1.49702700339,2.75807244551,-2.65677276729,21.20000000000003
145,0.172222302016,10.0053413803,1.85663350468,-20.9738684201,21.20000000000003
146,0.105134266722,-0.20459956583,-1.21766013613,0.469021863513,21.20000000000003
147,0.760441711586,-4.4351573269,-2.06536786358,-1.45051007644,21.20000000000003
148,0.293592176065,3.14675345207,0.455298438896,1.91714774545,21.20000000000003
149,0.364492296769,-2.42923393688,-0.554707625157,2.18261330625,21.20000000000003
150,0.536456794648,-3.75435359291,0.794764253014,-1.64573347456,21.20000000000003
151,0.133217896174,10.4311304446,-5.05556404533,-4.48087151884,21.20000000000003
152,0.633004363795,-0.810819420813,-1.67854082375,-0.8894537259,21.20000000000003
153,0.81153528427,-8.16446704936,-1.91407902116,-3.00031242551,21.20000000000003
154,0.397703017601,-0.178508057933,-1.41501365762,0.484740593951,21.20000000000003
155,0.66704857329,0.665257740624,-0.959075324613,-0.935461069014,21.20000000000003
156,0.16082459019,-0.56290220528,-2.0911775513,0.320185426083,21.20000000000003
157,0.272104871906,0.448925523408,-5.34619298601,-4.48921725011,21.20000000000003
158,0.427797003755,-1.62378413746,-3.95781615144,-0.192378307604,21.20000000000003
159,0.595860545083,-1.11649993148,1.16794339417,3.9021433292,21.20000000000003
160,0.387623580172,0.281724290386,-0.830399513737,-2.03053491035,21.20000000000003
161,1.64725228702,-13.8816868314,-10.0634347418,-5.7934033107,21.20000000000003
162,0.107104744734,-1.44016228241,-0.416426019924,-2.08900480998,21.20000000000003
163,0.291681003828,5.16577576129,4.01616346489,-9.39969103197,21.20000000000003
164,0.218854597758,-5.33036412355,-1.55198517329,-0.507274173971,21.20000000000003
165,0.347801684919,14.2480088139,12.712190916,7.42488496276,21.20000000000003
166,0.102081364693,0.422590371538,10.5432333997,0.33520859164,21.20000000000003
167,0.128989074064,2.92319474682,-3.53006265703,2.7746162749,21.20000000000003
168,0.489639299554,5.01502926691,3.30313560637,2.95573197156,21.20000000000003
169,0.258692459234,4.60433627781,-0.480866126128,-17.6111588893,21.20000000000003
170,0.114023258,0.543410071195,-2.45484504161,-0.281061555228,21.20000000000003
171,0.399577168076,1.82163422538,-6.48487354016,-15.9800476603,21.20000000000003
172,0.169146802835,-6.87434761428,3.58929081124,-5.98064700699,21.20000000000003
173,0.301331507713,-0.288597480761,-4.19719723823,-1.06123033618,21.20000000000003
174,0.110650015171,0.726410872386,-0.0957287272138,-0.881674996222,21.20000000000003
175,0.539001871915,0.341307256288,-1.54363673023,-1.46653870435,21.20000000000003
176,0.346187433813,-0.768097140929,10.9672979339,-1.13621161746,21.20000000000003
177,0.17155453155,0.0497747937786,-4.0589291062,1.23234196349,21.20000000000003
178,0.968634937696,-1.10208072408,-2.53063525708,-0.297681622024,21.20000000000003
179,0.113544885711,-3.07210961606,1.26666648269,3.02259213334,21.20000000000003
180,1.47455356503,-0.222083938829,-2.74934429457,1.79851556672,21.20000000000003
181,0.346168564021,8.92381283504,3.94168806157,-12.4606127623,21.20000000000003
182,0.61034959634,-2.82970958031,-1.95941033685,-2.63769216172,21.20000000000003
183,0.128056904935,-0.120165257416,-5.36706449268,-2.511435438,21.20000000000003
184,0.764474494641,-1.75473437083,-20.1390529517,21.2837473155,21.20000000000003
185,0.740912454465,0.10575750203,-0.935155596135,-1.53879325489,21.20000000000003
186,0.122456627983,16.70797917,-38.7013564164,-4.87990826152,21.20000000000003
187,1.06188714402,1.35646915363,-7.64746178099,-19.8025730315,21.20000000000003
188,0.106981964332,1.7725198045,-3.69228720797,-3.84135045376,21.20000000000003
189,0.146169842708,-4.15985571542,-1.7394828091,-1.79142630664,21.20000000000003
190,0.125454862007,-1.75412181157,-2.87046852411,2.94520617293,21.20000000000003
191,0.578619201315,1.9719985787,0.17745006119,-0.757903053261,21.20000000000003
192,0.252272307522,-2.12564985644,-2.82043695076,0.644970605243,21.20000000000003
193,0.519306067062,-13.789249781,-18.2661143627,19.699205143,21.20000000000003
194,0.101522968967,-0.201589565672,5.24093122219,0.233229009825,21.20000000000003
195,0.116325657578,2.29488712016,1.85117663394,-8.2115940212,21.20000000000003
196,0.447624174838,-3.91586674063,-4.4856910629,0.608515661896,21.20000000000003
197,0.371693823064,-1.21921113649,1.05151392297,0.322079588454,21.20000000000003
198,0.103660721051,-4.95512828038,-0.299853308091,8.33859494054,21.20000000000003
199,0.158910895747,-1.07130822281,-2.57510659706,-3.47113841202,21.20000000000003
200,0.180038966798,3.09872045359,-0.309315196261,1.05177997141,21.20000000000003
201,0.102863102285,3.14121291266,-3.43369509803,1.44276269176,21.20000000000003
202,0.120109012964,1.23790724302,1.49821729751,-1.0595153804,21.20000000000003
203,0.1358060538,-1.83622624434,-2.84182917083,2.35330950297,21.20000000000003
204,0.259587146445,4.64795417176,-4.1979851316,0.735465045465,21.20000000000003
205,0.280650364979,1.70618920403,-2.26078940883,-0.935826941547,21.20000000000003
206,0.101411254978,-0.0251177231108,-0.727952828817,-1.09570173144,21.20000000000003
207,0.298437243698,-2.95903624938,-3.3344918042,2.23787201437,21.20000000000003
208,0.16081047551,0.0495042748267,10.1232580597,-8.34870362454,21.20000000000003
209,1.08795463875,0.601540138136,-1.55594985718,-0.169163278469,21.20000000000003
210,1.35077564173,0.357200072299,-1.61474590283,-0.665930852666,21.20000000000003
211,0.173409873299,4.06490040736,4.51749706222,-4.21570761133,21.20000000000003
212,0.220150650365,-0.544467367331,-2.49244686894,-0.859314019589,21.20000000000003
213,0.522388386183,3.17077331345,-10.939586598,10.4854177666,21.20000000000003
214,0.12893320196,-0.685313088079,3.63094625228,1.78728030482,21.20000000000003
215,0.206628229225,-1.88778219595,-4.08200885687,-4.73735620473,21.20000000000003
216,0.381706168282,-0.447057576541,-1.95558719877,0.669913428009,21.20000000000003
217,0.327765653013,2.15448568595,-3.14748096657,1.41946770154,21.20000000000003
218,0.100549754542,0.8811643969,-2.38720393362,-1.83824090152,21.20000000000003
219,0.708959259005,0.339018097189,-2.32410418939,-0.328720576904,21.20000000000003
220,0.481596178129,-5.73654319773,-13.0584786026,-5.22380487581,21.20000000000003
221,0.140526505622,1.83063369024,2.41810368467,2.19987825302,21.20000000000003
222,0.652740442435,-0.832795068007,4.75497690109,-0.583822757946,21.20000000000003
223,0.537526395222,-0.371908164753,-2.08098670448,-3.49407361226,21.20000000000003
224,0.139118867175,-15.5608069398,-16.799458142,-12.4804583371,21.20000000000003
225,0.173908092153,-4.46841251789,14.0656119549,-11.2033082794,21.20000000000003
226,0.435617792226,-0.144515860255,-3.87100600542,-0.398211584338,21.20000000000003
227,0.46881124545,-0.767940611773,-3.01701573485,0.784432834186,21.20000000000003
228,0.551786141631,6.21997102141,-3.62465525709,-3.23651982205,21.20000000000003
229,0.559996887853,-0.868175139711,-1.75310062118,-0.567419977156,21.20000000000003
230,0.124396414329,-0.464032842064,0.994116640026,0.0679681514098,21.20000000000003
231,0.140852650139,-0.197784068524,-1.6675534471,-0.388547357067,21.20000000000003
232,0.477122384003,0.303229463381,-3.05649973333,-1.13368187435,21.20000000000003
233,1.52360862119,-2.4624361353,-0.325739420587,-0.159345103315,21.20000000000003
234,0.182591618867,-5.01375347759,0.715190016447,-1.93492794972,21.20000000000003
235,0.101863370149,-4.16164943999,-0.0600918281515,-2.33512478225,21.20000000000003
236,0.192456111916,-0.349952446377,-4.29523918102,-1.20898238656,21.20000000000003
237,1.10133855723,-1.7739009831,-0.324822357288,1.83440934698,21.20000000000003
238,0.26303164613,-0.795834678597,0.190101488209,0.969045031722,21.20000000000003
239,0.156909563754,1.03208809857,0.0260709170735,-0.178843042087,21.20000000000003
240,0.100308939778,-0.618270279114,-0.00778541447042,-3.16288115663,21.20000000000003
241,0.305944326875,-1.02976157936,-1.67231796215,-3.3514401068,21.20000000000003
242,5.77368051478,-1.92126704185,-0.866567217034,0.073022909307,21.20000000000003
243,0.21544671203,-0.5346787389,-1.55079118421,-0.55322014723,21.20000000000003
244,0.475081481419,-13.1209712641,-23.8580518891,36.1466323045,21.20000000000003
245,0.397024880121,0.0489842645433,-2.00783848764,0.194635120835,21.20000000000003
246,1.16356899736,0.498252666471,-1.88801453084,-1.03816780988,21.20000000000003
247,0.523331294478,-0.637359006607,7.65128416607,3.54908315725,21.20000000000003
248,0.110470498095,-1.60086114762,-2.1931650582,-0.876735332399,21.20000000000003
249,0.115147171619,-2.61708855604,-6.93077709674,-12.4602796524,21.20000000000003
250,0.283623253899,0.0578028955327,-0.963691736692,1.2525185518,21.20000000000003
251,0.119192476282,2.02237492983,-4.40247118779,0.476556230935,21.20000000000003
252,0.218017295304,0.729378214146,-1.47437703702,-0.240383128886,21.20000000000003
253,0.121461378147,-0.92813504497,-0.52235702922,-4.40940112156,21.20000000000003
254,0.371043205095,-2.37087994675,-1.20144209468,-1.45481542812,21.20000000000003
255,1.35919551989,-0.127173801742,3.99207708952,-0.89274009212,21.20000000000003
256,0.66518057979,0.782820194648,-2.06055381296,-3.68165065645,21.20000000000003
257,0.358080718687,2.61718516618,1.44076799446,1.21585206162,21.20000000000003
258,0.261348077557,-5.21769541801,11.933207242,-5.6997412482,21.20000000000003
259,0.374227098502,2.32918772511,-2.51804014001,0.938261174712,21.20000000000003
260,1.39478869722,-1.32543259777,0.825644680136,-0.820420032754,21.20000000000003
261,0.228848822889,1.55597211688,-1.91338735999,1.90482487408,21.20000000000003
262,0.293942793077,0.0572361716539,-2.19432692084,-0.746992405654,21.20000000000003
263,0.10959855145,-0.845677630029,-1.19220386285,-0.35323223013,21.20000000000003
264,0.314180531756,-5.98368597587,0.869639938752,-4.01689482867,21.20000000000003
265,1.12467023664,1.17838891844,-0.48888293675,-2.63267748046,21.20000000000003
266,0.186609671338,2.705507339,1.90817480149,-4.17602793481,21.20000000000003
267,0.404030391186,-0.945010448183,-2.10010025407,0.453512121822,21.20000000000003
268,0.494647402534,-0.358212324172,-1.68011211375,-1.27637497423,21.20000000000003
269,0.269684244092,3.3861732161,-4.73737136971,-2.45022005364,21.20000000000003
270,0.264496461255,2.27021941381,-2.53961827747,-0.845085576112,21.20000000000003
271,0.456772412355,-0.897871668089,0.194716360433,-0.943925655196,21.20000000000003
272,0.231482559605,0.779752669683,-2.88918324522,1.13517040012,21.20000000000003
273,0.326648892104,5.03997789344,-5.37541842436,3.54891795965,21.20000000000003
274,0.389216263521,-1.35116610821,-1.78618776208,0.0762106425258,21.20000000000003
275,0.340966701965,-2.01315443076,-2.76954178169,-1.89241280435,21.20000000000003
276,0.215621091303,-1.89516806272,-1.3296975578,1.72852516851,21.20000000000003
277,0.327186377871,-4.66858158514,-8.66300260529,10.474509253,21.20000000000003
278,0.113257818746,11.4554243907,22.3635524123,-1.17062232127,21.20000000000003
279,1.94637230508,1.22975867476,5.97425443889,3.42061990716,21.20000000000003
280,0.129677735369,-1.9210243109,-4.05338477674,-6.11234534914,21.20000000000003
281,0.378850912671,8.5695334473,-3.44340450945,9.49718171494,21.20000000000003
282,0.133157775646,0.757113501437,-2.51001667289,-1.91686804405,21.20000000000003
283,0.368840815155,-2.41817463186,-2.57744837378,-2.79833794574,21.20000000000003
284,0.475485935127,-3.06473038629,0.53387446174,-0.015303748311,21.20000000000003
285,0.137198800586,1.43078971946,4.09639230904,1.0089047745,21.20000000000003
286,4.81503747701,-0.622521945799,-1.56625550743,-0.361026918779,21.20000000000003
287,2.50858901814,-0.682978784006,-2.65109613438,0.387873088276,21.20000000000003
288,1.26230416586,-7.22472689013,9.93846331247,-5.39984329635,21.20000000000003
289,0.718315549799,1.61892667448,5.47082520122,1.13828775959,21.20000000000003
290,0.366779769633,16.2173650652,6.78852441154,16.8338412606,21.20000000000003
291,0.153436600426,-1.21703291228,-2.59756242318,0.329216685749,21.20000000000003
292,0.486385186704,-3.09789612125,-2.90459397011,-4.60551129804,21.20000000000003
293,0.465512973051,11.3710382389,-6.55621420088,-24.0581358004,21.20000000000003
294,0.284255973517,1.48801485573,-1.77476053983,0.793350875361,21.20000000000003
295,0.188894544191,20.7974454577,3.14160410021,11.7872665156,21.20000000000003
296,0.414476235464,0.760890181946,3.4199303415,0.167786765591,21.20000000000003
297,0.134475012126,-2.6649478653,-4.89467158712,-2.73559345748,21.20000000000003
298,0.166490141923,-1.14956310135,-1.67793807851,-0.737155856192,21.20000000000003
299,0.268194815538,-3.21499151178,1.47746940979,1.32210473079,21.20000000000003
300,0.182805814726,1.81276779277,-4.99310269603,-3.30088404879,21.20000000000003
301,0.115929838201,-0.0300860676803,0.446008236927,-2.42155280146,21.20000000000003
302,0.601014322835,3.30543614027,4.03630231657,-1.45297484286,21.20000000000003
303,0.218160706501,-1.39581894214,-0.293835277494,1.3753573901,21.20000000000003
304,0.151985053895,-1.36261239507,-0.799213929219,-0.622636617395,21.20000000000003
305,0.364657259427,0.710876191109,-2.46116665658,0.185690334443,21.20000000000003
306,0.137073810586,0.328495833335,-0.547802198968,0.370519105065,21.20000000000003
307,0.215990179644,-0.639436292025,-3.08663360993,-0.35025726981,21.20000000000003
308,0.803014399422,-0.106263318962,-2.36297905189,-2.72952864565,21.20000000000003
309,0.121795789045,-1.63247811218,-0.0678976290399,3.81178313582,21.20000000000003
310,0.119165111067,-0.304538835804,-0.185397450933,-2.0447743151,21.20000000000003
311,0.23455098303,-27.4098786143,-41.5647031801,53.5704538873,21.20000000000003
312,0.262307692329,-0.49936714051,-1.42540641813,-0.85958860535,21.20000000000003
313,0.140519941131,3.39458820162,-6.01214320543,1.77218580022,21.20000000000003
314,0.153081223529,1.94768027186,-1.92257630574,-3.90786978982,21.20000000000003
315,0.148771023521,4.63805109903,-3.71397864991,-3.16329361966,21.20000000000003
316,0.242543630403,2.9885575304,-3.2288763073,-0.823849797579,21.20000000000003
317,0.18812781358,2.86705811909,-1.74733241802,-0.784854549714,21.20000000000003
318,0.230407847398,-1.46188209255,1.71127299438,4.61942291478,21.20000000000003
319,0.161000390919,-5.44733911832,6.51709317273,-16.2502906008,21.20000000000003
320,0.225000177433,1.8686346961,-5.16816590487,-1.38995144328,21.20000000000003
321,0.251046184321,-3.11663045646,-1.17815428052,-3.31998144902,21.20000000000003
322,0.784055791361,-0.514619477483,-1.46141840574,-1.01461431271,21.20000000000003
323,0.101375143498,1.01159190798,-2.60322228373,-0.115602991291,21.20000000000003
324,0.186080456513,-0.603817887259,0.355986414549,-2.5495590398,21.20000000000003
325,0.255344330421,2.36600816703,-2.4281237367,0.379170642434,21.20000000000003
326,0.249414702639,-0.441914982971,-2.11312317762,-0.811712447811,21.20000000000003
327,0.705699359946,1.24204536436,0.725716103194,1.46187935121,21.20000000000003
328,0.313744860136,3.6594228208,5.73053149011,-0.278810721472,21.20000000000003
329,0.658180744792,17.6742771898,-14.0680117418,6.99561946075,21.20000000000003
330,0.65325454925,-1.70777296327,0.870496306082,34.0460745068,21.20000000000003
331,0.101062044743,1.85570647801,0.621052145901,1.03985111028,21.20000000000003
332,3.12687069682,-0.761826471709,2.13897300045,0.115178316237,21.20000000000003
333,0.115137025131,0.454720311658,-0.543879888674,-0.215361074403,21.20000000000003
334,0.262556834523,-17.9166122717,-14.0923950156,-6.17948941032,21.20000000000003
335,0.285598121341,5.88314475323,-9.58664822618,0.455039210844,21.20000000000003
336,1.47484430171,-0.564130159536,-2.23645788667,-1.42536105531,21.20000000000003
337,0.149420614416,11.6789872249,1.18201407273,-3.92407201935,21.20000000000003
338,0.112531028716,-0.716856982216,2.33722598407,-4.29700203843,21.20000000000003
339,0.197148838167,-0.0655384483562,-1.80754830145,0.0198407949634,21.20000000000003
340,0.893340336135,-2.83403181705,3.80901172911,5.80258005869,21.20000000000003
341,0.911259210854,1.42350373907,-3.24451651948,-1.62776340309,21.20000000000003
342,0.752231492727,1.91572124027,-0.945755492155,2.9881950186,21.20000000000003
343,0.155229152042,-0.39194331713,-2.66484463843,2.91520159089,21.20000000000003
344,0.115261283891,21.7904470472,-2.96389697086,9.59883840013,21.20000000000003
345,0.126089008613,3.227458913,8.10838326699,-3.09507840451,21.20000000000003
346,0.240474837357,-0.551202977638,-12.0650048545,17.6716827152,21.20000000000003
347,0.225410811811,-1.50924715563,-1.02139757831,-0.792187882316,21.20000000000003
348,0.363357162036,-23.9520621439,5.44939734058,-7.54145325907,21.20000000000003
349,0.116149259981,-10.7544024871,-11.2850525576,22.4280694204,21.20000000000003
350,0.142554754438,-1.54218942301,4.26960633069,-7.13724063512,21.20000000000003
351,0.641040455476,-1.27632582118,-1.51698146344,0.0223483451415,21.20000000000003
352,0.194222066339,0.0424623770848,-0.948927749683,-4.01725677013,21.20000000000003
353,0.21406722124,0.246645535007,-15.5738300456,3.29903501614,21.20000000000003
354,0.201854371344,-3.69287433651,-4.14769917837,2.79661182524,21.20000000000003
355,0.542036841437,1.65246785186,-0.494756735448,-6.17967241879,21.20000000000003
356,0.727746419282,-0.428903609416,-0.22691998282,-2.14167011323,21.20000000000003
357,0.371434612944,8.17999436631,-5.14294749765,0.290616193426,21.20000000000003
358,0.225351642537,-0.086560326534,-0.16150868311,-0.0377371046473,21.20000000000003
359,0.160009160512,0.023675785898,-1.96433205158,-0.631317657538,21.20000000000003
360,0.124954269047,-0.477449871201,-1.47931628077,-1.80173002715,21.20000000000003
361,0.141753854173,4.13293887469,1.30982779275,-5.77195625788,21.20000000000003
362,1.77982513957,0.455596461171,-0.478690101023,-0.78121832003,21.20000000000003
363,0.107053414953,-0.225395380365,-2.38646203019,-0.847238518193,21.20000000000003
364,0.303009902424,1.38680677858,1.88382131026,-6.87241267629,21.20000000000003
365,0.350052115805,-0.433000523907,-1.30633965625,-1.63819916916,21.20000000000003
366,0.862315841207,-16.6462573005,5.77572657267,-1.59418242115,21.20000000000003
367,0.293185239659,2.12254820304,-1.19421449545,1.23667446716,21.20000000000003
368,1.38142203402,3.7861942174,7.49309568851,-5.61570628809,21.20000000000003
369,0.761491077831,2.25222185424,2.04984267199,0.98260123847,21.20000000000003
370,0.158297074546,7.71639837142,-1.71346697725,-6.77252158711,21.20000000000003
371,0.889207045755,4.87173196776,-4.18491632011,-1.93135722436,21.20000000000003
372,0.154624474396,-2.16517114468,-1.58690278979,-5.84199540023,21.20000000000003
373,0.461372662569,0.251439269343,-2.30411950836,-0.825938035958,21.20000000000003
374,0.432595131393,1.16150589675,-1.89744693897,-1.57386395556,21.20000000000003
375,0.121882045092,-1.05007523019,1.24571834207,-0.685722892262,21.20000000000003
376,0.250701771977,-2.76233139712,0.0859635599739,-2.0303811628,21.20000000000003
377,0.140174890709,4.18740304245,-0.67426891324,-3.73731270045,21.20000000000003
378,0.209219198748,-2.31135429138,-4.11660360686,-0.958404300169,21.20000000000003
379,0.126457522088,-1.16696443581,6.27736646765,-0.839311817945,21.20000000000003
380,1.04196751458,-0.663610408293,1.64314034466,-2.39411021687,21.20000000000003
381,0.154279442439,0.23534810721,-2.41903839451,-0.294504707618,21.20000000000003
382,0.606661571772,0.0773290935338,-6.37791644283,-1.6238754565,21.20000000000003
383,0.224981434129,9.5033089789,2.21477210766,1.48278738778,21.20000000000003
384,1.47423092527,-6.59660102425,16.2791142678,16.9208439281,21.20000000000003
385,0.140965498502,-9.96726168643,0.283321874963,6.31006687452,21.20000000000003
386,0.243789735147,1.36718684432,-1.89600822181,3.53086676452,21.20000000000003
387,0.301817217347,1.04246156484,0.0966720852824,1.12473443935,21.20000000000003
388,0.110138873075,-0.67118582435,-6.26197955621,-2.13945591391,21.20000000000003
389,0.122166336257,4.04259446758,0.32718844945,-1.72825446397,21.20000000000003
390,0.129041914062,-6.83472531966,-0.141735637331,-4.86704105092,21.20000000000003
391,0.516171597101,4.50051748431,-4.83569208054,1.58090773238,21.20000000000003
392,0.282168061624,-1.74207444568,-16.5972432908,9.01140347676,21.20000000000003
393,1.31084331474,0.730916677966,-0.0971167380514,-0.708351878606,21.20000000000003
394,0.705672741612,-1.83750175467,1.19832497741,0.44562874179,21.20000000000003
395,0.260687447099,-0.480016112111,-1.765462468,-0.472223909636,21.20000000000003
396,1.07768630755,-1.00650713174,-2.28995424306,-1.70812058295,21.20000000000003
397,0.254987490167,-3.27512544348,-3.86236982513,-2.25381018608,21.20000000000003
398,0.804249652255,2.53406707989,-4.07897457225,6.75496237218,21.20000000000003
399,0.251950231115,-0.675557522845,-1.85881041117,-0.981867812026,21.20000000000003
400,0.551945130697,0.844146995876,-1.31664607601,-0.335928773454,21.20000000000003
401,0.458297282588,4.51696650495,4.96722338073,-1.27549051203,21.20000000000003
402,0.156673329497,-19.1885695831,-1.72639642797,-1.09917066107,21.20000000000003
403,0.300259880126,2.2181385455,-1.5304838293,-1.36457799947,21.20000000000003
404,0.377459909679,-4.5643930475,0.0934697513906,-4.89502655304,21.20000000000003
405,0.474665785812,1.58802510541,0.907493113267,-4.34948004945,21.20000000000003
406,0.138824785311,-12.7120800501,-1.82373199949,-6.92962077336,21.20000000000003
407,0.118260149817,-0.597901941153,-2.97353219632,0.799675742826,21.20000000000003
408,0.340590428438,-13.8175498,12.1152178709,-8.24475746261,21.20000000000003
409,0.253274209521,-16.0064506467,7.40314488985,-32.5560294359,21.20000000000003
410,0.122445811931,1.34318017018,-20.5895696277,-1.62673678894,21.20000000000003
411,0.103785687071,2.30221824826,-2.33938190702,-0.738450508208,21.20000000000003
412,3.83170001547,1.13358548282,2.49811005775,-5.83003029275,21.20000000000003
413,3.32038821337,0.468280811785,-1.78258830015,-0.687088462541,21.20000000000003
414,0.283134362988,-1.60232318277,9.52746491844,0.144643120187,21.20000000000003
415,0.115120307796,2.26454605421,-3.10653741003,-1.87795685878,21.20000000000003
416,0.275170695223,7.51666524364,27.9426724897,-14.3559290924,21.20000000000003
417,0.289338807942,-0.37978337512,-2.96756937543,-0.61284717343,21.20000000000003
418,0.295470507884,2.15358662366,4.49519692913,-1.43427048156,21.20000000000003
419,0.231975371502,1.26700649883,-0.210115841253,-1.53683607369,21.20000000000003
420,0.155414622882,2.29375559452,-0.463943016248,1.72179513044,21.20000000000003
421,0.276708617598,10.319402117,-1.07104791968,-0.706748443901,21.20000000000003
422,0.697655472491,1.71221465601,-5.65477338727,-11.8120367334,21.20000000000003
423,0.987493974375,-16.8306591566,-0.646852655051,1.85419411229,21.20000000000003
424,0.328908042119,-2.86704892616,0.210728710692,-2.3090503763,21.20000000000003
425,0.116470270048,-0.482659347684,-1.10818922868,-0.482354754102,21.20000000000003
426,0.443249961733,-0.696106822502,-1.71561892837,-2.16578104824,21.20000000000003
427,0.356811915089,9.94599356752,3.41351890857,-5.39013725694,21.20000000000003
428,0.236348332958,1.20732220745,-4.52459528773,3.10671232688,21.20000000000003
429,0.394472882317,0.272313951357,-2.45103444681,-1.3097915564,21.20000000000003
430,0.292544933804,-6.54530214685,-2.11209639035,-3.02493022256,21.20000000000003
431,0.339870225464,0.531925764563,-1.50021035869,-0.0881480597087,21.20000000000003
432,0.272504368643,2.62015876906,-0.601695627791,-3.98375950369,21.20000000000003
433,0.100586316621,-0.338587526365,-1.63407131596,-1.16125000267,21.20000000000003
434,1.02095401678,-2.46888648811,-4.28307764059,0.734263250581,21.20000000000003
435,0.104326514009,0.775676516087,-0.474690439984,-1.7990489079,21.20000000000003
436,0.313444512565,17.6371131732,-9.89927554041,-2.43823852792,21.20000000000003
437,0.650715579165,-2.93867890928,-0.449437368729,5.87712628036,21.20000000000003
438,0.458610002715,-0.941219448042,-2.55513231861,0.894793084093,21.20000000000003
439,0.248889507228,-0.666258020524,-0.535874064497,-1.37332768253,21.20000000000003
440,0.733349167809,-0.565537847211,3.89093719982,-1.67479909654,21.20000000000003
441,0.110106394501,-0.881075339718,-2.53107624671,-1.16904491465,21.20000000000003
442,0.902275464731,-13.0470137117,-34.7598467812,4.54007391663,21.20000000000003
443,0.15082112917,13.3628329499,2.09825309334,1.4700765569,21.20000000000003
444,0.225485842335,1.21457936281,-0.67309574564,0.490847691489,21.20000000000003
445,0.200524440249,-1.64166916831,-0.053391095039,-0.660345316514,21.20000000000003
446,0.160034391222,0.508524930799,-0.0850242032974,-5.35971406506,21.20000000000003
447,0.625569468977,0.626267302605,-2.003636257,-1.39465294629,21.20000000000003
448,0.127711757214,3.88183449697,6.17303947852,-7.10010319955,21.20000000000003
449,0.506760301394,6.72579489793,-2.18444167037,2.49351493683,21.20000000000003
450,0.223599953525,13.6957640865,-6.42972490219,30.2592566769,21.20000000000003
451,0.133047900335,-0.30575472686,-0.692147803522,-4.03895862098,21.20000000000003
452,0.113731530245,-1.2179796775,-1.5917951909,-2.8845489106,21.20000000000003
453,0.136808521811,1.79039004906,-1.31205506257,-1.37854313902,21.20000000000003
454,0.480558257614,2.29009540656,4.32542707075,-7.26989643715,21.20000000000003
455,0.54395851559,16.7403363478,-10.346491573,-15.4659946457,21.20000000000003
456,0.690377914452,3.63514472301,-1.11471717609,-2.72014180474,21.20000000000003
457,0.115729996498,-2.17574302366,-1.58275540899,-0.708141852257,21.20000000000003
458,0.179457668256,3.2115856986,1.58642369516,-12.3151346293,21.20000000000003
459,0.710732713793,0.660528626933,-2.87696718621,-0.478234416677,21.20000000000003
460,0.207543354359,-2.12430021999,-0.754402494546,-2.23823187234,21.20000000000003
461,0.148021580186,-9.12038490281,27.1847056886,-10.7097214647,21.20000000000003
462,0.104426350987,-0.922547537073,-0.569693475452,-1.75640119303,21.20000000000003
463,0.187883301998,-1.31193081788,-0.622419048185,-0.372377451408,21.20000000000003
464,0.170491560066,1.68234768268,-1.57393047728,-2.55640003229,21.20000000000003
465,0.111643326023,2.54516999189,2.04698525597,-12.6178738374,21.20000000000003
466,0.375378740568,2.14752024936,-1.56370558894,-2.73501164223,21.20000000000003
467,0.59076542044,0.357973681076,4.27456761333,-0.860367137093,21.20000000000003
468,0.318675522958,0.0192404578937,-1.86612625761,0.379642101341,21.20000000000003
469,0.217237329807,-2.18953893065,0.609114893347,-2.4641688862,21.20000000000003
470,0.283033292193,-1.07833884396,-0.780899832949,-1.45829649173,21.20000000000003
471,3.3599965884,-0.571332892645,-1.60090289418,-1.5897593144,21.20000000000003
472,0.966855234852,-0.859119960811,-2.16311597667,-0.669515323359,21.20000000000003
473,0.837272683477,-0.765352890706,-0.949151792859,-3.09371410683,21.20000000000003
474,0.121806051987,0.393230468739,-3.97547669424,-0.861003691616,21.20000000000003
475,0.379045923569,-0.171447480334,-1.74340078171,-1.90474215335,21.20000000000003
476,0.400253386292,0.440985703956,-0.10855649822,-2.30947307861,21.20000000000003
477,0.900633927399,-0.210472063878,-1.32639896015,-0.535650705912,21.20000000000003
478,0.263133091573,0.468815580616,6.56229401491,-0.0240735194577,21.20000000000003
479,0.142584648076,3.77595134146,-0.899999626234,2.55097231921,21.20000000000003
480,0.573911509278,2.74267781791,-1.40967218895,-3.31235835306,21.20000000000003
481,0.358407979275,0.704088810722,-1.40861014125,-0.199767107288,21.20000000000003
482,0.39976399535,-0.175883296281,-2.1707499342,0.361039703636,21.20000000000003
483,0.270919942675,-1.37133629086,-1.00516658673,1.63124009728,21.20000000000003
484,0.579672231379,-0.79302369081,-0.70684120956,-0.897412406944,21.20000000000003
485,0.4749064167,1.67924275398,-1.66979953269,0.0400080549066,21.20000000000003
486,0.333127087619,-0.434828575021,-1.31986855233,-0.420912587131,21.20000000000003
487,0.407226576241,-1.2293219904,0.0758608586641,0.402729137128,21.20000000000003
488,0.594966120744,-2.06568695754,0.75179567121,-3.61089488135,21.20000000000003
489,0.262972579637,0.734579060114,-2.3329521945,-1.42795063827,21.20000000000003
490,0.104985407907,-1.49108990396,-0.127759135103,-0.337679227263,21.20000000000003
491,0.62504153509,-1.12225019217,0.160035386809,1.1533088276,21.20000000000003
492,1.07493456632,-1.9380183886,-2.71587388969,-0.247547646094,21.20000000000003
493,0.645243811892,2.88692892509,3.23618629399,9.10785264785,21.20000000000003
494,0.21350075966,3.87407009241,-0.967262101909,0.605074837851,21.20000000000003
495,0.128367744609,-1.62286999841,-2.09699345429,-1.33711728752,21.20000000000003
496,0.107131986827,1.79224982468,-2.98714941871,10.6764071894,21.20000000000003
497,0.160975369032,-9.78573258925,3.38808448877,4.28100973346,21.20000000000003
498,0.126511279331,-1.41508289682,-0.749109706337,-0.147725500092,21.20000000000003
499,0.237475732094,-3.06343194065,-1.79923755613,1.15621117856,21.20000000000003
500,0.565370788542,21.6189964729,-12.7336083476,13.2005688007,21.20000000000003
501,0.280506907489,2.18330653764,1.17033087034,0.742777197569,21.20000000000003
502,0.186345483628,9.35805277242,-1.35593938084,3.39616258456,21.20000000000003
503,0.112802906752,0.437379236619,1.73188926736,-2.88946307444,21.20000000000003
504,0.269515962666,0.614035783507,3.94273663295,-7.82968244881,21.20000000000003
505,0.207091777341,-0.985345656542,-2.05495310388,0.00543981527796,21.20000000000003
506,0.316782633348,-0.598939352412,-0.729796209418,-0.320552488815,21.20000000000003
507,0.128472028962,-1.39957745685,-1.60919360285,-1.52859475243,21.20000000000003
508,0.498500234487,2.94722780182,-5.90419515971,13.4242134561,21.20000000000003
509,0.170866913246,-0.114411052532,-0.844433273275,-1.3495278635,21.20000000000003
510,0.13898133944,-2.0798750101,-1.40888683099,-1.11484650583,21.20000000000003
511,0.18411988532,2.73527804671,8.63363209036,-35.4148997149,21.20000000000003
512,0.769881594394,1.09925721867,1.71043708829,-4.1565140955,21.20000000000003
513,0.709660519466,-1.0771988679,-1.48471908483,-2.44348717258,21.20000000000003
514,0.218423130584,0.957112931337,0.46442937241,0.521766734299,21.20000000000003
515,0.157627316296,10.9589696953,2.29664045123,7.26709313847,21.20000000000003
516,0.181554825982,6.04692178891,7.14363673991,10.3150161606,21.20000000000003
517,0.122932721851,-0.0244555183949,-2.40707149445,0.0724555306099,21.20000000000003
518,0.454940049226,-2.27164030256,2.18010256309,-6.83888491432,21.20000000000003
519,0.183689863902,-1.37156241567,-3.85965128336,2.22411126195,21.20000000000003
520,0.102240677789,-5.21314203231,-2.69812256596,-0.211046894619,21.20000000000003
521,0.273342978119,-0.00817468024893,-1.0914977767,7.52737772152,21.20000000000003
522,0.123255943605,-3.61774182289,2.9430866628,2.59323245401,21.20000000000003
523,0.175399852049,0.934533315439,2.46884504101,-0.491355783045,21.20000000000003
524,1.26459620498,-0.366584985069,0.315233745051,-0.496622121543,21.20000000000003
525,2.38636419721,-1.03792868643,5.74974996513,-2.2698327382,21.20000000000003
526,1.27354584479,-0.510710606268,-1.26108431038,-1.42457554585,21.20000000000003
527,0.118985044564,2.18107100035,0.665369408475,-0.91025536717,21.20000000000003
528,0.37382351075,5.39566364356,3.76495582991,-2.84948907814,21.20000000000003
529,0.241817281429,-0.627660732547,-2.03721257722,-0.0698898467743,21.20000000000003
530,1.77758888451,1.15814222128,0.837500472921,3.50068107526,21.20000000000003
531,0.261574525132,-2.95678645153,-3.09928353852,-2.31918334251,21.20000000000003
532,0.297807245978,-0.00219872173273,-2.76558727283,0.678631189362,21.20000000000003
533,0.651660903299,0.838405697956,-3.32051687609,1.78738446261,21.20000000000003
534,0.230645769036,0.345961598567,1.8949393022,3.01470135813,21.20000000000003
535,0.284219717374,3.28175526824,-8.13006559172,-6.83709789785,21.20000000000003
536,0.150306392221,10.4269249275,0.95680859837,1.35224108187,21.20000000000003
537,1.00027660479,18.0169137294,3.96019507367,4.91656865966,21.20000000000003
538,0.170656996907,-0.54345278019,0.0452548491691,-1.83024834198,21.20000000000003
539,0.503189803265,1.75707496012,8.5854925988,-0.79114192807,21.20000000000003
540,0.101790140102,18.6681853411,-4.41292196661,-4.12466615119,21.20000000000003
541,0.286332352089,-0.313110767458,-3.85744182032,-0.983909700458,21.20000000000003
542,0.145389473925,2.88938714213,-4.84331772144,0.0370991818598,21.20000000000003
543,0.221709487764,9.48499345406,-8.34469337698,5.44912695549,21.20000000000003
544,0.260104260027,0.0153121623765,-1.30277127234,0.00558676391049,21.20000000000003
545,0.170906076355,-0.159532864332,-1.45717837226,-2.13821291124,21.20000000000003
546,1.13434115912,13.621352625,2.94978397563,-2.90491774231,21.20000000000003
547,0.121139729081,2.75752325754,2.16086617591,-1.92329378349,21.20000000000003
548,0.113513269131,-0.922401354089,-1.9543519201,-0.960218368046,21.20000000000003
549,0.117420656406,0.930564224897,-1.82017642869,-0.781615083348,21.20000000000003
550,0.886855810642,1.27736361989,2.42616918753,0.941752974809,21.20000000000003
551,0.105967045446,0.330270194684,-0.968327713856,6.27214363551,21.20000000000003
552,0.1152673807,0.989255976268,-2.68401311128,0.113978582515,21.20000000000003
553,0.271675767999,-3.28847930131,-1.32629694355,0.0532791712038,21.20000000000003
554,0.198124682993,-6.36568218686,5.48551209967,0.347845688679,21.20000000000003
555,0.430248247059,0.328116623232,-4.42750522395,1.87948629645,21.20000000000003
556,6.01531493901,0.194369202128,-1.79717082263,-0.610581976392,21.20000000000003
557,0.338829984344,-1.63915816549,-1.07579463571,-0.855061181422,21.20000000000003
558,0.300946246461,10.4739105979,5.42441583384,-1.45401808699,21.20000000000003
559,0.41752922232,-1.28191988991,-0.617268459047,-2.02968591408,21.20000000000003
560,0.118423649705,-0.663557944782,-0.830266577971,-3.23977464478,21.20000000000003
561,0.338678276436,-2.62007586842,4.37282048716,-7.66125919261,21.20000000000003
562,1.04635067266,-0.0498153506354,-4.19612183605,-1.21683210056,21.20000000000003
563,0.205151086021,6.33888655575,9.52260909453,-5.23003180682,21.20000000000003
564,0.117377679681,4.20140824788,-2.24581808067,-2.65776949573,21.20000000000003
565,0.200452468627,-0.503648103137,-3.40785228666,0.919264717903,21.20000000000003
566,0.256556005804,3.31060445691,-2.07676579909,0.938321235781,21.20000000000003
567,0.160641247763,-0.734071577731,-5.40901044602,1.70015488079,21.20000000000003
568,0.199123082513,-14.8379786576,16.6304568308,13.1898804396,21.20000000000003
569,0.153002618524,1.31535003773,5.21617678689,-1.7957844077,21.20000000000003
570,0.358190618523,3.82906160819,3.23699602833,-2.4938683545,21.20000000000003
571,0.331088590158,5.5048816503,11.2074525065,9.47940348898,21.20000000000003
572,0.231388204572,-15.7526054676,10.8719050072,0.845034774589,21.20000000000003
573,0.10041166465,-12.9447663081,-3.75515147222,5.42926596229,21.20000000000003
574,0.15128575235,-13.3441704932,-18.9384958608,-12.81168676,21.20000000000003
575,0.10188264824,0.110519958259,-0.00773961386754,-0.769743373789,21.20000000000003
576,0.164848324116,10.8287213944,2.34003736521,-17.5611621745,21.20000000000003
577,0.116188976473,-4.11766759043,2.09888279369,3.34051390701,21.20000000000003
578,0.210506027974,-12.8647545698,-4.35076555848,1.26428405499,21.20000000000003
579,0.152797118268,2.73693691988,0.808562106752,0.67811581854,21.20000000000003
580,0.545070738281,9.06830238783,-2.99804572472,9.08878759673,21.20000000000003
581,0.111008879776,0.215196045087,6.65339725717,-1.28839298038,21.20000000000003
582,0.143311312624,2.75344428185,2.61461610788,35.7769945472,21.20000000000003
583,0.347901786038,0.339788580217,1.07690352551,0.587199339406,21.20000000000003
584,0.145229745306,-1.80848150771,-3.38142684945,0.645279378645,21.20000000000003
585,0.121649633529,-0.564565302185,-0.659624335895,0.00769788298985,21.20000000000003
586,0.730812778105,0.437464778903,-1.99984918079,-2.17344560371,21.20000000000003
587,0.134850197093,-1.15514809526,0.103010841465,-2.06061184522,21.20000000000003
588,0.232913561316,5.66491990844,19.2375322644,1.09339126719,21.20000000000003
589,0.758473115969,0.0139004034033,-0.849988592463,1.7833798074,21.20000000000003
590,0.30493223434,-2.60042014271,-2.41892754169,-0.655768182229,21.20000000000003
591,0.325251443708,0.420765216359,-2.09655693952,-0.796095356869,21.20000000000003
592,0.237858561153,-1.03195096349,7.22355413538,6.24052572059,21.20000000000003
593,0.269901024291,23.9250294393,11.2773112978,11.1075882168,21.20000000000003
594,0.221633226084,8.26619746098,-1.13405943632,-1.38763891277,21.20000000000003
595,0.465377459439,-12.2137820429,1.51847277392,10.8770728181,21.20000000000003
596,0.507677570528,-1.03013548965,0.246403562218,0.0544157657586,21.20000000000003
597,0.230675466874,-3.3225907026,5.62688486886,10.9433034111,21.20000000000003
598,0.549580461521,6.52736666831,-14.5823996885,-10.0168535098,21.20000000000003
599,0.609824870333,1.25646347032,4.52475200188,-3.58004880831,21.20000000000003
600,0.148159782691,1.63336840191,-7.01010442759,7.48598715038,21.20000000000003
601,0.133094115957,-0.988563431747,-1.92659777356,-1.57737302334,21.20000000000003
602,2.73469218219,0.309355541874,-1.42057929371,-2.2069730865,21.20000000000003
603,0.228291112307,-2.60012447967,-6.25373172355,-0.56273367777,21.20000000000003
604,0.109654548772,1.52469678578,-3.32518923431,1.36716840544,21.20000000000003
605,0.175768689662,5.92771944966,3.31397318167,-13.5127597251,21.20000000000003
606,0.136114085418,-3.0426978442,-3.50066490499,-0.209396322284,21.20000000000003
607,0.658024046123,-0.916297611239,-2.96468943504,-1.01316875037,21.20000000000003
608,0.300355057863,1.584156846,-0.393966594771,-0.640721740118,21.20000000000003
609,0.505501320257,-2.36681621275,1.40799874959,-1.22868526831,21.20000000000003
610,0.427797036003,-2.39194566062,-1.57551139993,-2.70352595683,21.20000000000003
611,0.209842053477,-0.993703056508,-1.36188013145,-1.98400440075,21.20000000000003
612,0.603106080019,0.486431646425,-1.53808154691,-4.84902144392,21.20000000000003
613,1.64328747701,-1.56314227693,-0.753169287665,-0.980862906896,21.20000000000003
614,0.115440328885,17.0376453597,-14.6124160083,21.2547445922,21.20000000000003
615,0.213104298173,-9.16200729843,5.38490462405,-8.36025056001,21.20000000000003
616,0.574908940803,1.73663732178,-0.237001776977,-4.81470789983,21.20000000000003
617,2.54474640721,-0.634033589127,-1.11112918197,-0.920295059147,21.20000000000003
618,0.135705864811,-3.54760154737,28.6048539053,-19.4599598912,21.20000000000003
619,0.684162973245,0.0701045718719,-1.89012125601,-0.353453643154,21.20000000000003
620,0.109380124114,-2.78306827247,-7.12336788313,28.3439404347,21.20000000000003
621,0.465934697113,-5.66864784484,-6.16694732702,-8.04783555584,21.20000000000003
622,0.322951707434,-2.72700851096,1.56428750913,-2.51314354632,21.20000000000003
623,0.130021663164,3.80252262672,-1.18556909503,0.0599103928207,21.20000000000003
624,0.275346466944,-0.184900643412,-2.09042550411,-1.03328613264,21.20000000000003
625,0.147395523838,2.50050600056,33.8881712789,7.67541400152,21.20000000000003
626,0.576533242435,3.14874491585,-1.44328462611,-2.26596527403,21.20000000000003
627,0.151092495437,2.26967265726,2.5368070102,3.02230649381,21.20000000000003
628,0.417800841951,-0.382012107511,-1.10304387932,-2.93842967691,21.20000000000003
629,0.230219304076,-0.363468925991,-1.92215017548,-0.515791509412,21.20000000000003
630,0.687845536186,-2.09011694995,-1.50633376162,2.33222016681,21.20000000000003
631,0.396205183699,1.68529196265,-1.34093529263,-2.71620443186,21.20000000000003
632,0.141644903433,-3.49558932919,-1.10716837029,-0.391259467069,21.20000000000003
633,0.33480381232,2.02258962309,-0.159883281361,-2.52207903871,21.20000000000003
634,0.217883094575,1.06521481626,-1.29096194599,-0.983372398063,21.20000000000003
635,0.268571718126,6.86978254847,27.2443416905,-11.1029810439,21.20000000000003
636,0.365698549841,-0.882640940921,-0.915902283468,-1.06907617961,21.20000000000003
637,0.199010644225,0.715687633083,-3.55262530036,-1.88492262608,21.20000000000003
638,0.391386817211,-5.74276829723,-6.7727732666,1.974706322,21.20000000000003
639,0.213363574976,-0.76536191707,-2.00223730873,-0.609971427161,21.20000000000003
640,0.368379388005,0.0162886815932,1.1765319155,0.841113021019,21.20000000000003
641,0.682634993975,0.25103693848,-2.22269717081,-0.404906180018,21.20000000000003
642,0.597871614179,-0.546999633602,-2.21413823088,0.308420058083,21.20000000000003
643,0.260612772492,2.93125169569,-3.98456703895,-0.710880342853,21.20000000000003
644,0.607169904755,0.0711926724642,1.1745393947,-0.539130786701,21.20000000000003
645,0.158967865634,-3.08133146903,-0.361991915753,-2.56683791177,21.20000000000003
646,0.400795564697,-6.32406744626,9.73766454855,10.6012128955,21.20000000000003
647,0.108967248264,-1.28171437033,-1.19019527384,-1.84898350072,21.20000000000003
648,0.17443870155,9.44842779691,5.58789069809,5.40867968869,21.20000000000003
649,0.128880775071,2.16591837955,4.53601963216,-5.29007913565,21.20000000000003
650,0.104093093597,-2.87227679612,-2.35758190805,1.72849227586,21.20000000000003
651,0.415232756881,-1.11636810488,-2.29226250843,-0.955941517975,21.20000000000003
652,0.149428953051,-0.450081779035,-1.5979848661,-2.9195288608,21.20000000000003
653,0.435546640154,-5.40535235274,2.97812237664,-8.21562420396,21.20000000000003
654,0.134150692635,6.63126536967,-9.35839925402,-2.9367983733,21.20000000000003
655,1.88385536615,-0.349508062651,-0.777063137166,-1.01412800567,21.20000000000003
656,0.391673944815,-0.755677001772,-5.62811813652,2.72092813644,21.20000000000003
657,0.471350981621,-0.295178112891,-2.81161713679,-0.813745758541,21.20000000000003
658,0.264077204819,-0.188748411368,-1.60681754306,-3.4057430379,21.20000000000003
659,0.191438822264,-0.247793283598,-1.45576944021,-1.03483581076,21.20000000000003
660,0.816134338542,-1.4562432284,-2.27023209891,-0.736204078087,21.20000000000003
661,0.130248855398,-4.62182286812,-5.07164475465,5.33682130451,21.20000000000003
662,1.60386586282,2.09710668586,5.64452570644,-1.7790807244,21.20000000000003
663,0.539266657873,1.70700641154,-5.17058037581,-1.92533181872,21.20000000000003
664,0.501226220199,16.5502715762,-4.25868259609,11.2251936293,21.20000000000003
665,0.136122449425,-0.746454373623,-3.9147386524,-2.19988517806,21.20000000000003
666,0.188525603418,-7.09801638799,-2.51804336017,-4.17905145809,21.20000000000003
667,0.208482524173,-7.31474006654,2.11250069356,12.113261327,21.20000000000003
668,0.270690236915,12.7947568384,-2.04238119053,7.22997065065,21.20000000000003
669,0.608992461136,5.19354378999,9.48532495013,-11.8176211273,21.20000000000003
670,0.176156026814,-2.81059259144,2.03744009857,-0.647714294603,21.20000000000003
671,0.220325952356,0.0303968235609,-1.88424467701,-1.37428461836,21.20000000000003
672,0.112018625122,17.4102983197,-2.06485304772,-3.0969326288,21.20000000000003
673,2.88638766105,-0.218348484069,-1.54092957687,-0.347506496699,21.20000000000003
674,1.38949105895,6.55904330566,5.18057444396,-1.31247806411,21.20000000000003
675,0.439938940838,6.51271625041,-15.9907671046,2.27944029643,21.20000000000003
676,0.446389150555,-5.04723926855,4.38994652364,9.40335772431,21.20000000000003
677,0.677296265647,0.731927837034,-0.672196714091,-0.438710686123,21.20000000000003
678,0.815233166307,0.0929817204112,-1.37173029976,-0.872645780988,21.20000000000003
679,0.107415359915,-0.328709418283,-0.416449899697,-0.140637900337,21.20000000000003
680,0.129112079845,-4.49302792378,3.87090712269,-10.5738909522,21.20000000000003
681,0.310959013262,-7.23039576898,-4.23020538639,10.2723123694,21.20000000000003
682,0.211705486174,2.94600278198,1.41047354799,0.545234718837,21.20000000000003
683,0.141579995642,-0.30240725853,-1.258992253,-0.534145464249,21.20000000000003
684,0.740344503318,-1.31624733852,-0.886862742245,2.65626026632,21.20000000000003
685,0.258091967652,-5.37963804897,12.5115416132,14.6941122681,21.20000000000003
686,0.306680747796,-9.43387764861,-6.60782542575,-7.42394226676,21.20000000000003
687,0.904687725338,-11.1752440126,-14.5681919746,21.2951418251,21.20000000000003
688,0.83664514163,-1.5867700964,-9.04977196811,3.44717141115,21.20000000000003
689,0.333370817571,1.50980943666,0.458931315491,-0.539395676483,21.20000000000003
690,0.165253531892,-1.34494950028,5.48550167272,-4.21336169227,21.20000000000003
691,0.428819328016,2.43587942087,-7.07167957349,0.644508788305,21.20000000000003
692,0.335012509449,-4.0299358313,-1.72314523205,-1.79219505254,21.20000000000003
693,0.264669320204,2.64305613225,-2.27127792816,0.713704441359,21.20000000000003
694,0.508486306437,-0.77320214773,-3.67136441126,-0.480480142155,21.20000000000003
695,0.608187665143,-3.80905774058,11.6502957839,30.381296351,21.20000000000003
696,0.36506804996,0.665988724141,-2.26665416794,-2.57243016975,21.20000000000003
697,0.524328955037,7.43304257457,8.34426029114,5.49797848157,21.20000000000003
698,0.336016869139,-1.60353183535,1.31245052303,4.43686520295,21.20000000000003
699,0.19507449024,0.672888846991,-1.41514273979,-2.17689134713,21.20000000000003
700,0.399211091337,4.04413149306,-6.23246930208,-0.463926347228,21.20000000000003
701,2.21130169861,-0.662621343527,-4.31737020879,-1.44928865018,21.20000000000003
702,0.158252281965,-2.36894876888,5.7828399223,-13.1104855851,21.20000000000003
703,0.263105855913,-1.38617284587,-1.68661910105,0.291103849746,21.20000000000003
704,0.141350232542,-5.75423373156,10.9273971898,-17.9264314747,21.20000000000003
705,0.12011612876,-2.93864828645,-5.14262081289,2.49982337679,21.20000000000003
706,0.384863928744,-4.51078140347,-1.36060205329,-1.38841831757,21.20000000000003
707,0.376215001587,0.717545904738,-3.28971429779,0.0189240793029,21.20000000000003
708,0.385656484952,-3.90559492724,3.1883680461,-4.28119191186,21.20000000000003
709,0.28537446153,-2.28203387799,-3.25367357682,7.19218281522,21.20000000000003
710,0.341062297702,-2.23585086519,2.93962442094,-1.98248525192,21.20000000000003
711,0.258204600138,-0.524632022637,4.6544267526,-9.07739914149,21.20000000000003
712,0.87532188316,-3.18964776218,-1.07109144573,-1.49073524405,21.20000000000003
713,0.133098912129,-0.504249387459,-2.17501454293,-2.26633054585,21.20000000000003
714,0.206699074399,-3.69177155836,-5.8159005734,-8.18295406274,21.20000000000003
715,0.149173640275,-0.869890708459,-0.0835661123207,-0.430420572051,21.20000000000003
716,0.751991075538,1.05152254382,-6.52113038828,-4.00058703123,21.20000000000003
717,0.113431134223,-2.10359866699,-1.52639507389,0.779254040858,21.20000000000003
718,0.100607214661,-2.06549217558,-2.34030996794,-1.46602016024,21.20000000000003
719,0.305589683568,-1.50584070998,-0.75429822717,-2.7488114923,21.20000000000003
720,0.218467134368,0.24852372174,-1.67573927077,-3.31508394197,21.20000000000003
721,0.102571279144,-3.10103001286,3.60597750374,-2.10483600257,21.20000000000003
722,0.520892980116,4.3112544515,-3.93504541261,-0.510915557816,21.20000000000003
723,0.29813487776,-0.34198033768,-1.58279774684,-0.119193427809,21.20000000000003
724,0.175361393089,-2.24021495811,5.06467804088,-1.79059947448,21.20000000000003
725,0.178686379169,0.686274690845,-2.56377656293,0.519492214857,21.20000000000003
726,0.443548954648,-0.0553678202531,-3.42700349619,1.46238064491,21.20000000000003
727,0.137980425104,-2.26558358502,-2.39847379095,-1.25530007979,21.20000000000003
728,0.113224471501,1.01024466118,-0.781156274515,-3.23007147745,21.20000000000003
729,0.7017162542,1.09751138586,-1.18700747465,0.438154654304,21.20000000000003
730,0.408473944167,0.599057616998,1.17992304796,-5.2385507496,21.20000000000003
731,0.355593205565,2.16996141054,1.45522286985,1.63076510306,21.20000000000003
732,1.50760282487,-6.55032640331,-4.38607625246,-4.87398838548,21.20000000000003
733,0.395909412441,-0.0798152441203,-3.15985165673,-0.743426619686,21.20000000000003
734,0.399971763259,5.07342072812,10.510881193,-1.06544333987,21.20000000000003
735,0.172012135577,-0.436217866683,-0.795834204522,-1.76927757727,21.20000000000003
736,0.854081609122,0.775309528231,-3.41577869589,-2.21662539291,21.20000000000003
737,0.4796324986,0.477459956245,6.70007053631,-12.1993932348,21.20000000000003
738,0.218468300314,2.37269405583,-1.76530967706,0.46717280428,21.20000000000003
739,1.40153060558,1.52189884447,-2.64636084741,2.97268256887,21.20000000000003
740,0.552299104288,-4.82905695603,0.641216935559,0.441412881748,21.20000000000003
741,0.339962071582,-1.64090760553,0.581198005321,-3.0560417242,21.20000000000003
742,0.143157712197,0.822319515091,-0.297678078289,-0.511833917961,21.20000000000003
743,0.280234648375,2.11731008839,2.97855481263,-2.65627763548,21.20000000000003
744,0.159346265819,7.86187029329,-8.98539768432,-3.59100447737,21.20000000000003
745,0.107261765987,-0.715812624049,0.974912170055,-1.51646435915,21.20000000000003
746,0.100453490201,-0.566196828121,-1.87417958471,-2.53350636551,21.20000000000003
747,5.55274629185,-0.866363660315,6.51322584832,-1.02432223043,21.20000000000003
748,0.297197345218,3.36426982284,10.8453803057,-4.44797189326,21.20000000000003
749,0.151637582866,10.9850386328,-3.89234275136,-13.0600737929,21.20000000000003
750,0.129126571986,-5.05157133069,-0.866515359058,0.261103698446,21.20000000000003
751,1.35651651453,-0.00166259636841,4.14277140073,-4.67273803687,21.20000000000003
752,0.275786662228,2.67892825749,1.52445035807,-2.52524619281,21.20000000000003
753,0.682749470903,0.484280149438,-2.45537364246,-0.800965628354,21.20000000000003
754,0.437193304187,-0.444611728884,-2.21761873832,-1.64030355566,21.20000000000003
755,0.169859822417,0.291300766286,-0.384239166591,-1.48695699149,21.20000000000003
756,0.210545583154,16.9527969744,2.18717435092,12.2366654783,21.20000000000003
757,0.194591476675,3.78100667843,-4.58982620195,3.24424096616,21.20000000000003
758,1.19787836976,-25.5925899008,-0.430782997755,5.70499044803,21.20000000000003
759,0.117434494355,0.374948013926,-1.51670725909,-1.15962490759,21.20000000000003
760,0.147369293801,-1.09748606371,1.69604760142,-12.4532028513,21.20000000000003
761,0.24662748541,-0.684423314052,-3.15036021904,0.753453433464,21.20000000000003
762,0.269998323827,2.61060380089,16.8425102441,2.09888429021,21.20000000000003
763,0.137214875314,1.74150208503,2.50870903538,-0.477288717768,21.20000000000003
764,0.162398913192,10.0480375529,-1.6229421409,-10.1489849818,21.20000000000003
765,0.176180252047,6.07356516862,-2.13060682455,-2.43873542745,21.20000000000003
766,0.20222143409,2.93494468036,-3.01876116336,-1.10287585078,21.20000000000003
767,9.0241744492,-1.02340896312,-3.07751931161,-1.92852869168,21.20000000000003
768,0.364322985349,3.85469792946,5.52040941362,-0.0283118291262,21.20000000000003
769,0.149781312008,-3.7621538394,-4.31620420883,-2.15308207941,21.20000000000003
770,0.139953250365,4.49734173911,-0.697863125026,0.538777628482,21.20000000000003
771,5.45782886412,0.0674625720932,-1.69316162801,-0.608651444227,21.20000000000003
772,0.177996916897,-0.441613272319,-1.37795569228,-0.715187643697,21.20000000000003
773,0.173497420012,-8.29655778934,-7.77284200559,13.8721698009,21.20000000000003
774,0.684162292886,-0.0936072464339,-2.77150334721,-1.40902775541,21.20000000000003
775,0.257365217126,-10.5989385424,-4.93382677672,6.83135433492,21.20000000000003
776,0.229603085369,-3.68546135645,-0.207413946895,-2.07324884991,21.20000000000003
777,0.511139524297,-6.03428457161,0.578555124721,5.71976513632,21.20000000000003
778,0.67654248386,1.17901791163,0.939829215657,-0.451041847118,21.20000000000003
779,0.114878472395,-9.03024101253,9.29318966444,-13.3591854102,21.20000000000003
780,0.322939817079,-1.01910357427,-1.00518899527,-0.812430214392,21.20000000000003
781,2.23147731113,-3.07151979806,5.34970063736,2.12679522696,21.20000000000003
782,0.341095163047,2.43053075248,1.06991992223,3.44335444544,21.20000000000003
783,0.369753842922,2.76785500388,3.63045476473,-0.959286875896,21.20000000000003
784,0.814978268371,0.164491426976,-3.23200029781,-0.751821293083,21.20000000000003
785,0.242233879431,-1.28103652313,-2.58537904669,0.915045316225,21.20000000000003
786,0.422528248899,3.11605220614,1.21813775655,1.33239463481,21.20000000000003
787,0.213524520942,-4.11304544227,-2.83925580936,-3.99699861978,21.20000000000003
788,0.158103345067,-9.28384890035,-3.16797873814,0.110647714771,21.20000000000003
789,0.614024263922,-2.66093372719,-3.76476803279,-1.13827896815,21.20000000000003
790,0.158771500462,-4.30977506053,-2.71924599643,0.358538136978,21.20000000000003
791,0.281458855975,-0.535548954301,-1.88707873937,-1.64409768431,21.20000000000003
792,0.745272924833,1.79220992046,-1.17405335107,-1.2650548732,21.20000000000003
793,0.422863186969,0.116832376538,-1.31588836351,-1.1825881487,21.20000000000003
794,0.259735818071,-7.1640038294,-2.31757215928,19.0336709502,21.20000000000003
795,0.192598234262,16.0819547589,-7.73968350382,8.42331336727,21.20000000000003
796,0.562948450557,0.25239004417,-1.85445646487,0.202994276409,21.20000000000003
797,0.575948611209,0.17171040196,-2.51390401859,-1.73802570874,21.20000000000003
798,0.482079627476,2.09139344139,0.100868300847,0.182558045704,21.20000000000003
799,0.126921569228,-1.05116594063,3.31595331649,2.78607285286,21.20000000000003
800,0.385214867691,0.0284780368686,-5.05095647478,-0.674109088455,21.20000000000003
801,0.167358495828,1.10421244565,-4.52621338857,0.207922895117,21.20000000000003
802,3.63673521992,-9.42472870944,-3.52092833587,13.4312846865,21.20000000000003
803,0.183596249576,-0.0290127351408,2.91669181075,1.90152728008,21.20000000000003
804,0.227519530853,2.15935190755,-0.0481356818321,-0.684970513357,21.20000000000003
805,0.122096544773,-1.71900181992,-0.0743294931629,-1.31266695915,21.20000000000003
806,0.152109177814,0.846845277227,0.0485072431377,1.03098425503,21.20000000000003
807,0.12847875772,1.07644583584,1.64475880214,-0.452419689058,21.20000000000003
808,0.427238824414,-4.15563984744,4.59973567534,6.88004274052,21.20000000000003
809,0.858966026791,-0.189537918897,-4.88755986403,-3.79770827487,21.20000000000003
810,2.78576147867,13.8807398761,-11.191333768,0.465755942269,21.20000000000003
811,0.145722599684,14.5963705531,0.534775823786,6.19929908787,21.20000000000003
812,0.175421772595,-0.0628729863048,-2.92259216527,-1.16501859248,21.20000000000003
813,0.185376957682,-2.47859559314,-0.222777508957,-3.89684124061,21.20000000000003
814,0.221185797393,-0.00189625832347,-3.00834625855,-4.93689568497,21.20000000000003
815,0.330675052683,-22.0419514097,-9.70453934438,12.8057411661,21.20000000000003
816,0.100025673246,1.85927622294,2.27022275124,0.599755354851,21.20000000000003
817,4.38299516836,-0.0440466701858,-1.67220167326,-0.95055032514,21.20000000000003
818,2.51012681647,3.94713261978,5.48286584693,2.77438584085,21.20000000000003
819,0.24244195105,-1.82209883044,-2.06179828223,-1.23262267705,21.20000000000003
820,0.124264649087,-0.12566844474,-0.996473464128,-0.320963910796,21.20000000000003
821,0.200722341038,-3.95851945194,-3.19866027392,1.59691757338,21.20000000000003
822,0.117740952374,-4.40871302722,-2.81040250102,-5.38486895066,21.20000000000003
823,0.289250324796,-2.11760712974,-9.74189556922,0.0349926225939,21.20000000000003
824,0.435485741539,-2.80312780179,0.113394589895,-2.66468871242,21.20000000000003
825,0.13644008585,-2.27194212042,-3.14073672735,2.03905776752,21.20000000000003
826,0.556579931254,1.47457443062,2.23684744041,2.25934749815,21.20000000000003
827,0.945441414164,0.300605988787,-1.40730680884,-1.0171766592,21.20000000000003
828,0.194451949185,-2.01250750878,-3.06784972644,-2.71020897028,21.20000000000003
829,0.726727507943,-0.3603611453,14.0587690664,15.0130935555,21.20000000000003
830,0.224744943506,1.04801769422,2.33107515933,-5.78878438674,21.20000000000003
831,0.507605550996,-1.49570832514,4.62106864185,-1.81735855883,21.20000000000003
832,1.79210369,-1.25371650115,-1.89843552512,0.310412716317,21.20000000000003
833,0.224099831969,-0.964277607736,-1.12052158568,-0.777250262113,21.20000000000003
834,2.08146281581,0.600788373969,-1.65001016387,-0.732063477488,21.20000000000003
835,0.144497850829,0.0635744570877,-0.149581136125,-1.57887964929,21.20000000000003
836,0.141722605627,-28.4224191056,-16.7109849012,13.8097501748,21.20000000000003
837,0.330482060409,-0.720453472286,-2.15214988641,-0.00947466661938,21.20000000000003
838,0.114827137695,-0.130729168549,1.1456025303,2.80204602008,21.20000000000003
839,0.407588243302,3.61931747667,-1.85117788233,1.07584494093,21.20000000000003
840,0.116889512266,-0.837687748722,12.8078166093,-3.34782404872,21.20000000000003
841,0.113175975114,-2.58494667024,9.40207081584,4.76124045846,21.20000000000003
842,0.114571825165,4.95836832686,7.0000879958,-7.94156168986,21.20000000000003
843,0.525810244813,-0.0316508744063,-2.08556245515,-0.980962239762,21.20000000000003
844,0.135480432203,0.480318147461,-2.49717806957,-1.8859288942,21.20000000000003
845,2.2842538828,-0.481590720668,-1.81973653321,-1.03425170356,21.20000000000003
846,0.309142403609,-1.25910400631,-3.09586734375,-1.6856765453,21.20000000000003
847,0.199285604511,-0.459995142574,-2.13207065803,-0.109206588033,21.20000000000003
848,0.168978752465,10.7923614742,8.92898461752,10.1272244845,21.20000000000003
849,0.335316661356,0.414330131776,-4.52869560121,-3.07114079371,21.20000000000003
850,0.116626596804,-4.76931315098,2.01716460842,-8.42813539597,21.20000000000003
851,0.230946840277,4.00975554041,2.24687453173,3.62913656358,21.20000000000003
852,0.335450145742,-0.302145471201,-1.77286017585,-0.690658374226,21.20000000000003
853,0.678682542302,-1.94348999219,-1.23767505326,-4.2783432115,21.20000000000003
854,0.211360742995,-4.1675950707,-4.3332761807,0.910053271306,21.20000000000003
855,0.461665898579,-3.31999515352,0.883043498804,-2.42498904665,21.20000000000003
856,0.186151141663,-13.6964786214,-9.51208066682,-8.31519599826,21.20000000000003
857,0.494574256209,0.438228962668,-1.93210057804,-1.95579557412,21.20000000000003
858,0.1605780008,0.671644121603,-2.85282225853,-6.5444248598,21.20000000000003
859,0.296015207576,4.03742144727,-0.895746824217,-1.74642201144,21.20000000000003
860,0.279061054672,-1.59381176435,-2.66842356011,-1.27197724584,21.20000000000003
861,0.286153156854,-2.59388673819,-1.12954441992,-1.5958071883,21.20000000000003
862,0.105508019856,0.774616852211,-2.51654815019,4.61050788945,21.20000000000003
863,0.10008594012,-4.60241849225,4.3422568115,-0.402199137279,21.20000000000003
864,1.00967506469,-1.26074424806,18.9673289597,-2.52388879195,21.20000000000003
865,0.134366595233,-1.76117585483,3.43913345239,-3.12230684986,21.20000000000003
866,12.6618076172,0.0458504804542,-1.44556373085,-0.622681024424,21.20000000000003
867,0.418735017223,-0.941111598536,-0.382215240668,-2.3558379651,21.20000000000003
868,0.209060613812,6.09369841921,1.25137563787,-0.93299140875,21.20000000000003
869,0.457533126415,-2.62678203341,24.7069004668,1.43229947442,21.20000000000003
870,0.142449673811,0.544342108566,-1.97007873522,0.0798718001297,21.20000000000003
871,0.148837934504,-0.351675457261,-1.07718029905,-1.56300645943,21.20000000000003
872,1.33716822004,-10.3361809939,-12.0458409845,13.4067766113,21.20000000000003
873,4.60625118011,-0.334369499651,-1.67886405038,-0.794227353754,21.20000000000003
874,0.134299041892,13.0427581281,0.520064578458,-23.001373606,21.20000000000003
875,0.204365526295,-0.483739116779,-3.05602177937,-1.49525186479,21.20000000000003
876,0.456636710887,2.57313892355,-0.197364084925,1.53985590833,21.20000000000003
877,1.00964180988,0.425850204105,11.2049612207,-11.6048108838,21.20000000000003
878,0.392602233967,0.392340990176,12.8401827459,2.86406573344,21.20000000000003
879,0.119843527494,0.852638414336,0.285607281602,-6.5190798583,21.20000000000003
880,0.164104228446,3.50592185654,2.62904432316,0.0576248917641,21.20000000000003
881,0.320304437038,-4.03767220451,4.22169647935,6.17102197106,21.20000000000003
882,0.156436285305,1.07680630069,0.44313598367,2.41627602733,21.20000000000003
883,0.282797001972,3.79570099976,-4.25697216996,0.103918231593,21.20000000000003
884,0.113548591144,0.00776326492293,-0.879686674653,0.101195024649,21.20000000000003
885,0.128527338205,0.655512077736,2.24706412759,-0.190775976769,21.20000000000003
886,0.607731380185,-15.027942126,2.16770613996,-11.9051533178,21.20000000000003
887,1.72205165165,1.12853868465,-0.931845614322,-0.706149771009,21.20000000000003
888,0.256168565949,2.61393487789,0.337521381305,-13.2528529092,21.20000000000003
889,0.110595413282,2.45304411492,-2.71384057155,-1.71770931719,21.20000000000003
890,0.205994898439,-4.51829147628,-1.05753025469,-2.75679643474,21.20000000000003
891,0.114905934084,-5.36521231011,7.51840049928,1.02993979192,21.20000000000003
892,0.440092077631,-1.62451167084,-0.0809006141632,-1.64913459801,21.20000000000003
893,1.04134246349,0.380638323948,-1.04888088217,-0.706946963124,21.20000000000003
894,1.95024761113,0.80101631538,-2.19942329561,-1.26234051709,21.20000000000003
895,1.22084286117,-12.1416516901,-5.98721227533,10.7649997534,21.20000000000003
896,0.108557119571,-10.9600869678,-1.30266738562,-8.04717830226,21.20000000000003
897,0.19278751677,-2.61259104932,-6.06720603847,-1.10181613739,21.20000000000003
898,0.502778339504,2.2054181791,-3.29712491042,3.15221399313,21.20000000000003
899,0.11657361612,-1.22671136527,-1.51709500292,-1.79979319097,21.20000000000003
900,0.164896996959,-0.01111881101,-0.0488849488577,-1.48393960577,21.20000000000003
901,0.103898939128,-1.39913096634,-2.9981409593,2.92301770773,21.20000000000003
902,0.395111442721,-2.37880781049,-3.88862340121,-1.33093040865,21.20000000000003
903,0.626393729295,-1.27469151888,-1.25569737036,-0.0826390957379,21.20000000000003
904,0.575290505584,2.13023090614,-0.790502946855,-2.20152152519,21.20000000000003
905,0.137167125092,-0.187745099517,-2.32005932847,-2.88076524851,21.20000000000003
906,0.168353517323,-5.32848521645,2.83394958146,-0.487490284141,21.20000000000003
907,1.14742092288,-0.198950202154,-1.54812354668,-1.33699540672,21.20000000000003
908,0.132117826605,-0.425568431404,-1.78300471009,2.27661721587,21.20000000000003
909,0.829136442265,-0.698277966767,-2.02840821342,0.0328477408721,21.20000000000003
910,5.20616601104,-0.728027724655,-2.92003395041,-1.99279223401,21.20000000000003
911,1.52275625372,0.111302663065,-1.80560585238,-0.546587458369,21.20000000000003
912,0.122363502976,0.0654856404666,-5.29377474007,-1.60546838612,21.20000000000003
913,1.37961496926,1.09230015894,0.654803477976,1.05027975743,21.20000000000003
914,0.593752910942,-2.36440920052,-1.61710306228,0.756046502283,21.20000000000003
915,0.410053827445,6.01851424975,0.0702638338156,-5.4463504783,21.20000000000003
916,0.283493923237,0.305247708899,0.611240585064,-0.229818020534,21.20000000000003
917,0.118405227507,-7.72325848119,13.379428283,-3.82489189772,21.20000000000003
918,0.306113154007,1.99909601977,-4.1843199963,0.2929895728,21.20000000000003
919,0.193304720468,-6.81910785105,-10.9607414059,6.03880515152,21.20000000000003
920,0.130600648836,-0.733134094604,-2.91792132302,-0.408776530216,21.20000000000003
921,0.221055320429,3.92731304429,-7.21501340858,-5.88132292411,21.20000000000003
922,0.225203626604,-2.45634740386,-2.27875490608,-15.893526398,21.20000000000003
923,1.22320378484,-0.219910649421,-1.62746508521,-0.554715599512,21.20000000000003
924,0.100540873408,-0.418584681592,-1.69050712079,-1.29469367663,21.20000000000003
925,0.832395004377,-1.64735025706,-0.913570954621,-1.39916902621,21.20000000000003
926,0.109990720601,0.433961297358,0.670717514135,-1.44932819022,21.20000000000003
927,0.978823082736,-0.273475326887,-2.61045344718,-1.703784892,21.20000000000003
928,0.248354542099,2.96218286447,2.87963960902,1.65994348528,21.20000000000003
929,0.103728829964,-0.1275769184,-2.05237330577,-0.643796797375,21.20000000000003
930,0.403929934867,3.52388746414,1.42818263823,-2.11809144209,21.20000000000003
931,0.105776305761,0.34236157132,-1.39761514567,1.64438838139,21.20000000000003
932,0.642586801617,-14.744850908,8.92263921171,-10.5261732927,21.20000000000003
933,0.166992177221,-8.91781662882,-5.24852588911,25.1729989244,21.20000000000003
934,0.134085442335,0.73975873729,-1.99641507464,-0.201605474294,21.20000000000003
935,0.24675112602,-3.44005889378,-3.28897766479,-1.24903918495,21.20000000000003
936,0.132164302409,-0.845261396369,-2.60287369127,-0.771184259856,21.20000000000003
937,0.326119296681,-1.31716166282,-3.39182774655,-3.18984674128,21.20000000000003
938,0.544644578754,-1.13617879922,0.899608658817,-0.0711769039486,21.20000000000003
939,7.70837646268,-0.600628309701,-1.79609446978,-1.12758939053,21.20000000000003
940,0.177497411705,0.812941232295,1.3969284404,-0.742954572432,21.20000000000003
941,0.349194833767,1.26988463349,-3.27197207746,-1.27387761131,21.20000000000003
942,0.316481851867,8.92127883348,-7.49637328357,26.9963852076,21.20000000000003
943,2.21562273953,2.16875486613,1.24256434328,-2.4073548672,21.20000000000003
944,0.110484697597,-6.63774350597,0.534591725934,2.80583794807,21.20000000000003
945,0.686955094906,-0.623938112676,-1.4339939366,0.568021927425,21.20000000000003
946,0.252735262444,-9.87706634682,4.28992369784,5.06838080128,21.20000000000003
947,0.100836255812,0.414166949154,0.566591565314,-2.19002186817,21.20000000000003
948,0.152527431339,-0.927832267644,-0.916729254726,-2.3519267729,21.20000000000003
949,0.91454062081,1.02902310675,-2.22367191955,-3.12583416077,21.20000000000003
950,0.606830714715,-0.525750253443,-1.11670380172,-1.17981210982,21.20000000000003
951,0.177849968227,0.574317884664,-0.931190685057,-0.669235980285,21.20000000000003
952,0.411315392871,-0.38279097194,-3.02997741017,-1.1341110087,21.20000000000003
953,0.209210778955,18.464701337,1.69025376542,-12.4924415987,21.20000000000003
954,0.419870160582,-1.00108354235,2.03558854545,-1.66924980526,21.20000000000003
955,0.18117087317,-3.78228683418,-5.31311702378,2.75778172772,21.20000000000003
956,0.160370965909,-3.59797815443,-5.64940306394,-3.5432465528,21.20000000000003
957,0.140871885693,3.89237211904,0.658099436694,-4.10380628624,21.20000000000003
958,1.78776473569,-7.38023091081,0.508316282899,10.4107553429,21.20000000000003
959,0.120979293461,-0.980392388693,-0.107647911269,-2.82963457086,21.20000000000003
960,0.348867519718,-4.77629003802,1.59333916742,1.58628052739,21.20000000000003
961,1.28179342775,-0.852357025701,-2.21222815509,-0.364604126207,21.20000000000003
962,0.175388726796,5.92517884074,-3.10823605711,13.2781377005,21.20000000000003
963,0.699117252801,-3.16957330367,-1.42423969529,-1.31564862816,21.20000000000003
964,0.100826083526,5.20602231843,0.724203224626,2.2038509424,21.20000000000003
965,0.118354848596,-1.23456270454,1.1335964487,2.98254393955,21.20000000000003
966,0.749205204531,-2.72055597917,5.59744016087,-0.509762491506,21.20000000000003
967,0.188756682994,5.27316399611,0.622861605078,-5.43909578934,21.20000000000003
968,0.794384917451,3.53538276977,0.01998922628,-5.82121625585,21.20000000000003
969,0.330851901362,-2.06101321419,-4.29990325968,0.397343521642,21.20000000000003
970,0.251126008897,-0.686657727121,-1.90764051816,2.73766486512,21.20000000000003
971,0.595953708446,-1.1805046421,-1.12690232935,-1.67138922821,21.20000000000003
972,0.282768630799,-1.5041329154,-4.17265008856,-1.96532044347,21.20000000000003
973,0.289910725378,1.84306660933,-3.482007064,-4.34151082088,21.20000000000003
974,1.21366000514,1.45069392428,-3.66690884138,-0.669859959965,21.20000000000003
975,0.123735652821,-2.40385944151,0.704217770919,-0.856127323948,21.20000000000003
976,0.150134820798,-2.57443482243,1.67827817177,-4.87347707689,21.20000000000003
977,0.107640341587,-4.23405498433,14.2310200818,2.32313781709,21.20000000000003
978,0.945799493887,-0.0691722662807,1.31575208695,-0.853219270815,21.20000000000003
979,0.126870816894,11.6186315011,4.09439186061,-4.29041217366,21.20000000000003
980,1.70702249049,0.574778849871,-1.4241413128,-1.22984561896,21.20000000000003
981,0.94541941443,-2.27340279024,0.952382996166,-1.00340279982,21.20000000000003
982,0.172230560362,-6.52279326356,4.67262313195,14.7499503677,21.20000000000003
983,0.179419647732,-0.0682536101691,-14.9078012813,12.4671009953,21.20000000000003
984,0.188370169811,0.781359962252,-1.68112641496,-1.37532532522,21.20000000000003
985,0.667465596673,-1.06602443416,-2.93878959655,0.541338670304,21.20000000000003
986,0.190183302197,-0.926230897161,-1.71249814803,-0.340039545251,21.20000000000003
987,0.115218907606,2.1530995972,-1.27136373134,-0.844050255977,21.20000000000003
988,0.140947836278,5.60338881409,1.41487397428,1.36389765729,21.20000000000003
989,0.143914736103,-5.04649371228,1.90772009104,-3.14252867848,21.20000000000003
990,0.288779502992,3.00578033142,0.835456254529,-2.18534626433,21.20000000000003
991,0.19786104712,-5.58362445256,3.80801179849,-0.714491658712,21.20000000000003
992,0.184695980414,-2.82977471575,4.19473890718,3.11199532489,21.20000000000003
993,0.252205627908,-1.00441652645,-0.922421466093,-0.45374157678,21.20000000000003
994,0.19597952846,3.39436838237,-1.40273491805,1.40786303437,21.20000000000003
995,0.126873487511,23.0953443592,-4.5449672501,4.56470813446,21.20000000000003
996,0.241340660783,-4.91518190812,3.39470258555,-4.93912058751,21.20000000000003
997,0.495527599763,-0.357614993567,-3.00012408772,0.31184599167,21.20000000000003
998,0.144669821494,-1.91590903425,-1.18134807933,-1.00390732857,21.20000000000003
999,2.57021102987,11.5434021768,0.115442856073,1.37076194308,21.20000000000003
