Star_ID,Mass (MSun),X (pc),Y (pc),Z (pc),Simulation Time (Myr)
0,0.449016314641,2.65255207014,-0.882723910863,-1.10748132,12.399999999999972
1,0.13172823941,-0.905417030387,2.0405065518,0.511963289121,12.399999999999972
2,0.134828928784,-2.47494228204,1.67566591389,3.35467010723,12.399999999999972
3,1.11244834317,4.62423931029,1.23711432881,-5.97768148316,12.399999999999972
4,0.193095925119,-1.14391039829,7.99474639903,0.924543752488,12.399999999999972
5,0.624983786145,0.609097074103,-1.10057287098,-5.00946288943,12.399999999999972
6,0.101248433208,2.46515597776,2.9941140342,-6.02174752174,12.399999999999972
7,0.108830356872,-1.54302660017,-1.68128177436,-1.84884009434,12.399999999999972
8,0.131779736791,-0.142751511862,2.84961095178,-0.930785675469,12.399999999999972
9,0.668667763324,-2.04871904957,0.830907328033,0.936830761926,12.399999999999972
10,1.54968212104,4.94643692781,12.0447279705,0.737237324926,12.399999999999972
11,0.104445599426,-3.62745797329,-0.880518494342,3.18105811152,12.399999999999972
12,0.186119641865,-1.95597769471,1.32344352008,-5.77968180262,12.399999999999972
13,0.130139615425,-1.01228410314,0.426436845334,-0.0190388671101,12.399999999999972
14,0.275894115334,-1.56208575311,2.83575082477,2.92473365661,12.399999999999972
15,0.895697984402,-1.68010366141,0.354155776349,-5.21801510374,12.399999999999972
16,0.133570344593,-3.0715891269,-3.18242127432,6.59799732699,12.399999999999972
17,0.318211430443,-1.24313369086,0.950067011742,-0.21127283364,12.399999999999972
18,0.144252564989,0.0526066854121,0.548032837032,2.35824729646,12.399999999999972
19,0.141326912495,4.72497102687,3.49455821763,-1.75134639678,12.399999999999972
20,0.127456155526,7.66323375309,2.66554475528,2.87261435011,12.399999999999972
21,0.276307656075,0.206612943872,-3.48915333309,3.83933206498,12.399999999999972
22,0.10849909995,0.84633347548,-0.557019065456,-1.89501286286,12.399999999999972
23,0.175195031278,9.70990899208,-4.91109419534,-1.2675557481,12.399999999999972
24,0.171056128009,0.178555074197,1.01873605232,0.486434624566,12.399999999999972
25,0.136073057827,-0.954081905598,0.403906466347,-2.21476135778,12.399999999999972
26,0.272603913057,1.49028100026,-4.04348600171,-0.219036348108,12.399999999999972
27,0.209061894013,3.97305578936,4.12963731985,-2.79301517374,12.399999999999972
28,1.95756294734,-5.05344708647,1.78868965006,10.2889261969,12.399999999999972
29,0.363302488508,-0.0940063875907,0.886495591373,-1.4971075554,12.399999999999972
30,0.362059251898,-9.18488264725,-7.61129862656,-1.96375191707,12.399999999999972
31,0.106978829079,1.06404447429,0.824855860557,1.00063306465,12.399999999999972
32,0.16633970104,-0.84017513961,-1.94683026836,-2.1400165266,12.399999999999972
33,0.605474961516,3.51969615038,2.24513319398,-12.124874999,12.399999999999972
34,1.4560542572,9.20229554912,-9.5245701182,-0.0381421801863,12.399999999999972
35,0.307963852424,-2.94337997852,1.31849477155,-3.35418323627,12.399999999999972
36,0.282098039264,-1.29745251443,-2.49902471592,7.16874065506,12.399999999999972
37,0.180457274639,0.401369323359,0.291404320932,-0.332693860504,12.399999999999972
38,0.319792126251,1.40380260979,0.759348850269,-0.212487606011,12.399999999999972
39,0.768541950392,0.773508874849,1.11220957344,-0.528960719548,12.399999999999972
40,0.170585222598,0.857543559813,-1.92716755593,2.84442423824,12.399999999999972
41,0.280335155521,8.40923285392,3.31875364189,5.92258024553,12.399999999999972
42,0.306919186424,3.29024356058,3.04073231841,-0.736183855993,12.399999999999972
43,0.785334860378,3.07089015957,11.0698654543,7.61350882099,12.399999999999972
44,0.585288650614,-7.13734454336,-0.392676854656,5.57453145499,12.399999999999972
45,0.137944495143,-0.352551351867,0.463954384399,0.335822865253,12.399999999999972
46,1.74009249642,0.648654737113,0.660829039793,0.0930955323413,12.399999999999972
47,1.27163819129,-0.819656974115,0.766713000405,-0.257388506736,12.399999999999972
48,0.239521195145,11.3332751929,0.525955347477,3.59473595531,12.399999999999972
49,0.737231638939,0.654167059668,0.65266776393,0.206611094201,12.399999999999972
50,0.741985402452,1.50526142015,-0.489144594146,-2.84598518955,12.399999999999972
51,2.97886923924,5.97314093502,-1.82351257618,-0.0126953511252,12.399999999999972
52,0.278677070349,-3.42728457842,-3.070022826,3.40275605616,12.399999999999972
53,0.5890256562,1.06832250567,0.846484681847,0.268110402187,12.399999999999972
54,0.372964785469,-2.23644780665,1.2856791528,-0.95046365785,12.399999999999972
55,0.261057912466,-1.28675562817,0.702946917125,-1.15670678496,12.399999999999972
56,1.3668186871,-0.883875135752,3.14920878912,-0.134710165301,12.399999999999972
57,0.254178671639,-0.453050643584,-0.671856953316,0.402071063277,12.399999999999972
58,0.505175195777,-0.499223362841,0.782809136896,1.024555962,12.399999999999972
59,0.661449244522,-1.34400748803,1.20876694088,-1.4891644693,12.399999999999972
60,0.557050964529,5.99834418292,9.35077444135,9.18974328019,12.399999999999972
61,0.354918023916,-0.704515643858,1.50131491193,-1.82495189385,12.399999999999972
62,0.188619498818,-0.929162726261,0.746112303586,-0.298727116678,12.399999999999972
63,0.999872567193,9.10003903438,-0.0649638307795,8.14953397071,12.399999999999972
64,0.248147592497,0.763972697943,1.4895123171,0.628799254706,12.399999999999972
65,0.586811866269,-0.271912133712,0.502409127208,0.300133868463,12.399999999999972
66,0.110926349683,-3.66530303872,4.83131191398,-7.6316129758,12.399999999999972
67,0.261523746797,1.21127614908,-2.72636167477,2.78918509506,12.399999999999972
68,0.212202572694,5.87945761827,1.632688068,-6.07934393819,12.399999999999972
69,1.8269731518,-1.82760100547,1.44709457385,-1.75701743321,12.399999999999972
70,0.181452905354,1.922779368,4.74593545323,4.88410497563,12.399999999999972
71,0.39730358257,-1.32803813138,0.874022426179,0.626707205025,12.399999999999972
72,0.105362735306,5.19996003915,-5.83421377234,-7.41767912342,12.399999999999972
73,0.204862217586,-2.89332976546,2.10417703593,0.256516714433,12.399999999999972
74,0.487153829699,-1.44961535051,1.12479892497,-1.42216126695,12.399999999999972
75,1.52250992133,-2.6147701922,2.67538368287,-3.51458196284,12.399999999999972
76,1.39340576638,-1.64779022382,-11.4848865235,-2.0940980329,12.399999999999972
77,0.756947566988,0.376048424514,0.650661198853,0.588491048803,12.399999999999972
78,0.246327703287,-0.489488858182,0.534474863726,-0.378477496366,12.399999999999972
79,0.287938003234,2.93830219108,0.00924765323971,-2.01512561795,12.399999999999972
80,0.264375301066,-0.71422172908,0.660777747477,2.07622455755,12.399999999999972
81,0.263223101464,-2.9621978801,-7.64053461197,-17.7825128711,12.399999999999972
82,0.234119214817,-3.23923021352,0.456755738659,1.1835953254,12.399999999999972
83,0.236038778595,-1.04033946397,0.849031232356,-1.99257873536,12.399999999999972
84,0.156500466127,-0.0549428753281,0.127767057453,-1.32841302356,12.399999999999972
85,0.269282418323,-0.246232138243,0.4576218769,-2.33397953525,12.399999999999972
86,0.30259398257,6.90971310317,-0.543661529454,-2.59395056887,12.399999999999972
87,0.141274243973,2.62815377934,9.66199462138,0.995617886523,12.399999999999972
88,0.172519675675,1.77216510365,0.194674775142,0.812891205402,12.399999999999972
89,1.43379737244,0.777828794113,0.727942091997,-0.445519784991,12.399999999999972
90,0.580450255916,-0.291573739145,0.597594040506,-0.548182895542,12.399999999999972
91,2.64395424529,-1.9499563714,1.35835519188,0.0819238625843,12.399999999999972
92,0.16987566063,-0.589958665151,-1.30146909758,-0.928688393496,12.399999999999972
93,0.183955082386,7.54031125489,-1.41253720163,-1.49891627707,12.399999999999972
94,0.121586387782,-0.0154804772448,0.648865000868,-0.598156148824,12.399999999999972
95,0.302096986276,0.651151967716,0.89404482288,-9.07744459792,12.399999999999972
96,3.51116948334,4.77591519129,-0.4144157478,0.0403600681968,12.399999999999972
97,0.286954787975,-2.27141017226,0.525703365987,-1.70608972485,12.399999999999972
98,0.254070426843,0.326141684466,-0.332829048496,-1.40080276682,12.399999999999972
99,0.370270013782,0.0480131720366,1.07324781369,0.940371324752,12.399999999999972
100,1.82652307037,-8.52394816474,1.30617830877,3.02635555635,12.399999999999972
101,0.139304443145,1.65805112372,-0.00822016955888,-3.79748088323,12.399999999999972
102,0.160484823107,-1.39953332789,1.07293355155,1.52258562147,12.399999999999972
103,0.539405307037,0.915449873136,4.25819043613,-4.7498658581,12.399999999999972
104,0.161150700113,-1.36831273406,7.8477339376,-11.4962837515,12.399999999999972
105,0.939488868781,0.959691067524,0.72453666297,-1.50365896434,12.399999999999972
106,0.320554505127,-2.05635423829,2.64048222423,0.0729010813669,12.399999999999972
107,0.1960365005,-0.948945781168,2.15635810288,-0.311732928524,12.399999999999972
108,0.568792495024,-8.51444114156,-6.91812832351,-0.455636716633,12.399999999999972
109,0.174759223754,-3.84109365394,9.80670731727,3.98855106302,12.399999999999972
110,0.260482220116,-2.57472957461,9.52895768682,-7.23974926515,12.399999999999972
111,0.135319693806,-11.3696480037,0.806629153657,4.03447489979,12.399999999999972
112,0.395071396703,-0.262345252801,0.96889613679,-0.0540627928666,12.399999999999972
113,0.329497020131,0.374783121527,2.53930742324,-0.344252112788,12.399999999999972
114,0.183023128757,-0.62463885143,1.55059294288,-0.355291065205,12.399999999999972
115,0.267716751369,-6.39682293496,-1.89416090482,8.25652942538,12.399999999999972
116,5.33755804615,-0.555019350915,0.764681820637,-0.111172936967,12.399999999999972
117,0.542836655329,-1.64778442384,6.50204068373,2.80786325997,12.399999999999972
118,0.640760433716,-0.781897705108,-1.08425813943,2.53175599348,12.399999999999972
119,0.386250824141,-9.46523775329,-6.51714504137,-1.43192626379,12.399999999999972
120,0.156481772315,3.27725783181,1.05877372394,0.129554437469,12.399999999999972
121,0.81552914154,-1.41164349092,-1.77981317776,-0.212084550656,12.399999999999972
122,0.329731218058,-0.81824365039,-0.0734833519022,1.48259367724,12.399999999999972
123,0.132657218826,-1.31628301076,2.12860593443,0.130995857342,12.399999999999972
124,0.150721669866,7.90031562022,5.39234375773,9.1456071916,12.399999999999972
125,0.360970076011,-0.287488369106,0.164416296462,-1.20077050514,12.399999999999972
126,0.928596327806,0.159561413114,0.987285246488,-0.253491593403,12.399999999999972
127,0.420073791312,0.419377869876,0.467725480215,0.556847070741,12.399999999999972
128,0.273289511154,-1.28862642389,2.01729468856,0.432897622523,12.399999999999972
129,0.122532698604,-1.67604430508,0.403728953538,1.05206735068,12.399999999999972
130,0.441755168895,2.3189642208,-3.84745694114,-4.2957679282,12.399999999999972
131,0.851158179459,0.740444365794,0.320755674151,0.346958408129,12.399999999999972
132,0.541917007938,0.438805334582,1.38313482588,0.453187738667,12.399999999999972
133,0.7750791877,-0.54611080428,-0.36126848459,1.3942552268,12.399999999999972
134,0.147622128976,-1.5650102794,1.5716370072,-0.799106784664,12.399999999999972
135,1.24579833026,-1.13851752298,-0.114948878314,-2.03762407162,12.399999999999972
136,0.116405133642,-6.71778623869,-4.80263257052,6.31113879819,12.399999999999972
137,0.283337306657,-1.71001446939,0.779605574097,0.840481523475,12.399999999999972
138,0.134523687124,-0.978605965451,-0.0851212325171,-0.756668409114,12.399999999999972
139,0.887639815642,-2.14101462445,0.804751107565,1.01979367118,12.399999999999972
140,0.33349408921,-1.05916124196,1.75349398531,0.231264202762,12.399999999999972
141,0.287563951777,1.91579907108,-2.34385946162,-2.78915213753,12.399999999999972
142,0.374006914692,-0.607492523783,-0.428919611078,-1.33415804308,12.399999999999972
143,0.37651678491,-4.45186598162,-0.940849337742,-2.92327577219,12.399999999999972
144,0.184822219052,-0.785571090518,0.924830927878,-0.710527818534,12.399999999999972
145,0.179264879733,0.731719804634,1.74929221125,-0.0874047494502,12.399999999999972
146,0.120172065895,-0.554651590643,1.20093339641,-0.137152073101,12.399999999999972
147,1.32083880847,-0.769800376767,-1.12318217619,0.238038576295,12.399999999999972
148,0.187357803311,-0.014667500502,-1.71223301623,0.780289319376,12.399999999999972
149,0.279892679931,0.523392651524,-1.41137694233,-0.807327419215,12.399999999999972
150,0.242750795798,1.29150937254,-0.649011137145,-1.29185571751,12.399999999999972
151,0.205092949164,-1.90880058471,1.136953314,-0.0807957996194,12.399999999999972
152,0.121281146567,-7.18347823545,4.5550133597,-2.95227411402,12.399999999999972
153,0.672172271018,-7.10110735882,-4.17703707447,2.79885667222,12.399999999999972
154,0.459633759825,3.31617438131,1.54621101194,-4.24874612142,12.399999999999972
155,0.238643280829,-1.5775238416,-0.213536542115,-0.720417230335,12.399999999999972
156,0.108418974411,0.449592859991,-2.92521334613,-1.09674622525,12.399999999999972
157,2.52729749164,-0.486271238596,2.92684889684,-1.1201053296,12.399999999999972
158,0.15574936707,-1.81040434402,0.907130307437,-0.674328483062,12.399999999999972
159,0.886814649802,-0.248556981818,0.410362992994,-0.957912012927,12.399999999999972
160,0.141171811615,-1.56763165313,1.0934016086,-1.90439368993,12.399999999999972
161,0.197152157313,-4.73748339617,-6.13248614784,-4.90785220586,12.399999999999972
162,0.107595591573,0.881997077252,0.00171461428367,-1.04863833786,12.399999999999972
163,0.538350179386,-1.04942148944,0.303795419571,4.09512791223,12.399999999999972
164,0.124926993441,5.39242658702,-0.11949656949,-4.5698555592,12.399999999999972
165,0.240968194388,-6.39129368504,-5.44467080358,8.41002844659,12.399999999999972
166,4.1595258567,-0.701296725858,0.252678191158,-1.98347731673,12.399999999999972
167,0.119272905559,-8.83220792851,6.17777284634,-2.26368522525,12.399999999999972
168,0.147430418935,0.023760068302,0.83813224446,-0.278945395046,12.399999999999972
169,1.53537417591,-0.848040497668,0.589756423898,1.62767217302,12.399999999999972
170,0.582233148035,2.38450825431,-1.52911680053,2.76907644608,12.399999999999972
171,2.38127778204,0.0485804394594,0.13083885659,0.338333520571,12.399999999999972
172,1.36028380759,-0.822657134072,2.22469033232,0.346843122266,12.399999999999972
173,0.327645157919,-1.67255509167,0.268042944044,-0.541175649926,12.399999999999972
174,0.16455354825,5.63288311827,2.51746774422,-2.79376434541,12.399999999999972
175,0.20192942957,-1.58606673814,1.02137506835,-5.347013983,12.399999999999972
176,0.733076614515,-1.88328176194,0.195176437891,1.74348903569,12.399999999999972
177,0.211196304878,0.754469455782,0.276488923213,0.228459841712,12.399999999999972
178,0.140374311269,5.31112049731,-0.327123805047,6.76901790911,12.399999999999972
179,0.480904422811,3.42505907997,1.3181502301,-1.5353613435,12.399999999999972
180,2.08064772087,1.84111915338,0.497849089112,0.981972971873,12.399999999999972
181,0.757745602368,0.412868485338,0.807402972715,0.329687797473,12.399999999999972
182,1.77547651248,3.14759315083,1.0398178261,-10.3646108835,12.399999999999972
183,0.800165785926,-0.073326874058,-7.09678944638,-3.09700644542,12.399999999999972
184,0.30295007633,0.532192998742,1.7158107959,-1.13841241811,12.399999999999972
185,0.471872058145,1.31405661905,-0.0406276251638,0.304997943605,12.399999999999972
186,7.24713236404,-3.11280047796,2.12658766889,15.8596279292,12.399999999999972
187,0.13889806222,-1.37773503549,0.751188558096,0.145512028628,12.399999999999972
188,0.215058398366,0.610151983948,-0.0353450184714,-2.12521372832,12.399999999999972
189,0.168038426727,0.297997414785,6.27032805009,-0.174990123513,12.399999999999972
190,3.50867817811,-1.33715810131,0.109878239119,-0.225818193436,12.399999999999972
191,0.372390908994,-2.0963750981,-1.17789263558,-1.62008881383,12.399999999999972
192,4.87078470886,0.305430417621,1.04544734636,-0.467380092122,12.399999999999972
193,3.04867041399,2.6193593842,-1.94263149683,0.100712242087,12.399999999999972
194,0.13296534327,-1.73650403065,0.828471834132,1.21047272866,12.399999999999972
195,0.225831087514,-1.3633250516,1.94746200638,-1.19657018413,12.399999999999972
196,0.301474367231,0.719563530847,1.94991401007,0.72076539519,12.399999999999972
197,0.223972605283,2.3330741145,2.72741792548,1.31568625474,12.399999999999972
198,6.42738812138,0.470547586359,0.993146424141,-1.15363000191,12.399999999999972
199,0.443627617019,-1.85068769339,-2.32895418954,-2.60238456122,12.399999999999972
200,0.661461113867,0.653648089068,0.745016540369,-0.931876668624,12.399999999999972
201,0.121999621067,-0.993102121286,3.17107434322,2.3721548386,12.399999999999972
202,0.35676277975,0.0978540599574,1.11357737128,-1.50743168401,12.399999999999972
203,0.657868831415,-0.553563041899,1.83238080156,-0.923099490512,12.399999999999972
204,0.125386117144,-1.37337877114,-0.18965166328,-0.55534345416,12.399999999999972
205,0.143355824749,-0.55650355505,1.71621189774,0.0569465745858,12.399999999999972
206,0.172551465606,13.0412270825,1.65691644764,-0.279397681971,12.399999999999972
207,0.275961888737,0.640001359567,-3.54316079182,-1.50250726109,12.399999999999972
208,0.242990145172,-0.782938489361,2.04731157535,-1.2579101594,12.399999999999972
209,0.289919181419,0.0247609660778,-2.19645619468,-2.67592999648,12.399999999999972
210,0.134327484826,-3.34516161399,3.46514841429,-0.709113063362,12.399999999999972
211,0.73208478393,4.6493791769,-1.35803693329,-0.189635140544,12.399999999999972
212,0.593261251466,-5.36012906031,-1.60692463012,0.473947944707,12.399999999999972
213,0.412153496685,-5.07228064673,8.21839474341,-7.99847096222,12.399999999999972
214,0.115549877609,-2.45096580319,2.67292110315,-1.91999933894,12.399999999999972
215,0.390810917194,-0.596903766682,-0.750194644317,-3.76932135267,12.399999999999972
216,0.112322303193,6.3896881952,-5.33241403907,0.566424615432,12.399999999999972
217,0.319001090021,-1.61920490079,3.78679934396,-1.11316346831,12.399999999999972
218,0.105894787662,-10.0435053316,10.926074411,-0.201382118391,12.399999999999972
219,0.49983274345,-2.02434051234,-0.048002064396,-0.449518809756,12.399999999999972
220,0.111550759092,-1.35718093863,0.202467623141,2.59039105351,12.399999999999972
221,0.188672963542,-1.67281873626,0.649353376315,-0.539092548098,12.399999999999972
222,0.119085960537,8.7333498227,-1.56328007619,-4.12482290052,12.399999999999972
223,0.118458716873,-0.228896585471,-0.434146195451,0.709413044973,12.399999999999972
224,0.292628608545,-6.96863164884,0.668242240048,-0.388501798508,12.399999999999972
225,0.124792049087,-0.368208637258,1.18718001687,-2.04537451144,12.399999999999972
226,0.105304148125,5.17429490898,3.12974976139,-5.36499837018,12.399999999999972
227,0.384336261286,-0.701757353736,-0.413677467951,-0.261140621159,12.399999999999972
228,0.136289639575,-2.73850998811,1.49510349002,5.52634265065,12.399999999999972
229,0.155895017898,1.03080203997,2.3251027178,4.05625272953,12.399999999999972
230,0.141193288354,0.169280140264,-1.0856470535,-0.371378796673,12.399999999999972
231,0.258272817285,-3.10400953398,1.93256621777,-8.08461817871,12.399999999999972
232,0.729119652436,0.592010426711,2.09097993987,0.134405495633,12.399999999999972
233,0.401242249805,-1.52185601496,-0.384672632188,1.64858945089,12.399999999999972
234,0.406628746995,-0.187453804316,1.14476749768,1.82464867548,12.399999999999972
235,0.357149097143,-0.462889347239,0.887718091387,-0.069247196187,12.399999999999972
236,0.299246539146,0.460765652266,1.3744075069,0.427648715421,12.399999999999972
237,1.54642641558,-0.31482176201,0.895707109064,-0.198410880749,12.399999999999972
238,0.183006856109,1.01112128901,1.62988288587,1.15878735161,12.399999999999972
239,0.308757419401,5.032005241,-3.27416396038,-6.20095733175,12.399999999999972
240,0.346507707608,-0.410933508269,0.214029534707,-0.669527517683,12.399999999999972
241,0.452763857446,-0.854282061085,-0.112738635797,-0.698086698431,12.399999999999972
242,14.3738585338,0.668405478803,1.3722121088,0.660367238974,12.399999999999972
243,0.266041737214,-0.718031237304,1.66934836307,-0.383075881834,12.399999999999972
244,0.515295315307,-9.08734441307,-8.76352691961,-2.07693714662,12.399999999999972
245,1.44431818044,0.160007503285,-0.0427192663192,-1.19218669388,12.399999999999972
246,0.100222835903,-9.78979184837,20.2232594411,5.73754055919,12.399999999999972
247,0.543046646406,-6.0505261949,-3.1501479106,-1.62632247242,12.399999999999972
248,2.87812014255,0.0187984716713,-0.203818457851,-1.04226420463,12.399999999999972
249,0.119292183844,0.761421374092,0.689690965336,-0.0912807857151,12.399999999999972
250,0.371717708065,3.07753801389,-1.53735716224,-0.0656470222952,12.399999999999972
251,0.511626973577,5.73765279009,0.647004636289,-5.04816027112,12.399999999999972
252,0.141107672962,-1.81406257955,1.26934818995,4.83746020132,12.399999999999972
253,0.242443632678,0.357848932952,1.45690687557,-0.924972220626,12.399999999999972
254,0.103860199306,-4.39953629998,-0.565822404405,0.751280049673,12.399999999999972
255,3.3448304611,-0.0873455615297,0.344758619581,-1.68872403533,12.399999999999972
256,0.237711707708,-3.45650131515,2.41703441159,-2.89334804674,12.399999999999972
257,7.35021978864,2.99483200553,-0.171726795081,-2.20504595413,12.399999999999972
258,0.12361602717,-0.199346923693,3.98409559297,0.254310090028,12.399999999999972
259,0.357161717542,0.141160541923,0.609503060368,-0.953439843598,12.399999999999972
260,0.272013763244,0.807002658276,1.18481774978,-0.936281592728,12.399999999999972
261,0.109439273829,0.231109306236,2.06630608196,-0.822640166496,12.399999999999972
262,0.329794365584,-0.405741581645,1.24670057606,-0.25690479232,12.399999999999972
263,0.487252301521,-0.77001987719,0.000218933145318,1.35976509156,12.399999999999972
264,0.123560174866,-0.464033552144,-4.93492758075,-1.68362321628,12.399999999999972
265,0.180746529349,0.171360838909,2.22374917692,-0.262221996184,12.399999999999972
266,0.755763797489,0.721053021787,-0.0110367789972,-1.04025898747,12.399999999999972
267,0.16991782701,-0.390555014381,1.94062733708,1.38930202405,12.399999999999972
268,0.170246160402,5.28486149673,8.21227219179,-2.20253771484,12.399999999999972
269,0.319078769959,-2.39933295053,-3.79679327909,-0.899540501007,12.399999999999972
270,0.130385599506,1.81477039199,2.13322080559,-0.37849694974,12.399999999999972
271,0.316092903931,-0.511770653573,-1.28652411839,-1.05845753775,12.399999999999972
272,0.65823599517,-3.78600741531,-1.26471193665,-4.21164913509,12.399999999999972
273,1.89119413022,-0.846638191248,0.399882405108,-0.314365094064,12.399999999999972
274,0.100813545921,2.97189807315,2.16728392925,2.23406774424,12.399999999999972
275,0.207456779936,-1.27360647839,0.337581946271,-0.799530449432,12.399999999999972
276,0.155061174538,-0.265238172117,0.978437199413,-1.95675990239,12.399999999999972
277,0.326618515847,-0.378465593415,1.56209670484,-0.117865971757,12.399999999999972
278,0.130049332654,-0.662497233495,2.08194314112,-0.205902397843,12.399999999999972
279,0.13719873768,2.35030401566,12.1575519163,1.2237976413,12.399999999999972
280,0.230353688566,0.875352636932,-1.75613383115,0.516469194743,12.399999999999972
281,0.299304060923,-1.25984292703,4.53013441994,-7.56683512728,12.399999999999972
282,1.70829740093,3.20389032391,3.00607860083,4.15100205699,12.399999999999972
283,0.409810544441,2.70512779356,-1.13546448194,0.826390132841,12.399999999999972
284,0.244017863547,0.996465348131,0.103824996402,-1.68816832691,12.399999999999972
285,0.26830551555,-1.34210259991,-0.906373482589,0.599720763143,12.399999999999972
286,0.135584686679,0.954479108754,-0.0129133233655,-1.90564143564,12.399999999999972
287,1.08251257014,-5.38514374445,-2.32015872021,8.03831763571,12.399999999999972
288,0.148536187178,3.9322557041,-1.84867235564,0.260330977492,12.399999999999972
289,0.193557676403,4.75866713891,-2.54954399838,0.706803388952,12.399999999999972
290,0.452373769221,1.50751198488,0.0561754652152,2.1240064063,12.399999999999972
291,0.187172604099,-0.111433781036,-1.72909514559,-0.24624230392,12.399999999999972
292,0.30166976456,-0.637282489208,-2.32007536837,-9.01284108812,12.399999999999972
293,1.82762200341,0.810206344356,0.245277119427,-0.0715770861152,12.399999999999972
294,0.438689599057,4.75391522001,-3.27871146207,-5.46521055778,12.399999999999972
295,0.365655240466,5.05213800936,-2.91106792854,-2.8924600822,12.399999999999972
296,0.479463530832,-0.409928477472,0.355568326225,-0.249438432834,12.399999999999972
297,0.10598415563,-1.42241535875,-0.196514459191,-1.37815271616,12.399999999999972
298,0.849217981161,-0.506490461331,0.0293106529044,0.78385481312,12.399999999999972
299,0.161534779977,-8.89392646241,-10.0286166257,-5.33728414401,12.399999999999972
300,0.156960109402,-11.2468433111,0.564199387675,-1.1400466813,12.399999999999972
301,0.271200495256,-3.45532031959,-4.41695655582,-1.20593109018,12.399999999999972
302,0.271729885683,-1.60743149479,-4.11032541286,3.98592594162,12.399999999999972
303,0.102928157006,-1.43072758207,1.31779876668,1.88157237524,12.399999999999972
304,0.100167580054,2.189167248,0.351443426963,-2.86473749059,12.399999999999972
305,2.02249167135,-0.652777127074,1.9032892496,-0.953293136518,12.399999999999972
306,0.136697569558,0.705012915343,0.571637979012,0.18958160454,12.399999999999972
307,0.225594070379,-3.13135741359,-10.3185334854,10.288648382,12.399999999999972
308,0.131365874068,0.981836703841,-0.58720234702,-0.872285227002,12.399999999999972
309,0.127065464272,0.411119894156,-0.764120374787,0.497624487005,12.399999999999972
310,0.348406690893,4.19053040352,0.260677642468,-4.37936888675,12.399999999999972
311,0.160009869839,0.252746809204,0.0592413576231,0.212694898917,12.399999999999972
312,0.736072391574,-7.22913523021,6.24939405777,-3.15687700604,12.399999999999972
313,0.28681517711,-1.02454854601,-0.780537629156,-0.295030091839,12.399999999999972
314,0.214884984306,-0.476199864911,1.14332178419,0.398107677303,12.399999999999972
315,0.187171406182,3.98385594076,1.22420806163,15.9112659685,12.399999999999972
316,0.136174051906,3.16107584064,-0.210067487585,1.57859989474,12.399999999999972
317,1.24098017725,0.302778288989,1.83022412146,0.880210758158,12.399999999999972
318,0.393729253239,-0.255967133582,-0.391602969278,1.52471664551,12.399999999999972
319,0.299784626755,-0.536377178379,-3.79670338969,-3.92559724878,12.399999999999972
320,0.171272646918,-14.1844041165,2.88952126632,-2.68120998207,12.399999999999972
321,0.363330472441,-14.8589456432,7.02972036714,8.71096231391,12.399999999999972
322,0.438089110839,0.00120511137759,1.24315463686,-1.17962423979,12.399999999999972
323,0.169119752781,-0.0171338949936,-0.703238010976,-0.0633307124924,12.399999999999972
324,0.232753387017,-1.02085136117,0.660306035249,1.18711235653,12.399999999999972
325,0.606751756861,-1.38180207069,1.76886842001,0.135236050554,12.399999999999972
326,0.144925873092,-1.87374562395,-0.209297118959,0.552284061925,12.399999999999972
327,0.115500115834,0.82908544717,0.552558612381,-1.73889618316,12.399999999999972
328,0.200874589123,-0.435127686835,1.88439296368,-0.271232206384,12.399999999999972
329,2.80190436402,-0.348844259009,0.581635880371,-0.845785831891,12.399999999999972
330,0.293876554391,0.706540976723,1.03065385416,-0.218100098754,12.399999999999972
331,0.198644317472,-2.63784827239,-1.72459909006,9.59012835834,12.399999999999972
332,0.222469492746,-2.36286230445,-0.410659475531,-1.06232902418,12.399999999999972
333,0.111587121255,0.400560384516,1.61228223012,-0.141802546201,12.399999999999972
334,0.108801960924,-1.39911368278,1.26938536099,-0.968648247354,12.399999999999972
335,0.11244227369,0.174417702416,0.524646452569,-0.407534452544,12.399999999999972
336,0.125862981549,2.40255974998,1.8190460625,-1.67247692449,12.399999999999972
337,0.407233013559,-1.17637296239,6.94792334506,-2.6034238339,12.399999999999972
338,1.41501166806,-0.310316646405,0.434090074419,-1.17163318336,12.399999999999972
339,0.144541289851,0.679434679005,-0.156476247042,-0.71507970302,12.399999999999972
340,1.44228737533,-0.950283872609,0.982137126086,-0.142569620782,12.399999999999972
341,0.485098429687,-2.84327231234,3.68314699311,0.296772638909,12.399999999999972
342,0.107898956127,4.67216249811,1.9985652371,-1.01353812536,12.399999999999972
343,0.806182970484,5.14611420481,-3.76657667523,1.48195656456,12.399999999999972
344,0.115326838558,-3.33870646466,-1.74382107149,1.29877179337,12.399999999999972
345,0.647069410875,7.09218329638,5.3085565684,-0.44582985019,12.399999999999972
346,0.16192668971,-2.42769353622,0.186352848516,-1.63487361225,12.399999999999972
347,0.117148712444,-0.02294356207,-2.08235277171,0.183988295431,12.399999999999972
348,0.701796030226,-1.03504063897,-0.669111324558,5.8947659976,12.399999999999972
349,0.516033959534,3.33654869416,-3.56932608142,9.21120570564,12.399999999999972
350,0.301798414906,1.11309710259,1.22640109862,-1.15832833882,12.399999999999972
351,0.458615896652,11.2452372518,5.48461447727,1.58140670897,12.399999999999972
352,0.262816728266,-0.223856545422,0.263049038168,-1.24502220182,12.399999999999972
353,0.13675103924,-0.802176441405,1.59858660101,-0.938648028461,12.399999999999972
354,0.577016842607,-9.5349441662,-2.57722313497,-3.78946604509,12.399999999999972
355,0.560871849829,-5.92267000749,-5.22403752956,-2.6664065547,12.399999999999972
356,0.736106863434,2.20565738626,-2.24874826745,0.756214492169,12.399999999999972
357,0.178301998685,4.87835623786,-0.57869107759,2.03288090627,12.399999999999972
358,0.123136298258,-0.135499220948,-2.73414993958,0.0213437550597,12.399999999999972
359,0.24745167566,-1.78602329257,2.86370975158,-1.91896630266,12.399999999999972
360,0.173966916662,0.488705453805,0.528253746752,0.0351152899506,12.399999999999972
361,0.342227596314,5.09190152021,0.740757759562,-1.06355365086,12.399999999999972
362,0.109751127158,-5.64890717586,2.9819825972,5.94876832407,12.399999999999972
363,0.222097577859,-4.21742930748,1.66511778452,0.242074687622,12.399999999999972
364,5.43283978095,1.05683903612,0.810962694974,-0.272923681948,12.399999999999972
365,1.72437631933,4.5141586918,-1.3573659458,-2.8283616618,12.399999999999972
366,0.183817729685,1.12551647505,0.933720876898,-0.668261877085,12.399999999999972
367,0.527797307098,-1.57805839244,0.0951428629853,-6.55374262165,12.399999999999972
368,0.768469315993,-0.356234550779,1.76503404686,0.949366550174,12.399999999999972
369,0.581512679563,0.183721445322,-1.07588329052,-1.70667784138,12.399999999999972
370,0.991725226284,-0.170192106807,-0.167828730705,-1.33275791071,12.399999999999972
371,0.121060320077,-1.09800995268,-11.3922948262,8.11866489631,12.399999999999972
372,0.135107630375,1.64581065907,-1.14607028043,-2.66217214567,12.399999999999972
373,1.03142535872,2.38415722316,1.98270568067,-4.17908936867,12.399999999999972
374,0.307952903232,-1.30715165003,1.5230733482,0.443758344579,12.399999999999972
375,0.582384659063,-2.82871937618,1.73185313243,0.228689001555,12.399999999999972
376,0.854399567162,1.1979756351,-0.0742750504311,-1.19914619095,12.399999999999972
377,0.206161029531,-9.18977746704,-6.75632874568,-4.16217152279,12.399999999999972
378,1.49001701668,1.11077565648,1.17641580309,-1.00549086408,12.399999999999972
379,0.153141538208,0.153711538025,-0.864116710037,-0.450178177511,12.399999999999972
380,0.119228397607,-5.0983714121,4.21772877426,11.045733714,12.399999999999972
381,0.310990769874,-2.20789174576,-0.0432346217778,4.19858380045,12.399999999999972
382,0.22593540321,-3.87057949152,2.92913879841,1.48309065601,12.399999999999972
383,0.133845485753,0.363511580604,0.666548238922,-0.137344790999,12.399999999999972
384,0.158666902473,-1.3253630483,0.276410003106,-0.887185780545,12.399999999999972
385,0.353172051106,9.04224955691,-9.40578282993,2.20297604751,12.399999999999972
386,0.125689707482,0.543038739525,1.75748416931,-1.17620562522,12.399999999999972
387,1.60114777062,2.10917927629,0.902393684083,1.66242720405,12.399999999999972
388,0.641669662922,3.2195969242,-2.11694206062,-0.912727980735,12.399999999999972
389,0.234462235516,-1.04725229108,-0.196630787356,-1.11200413958,12.399999999999972
390,0.237462938884,-1.30222779276,5.41993673005,4.13439985352,12.399999999999972
391,0.138370414878,-0.249315808953,1.99664940971,-0.531394382948,12.399999999999972
392,0.237504631348,0.460164261929,1.89562289339,-1.31271123556,12.399999999999972
393,0.243214719212,1.55552871749,2.35155056972,-0.508640850406,12.399999999999972
394,0.148649953658,1.0830478901,1.7010970761,-0.552679731148,12.399999999999972
395,0.231531959872,1.907025794,0.985835498445,1.5681939747,12.399999999999972
396,0.942590393939,0.771319318404,0.876319319414,-0.29284084959,12.399999999999972
397,0.144620909002,0.695692007537,2.45049868289,0.228437999609,12.399999999999972
398,1.81222147084,4.87895640209,-7.10265451331,-0.629478451255,12.399999999999972
399,2.20777002148,7.42131859387,2.34651896036,-1.84241268236,12.399999999999972
400,0.238582996022,-13.8108310053,-5.76831001056,-2.29682283807,12.399999999999972
401,0.278333476724,1.06269262702,-2.29407922348,5.98242374302,12.399999999999972
402,0.165225261649,-1.00910786846,0.555079139721,2.30945021377,12.399999999999972
403,0.247362083989,-0.00993454048531,2.51721533882,-0.777312391867,12.399999999999972
404,0.174686325099,-0.145117605047,1.49397247007,-1.18460075053,12.399999999999972
405,0.181485736758,0.0560599404719,0.746974505495,0.140904897242,12.399999999999972
406,0.312591579734,-3.52890872293,-9.34178268848,2.0300471873,12.399999999999972
407,0.48669418023,1.69970896313,0.00294538101907,1.53060541145,12.399999999999972
408,0.443778781855,1.29959641175,2.01066538914,-0.230159796302,12.399999999999972
409,0.327160457464,9.60472133888,0.081207401679,1.0051400496,12.399999999999972
410,1.059739007,-0.671524272191,2.02169110371,-0.618269524723,12.399999999999972
411,0.999787532454,-5.08728473861,2.35803773072,9.37524312494,12.399999999999972
412,1.55880566612,-0.192342466523,-0.227985233803,-1.1405612974,12.399999999999972
413,0.204662152331,-1.46889147053,-1.76586252051,-1.49044756597,12.399999999999972
414,0.229395788381,1.93369672427,6.26348452863,-1.18004076227,12.399999999999972
415,0.742563243962,-0.469835196176,-0.601831962108,0.103613120406,12.399999999999972
416,0.307909165899,-0.218100521405,1.66585770028,-0.807300002811,12.399999999999972
417,0.470236892218,-1.18718453624,0.73210402018,0.813403874388,12.399999999999972
418,0.117510734263,-0.75657677225,0.519835941999,0.3802377468,12.399999999999972
419,0.471341792153,-1.00141118052,2.55830560602,0.162642626596,12.399999999999972
420,0.678513696518,1.27025799874,1.23983466784,0.459733088188,12.399999999999972
421,0.113100968078,-1.02024661956,-0.334685002931,0.0882037729542,12.399999999999972
422,0.371493287537,3.34857784999,1.9246779709,2.26273048568,12.399999999999972
423,0.31590735328,0.671336942698,-1.15524946358,-0.425842590633,12.399999999999972
424,1.02714979031,-0.225554080821,-0.88250960668,-1.44745874856,12.399999999999972
425,0.452974119333,0.616506867496,0.48002052936,-0.617649448691,12.399999999999972
426,0.134712589383,6.17644992959,6.16056912726,-5.2722407582,12.399999999999972
427,0.284689508083,-3.7405740021,0.941933981392,2.51009943886,12.399999999999972
428,0.137330666919,2.99591405836,0.835363562712,-0.868377700831,12.399999999999972
429,0.52478366384,1.16851985725,-0.249182287401,-4.75089446818,12.399999999999972
430,0.518468832798,-0.387859622296,1.59023479304,1.17173042351,12.399999999999972
431,0.485675166755,0.293438632546,1.40825993285,0.189382466873,12.399999999999972
432,0.160196127471,-2.88455972919,4.9923421249,8.53910987324,12.399999999999972
433,0.169708521842,-1.10868398301,0.775330932224,-1.37117593176,12.399999999999972
434,0.704094794093,7.0295483919,7.46687783044,-1.2984179488,12.399999999999972
435,0.336498649976,-2.94392795922,-5.09434206754,-1.47567168515,12.399999999999972
436,0.52837885377,-1.368568734,1.50963312117,-1.09905824564,12.399999999999972
437,0.108427766775,-0.790908012035,4.12655334709,-5.96800275186,12.399999999999972
438,0.236285222033,2.93789264314,-1.77218444802,9.42485998196,12.399999999999972
439,13.1375557381,3.36033000476,-0.575791405845,-1.3825256417,12.399999999999972
440,0.275869036791,-1.9672820126,1.21477334548,-3.14723521213,12.399999999999972
441,0.600169588174,-2.40031300073,-9.16882780714,-4.94394156075,12.399999999999972
442,0.793077364356,-0.793408645595,-1.07654843331,-0.68229442106,12.399999999999972
443,0.536562463502,0.889974604115,0.775418110159,-0.5053470001,12.399999999999972
444,0.47498830485,-0.946401967656,-0.163806615406,-1.90592744476,12.399999999999972
445,0.443361586802,0.298586609008,0.614897854851,0.0334627699159,12.399999999999972
446,0.776000387634,0.962440438045,-15.1784815242,6.17412940678,12.399999999999972
447,0.24284928991,-1.55620956934,1.09943427503,0.685821485931,12.399999999999972
448,0.130443945438,-3.925472015,-1.68344549658,11.0410790792,12.399999999999972
449,0.370811666878,1.00575106321,1.36607268874,-0.737374670119,12.399999999999972
450,0.433454314328,4.74063973886,-0.573563537995,-2.47338888702,12.399999999999972
451,0.17222314361,-1.56824404384,1.30055588418,1.45392003006,12.399999999999972
452,0.21135449603,1.38918983221,4.62228920088,17.785450184,12.399999999999972
453,0.547634998276,0.765946118067,-1.42935768356,0.270010292542,12.399999999999972
454,0.433857047756,4.84090992811,-0.0516016241858,-6.59733116601,12.399999999999972
455,0.275467080444,-1.88195553322,0.74515593015,0.962819553704,12.399999999999972
456,0.238122247736,0.233917811309,-0.433726196885,1.04733539605,12.399999999999972
457,0.349935968495,-1.28413648551,0.568144746659,1.67852577649,12.399999999999972
458,0.504884497901,-0.121178822396,2.25341943057,0.513585455852,12.399999999999972
459,0.520062119438,-0.502184634433,0.153526143682,-0.288284928824,12.399999999999972
460,0.101601560286,0.327950852429,2.96857945836,-1.4792577902,12.399999999999972
461,0.459551998903,-16.7247439624,-4.70116702966,-1.48752565277,12.399999999999972
462,0.847697722009,-0.440448799391,1.70685254314,1.68189347056,12.399999999999972
463,0.204743709576,-5.15028368764,-1.72790389949,-8.44594265698,12.399999999999972
464,0.182909093471,1.40008098262,-0.53423795532,-0.0844914485391,12.399999999999972
465,0.39433301141,-1.05316621517,0.750082177563,6.62390997688,12.399999999999972
466,0.157348018986,-0.804966028542,0.906215727703,2.03239639563,12.399999999999972
467,0.155634957564,-5.23293883105,2.01550882031,3.36031482663,12.399999999999972
468,2.71385691443,-2.65790726549,0.820548865676,-0.246974314286,12.399999999999972
469,0.23503706397,-3.5331943737,-9.38866698141,-2.33255612281,12.399999999999972
470,3.2141526502,0.329113465016,3.66318990093,4.24093060512,12.399999999999972
471,0.597756941041,-0.61631869522,-0.824257827166,-0.123209657339,12.399999999999972
472,0.238515615066,0.254138165219,-0.965592412901,-0.487180571467,12.399999999999972
473,0.135568224157,-0.90009046315,0.613309622926,-0.860688865514,12.399999999999972
474,0.125236726356,-0.274115082577,1.08103092729,-0.0601829316502,12.399999999999972
475,3.49749862312,1.02030963664,-0.697083903503,-0.118169565691,12.399999999999972
476,0.173591579314,1.3954262342,-0.669749279477,-3.12179450374,12.399999999999972
477,0.367555324445,-0.181504788326,-0.101682167903,1.57780889296,12.399999999999972
478,0.504415959424,-12.1140883672,0.633395287756,-1.56523439414,12.399999999999972
479,0.32158383512,-0.958867671856,-0.842578854259,0.0759981783663,12.399999999999972
480,1.75074563915,0.266886849965,0.836932141989,-0.292358274764,12.399999999999972
481,0.717505796022,-0.963063849888,-0.196743693831,0.433972093252,12.399999999999972
482,0.664247453496,-2.2582805315,1.88278848096,0.277363489726,12.399999999999972
483,3.67233772706,0.507847603008,-3.4185706572,-4.82727949862,12.399999999999972
484,0.151036295208,2.27530660806,-3.89218620186,-2.07296185883,12.399999999999972
485,0.671874004578,-0.11396027489,0.0294740340509,0.755939085678,12.399999999999972
486,0.133925330383,-1.95090952113,1.27338499475,0.256772671529,12.399999999999972
487,0.584558042174,0.815266820243,2.17946464891,-0.302683542588,12.399999999999972
488,0.111014553928,-10.0621286136,-3.59353204232,-1.43307141901,12.399999999999972
489,0.223566946186,1.10810322909,1.98101021584,0.212149850351,12.399999999999972
490,3.52595253756,-4.81930032826,6.01754595311,-0.202691418616,12.399999999999972
491,0.112743046913,-0.4718891692,-0.798713356282,-0.0402710060195,12.399999999999972
492,0.301456252606,-1.06279897212,-0.349305999969,-0.544900059127,12.399999999999972
493,0.123794243618,-2.69867119267,-1.80050428166,-0.0153035150336,12.399999999999972
494,0.54653683403,0.329226709949,0.328135746596,2.45438319152,12.399999999999972
495,0.481630619889,-0.978409447643,2.24655874244,-0.942997548599,12.399999999999972
496,0.291300637015,1.88225663168,0.447609913151,1.76550164019,12.399999999999972
497,3.31490829197,0.563249815872,0.993455997006,-0.345577914213,12.399999999999972
498,0.213479575666,-6.62552034681,3.7809979537,0.675869653181,12.399999999999972
499,0.696818511912,0.187434137704,0.342113293461,-1.37762072262,12.399999999999972
500,1.3161998881,-0.827255372506,0.118954248271,0.0409063125547,12.399999999999972
501,0.150766488535,2.33340180125,-1.53567097176,2.62270735865,12.399999999999972
502,0.270037893541,6.43796146968,-1.0222590888,-2.45683293749,12.399999999999972
503,0.374487904623,-0.0062842529908,0.584564842906,0.106766509338,12.399999999999972
504,0.282826760603,-0.766532984263,1.04718350026,-0.167513782945,12.399999999999972
505,0.16482985109,-0.0303220332745,0.96267127765,-0.0369767905779,12.399999999999972
506,0.134787991295,0.308395021816,1.03648481401,0.216880822577,12.399999999999972
507,0.366314190755,-0.852849390745,2.06831016905,0.202629334535,12.399999999999972
508,0.428437173701,1.20215640743,-0.226691702956,-3.84827151574,12.399999999999972
509,0.129810411233,-1.68907407444,2.64445511374,-0.66120903694,12.399999999999972
510,0.46094160166,2.13681593043,4.29810307579,1.930295021,12.399999999999972
511,0.104103222549,-7.06671828089,0.856736891068,-1.71605124438,12.399999999999972
512,3.53267649614,5.15418309552,0.52123972346,-5.12418590774,12.399999999999972
513,0.171768395675,4.00048209043,3.0507279255,-6.55796745628,12.399999999999972
514,0.456216930731,0.719065134758,1.04431084551,-2.10924355449,12.399999999999972
515,0.121930780225,-4.12229634799,3.40858733458,2.84807775122,12.399999999999972
516,0.299945354385,-11.7062838006,5.22718195306,-7.95155794242,12.399999999999972
517,0.169311331411,-4.74058197173,3.87384093998,-2.17508440349,12.399999999999972
518,0.159022304531,0.419572171434,-2.43910207547,-2.82132321693,12.399999999999972
519,0.460104326754,-1.37009425403,0.711797118839,-1.15220945088,12.399999999999972
520,0.8722621401,-0.55625466442,1.4588349888,3.60176615695,12.399999999999972
521,0.184596354735,0.964624926256,0.632364420009,-0.400122560594,12.399999999999972
522,0.78991951383,-1.99911184577,-1.19101800617,0.947900040966,12.399999999999972
523,0.194090723555,0.622396423433,1.44573085527,0.0362319979375,12.399999999999972
524,1.85891603226,0.207378264797,2.24026653417,-0.182247680697,12.399999999999972
525,1.66985648698,0.250949842617,0.556868412946,0.35812254588,12.399999999999972
526,0.284540200444,-2.82444653107,1.26088399369,0.683473143345,12.399999999999972
527,0.242916300034,-0.561386851363,-0.350429205384,0.278863286271,12.399999999999972
528,0.12182174685,-1.59266198083,0.470136508273,-0.516756438308,12.399999999999972
529,2.59235897693,5.98089182947,-7.59693182285,-1.8816625444,12.399999999999972
530,1.44228667655,-0.982967954062,0.221387276604,0.964070022493,12.399999999999972
531,0.543027718542,0.779074374804,0.319865491355,-0.456950941788,12.399999999999972
532,0.679162060828,-0.752928803645,0.603190721841,-1.6267729064,12.399999999999972
533,0.302198570636,1.64094682968,-0.230269286627,-3.37606725694,12.399999999999972
534,0.135342743682,1.26844123729,15.4997921057,1.53247745218,12.399999999999972
535,0.263077875024,-0.97322051357,-4.14703750735,-0.519521800329,12.399999999999972
536,0.291669756835,1.02702634452,3.190067908,3.64130971208,12.399999999999972
537,0.133845215159,6.33956557923,-0.411506376139,-1.38746303371,12.399999999999972
538,1.18981393251,-1.23336875228,0.708749608161,1.30377424572,12.399999999999972
539,0.229730755366,-0.210571163901,1.61251709263,0.132602082435,12.399999999999972
540,0.410255611415,-0.445045554594,0.0645227146826,0.10796040444,12.399999999999972
541,0.160155438773,0.787282639551,3.44040552804,4.22401325008,12.399999999999972
542,0.107624217483,-1.94217124429,-1.39741182968,-0.93081359078,12.399999999999972
543,0.622445449735,0.230965683959,-0.646499455443,-2.66158874299,12.399999999999972
544,0.261754168816,-0.525288321213,2.05506779113,-0.310255255322,12.399999999999972
545,0.337021009056,-2.10368838132,1.9089057286,1.92952102245,12.399999999999972
546,0.108119445523,-0.377214154355,0.559347247644,0.205119622526,12.399999999999972
547,0.166011959007,4.48476975256,2.71143809832,-13.3404002642,12.399999999999972
548,0.32827316813,0.0907227610401,0.10434058541,-0.63877654049,12.399999999999972
549,0.78925093686,1.41546224501,2.61900969069,0.192747043209,12.399999999999972
550,1.61900330199,-12.0997322533,-4.00769318942,-5.91593986168,12.399999999999972
551,0.608183068954,1.08880758233,0.561726392907,0.169446783987,12.399999999999972
552,0.101768723472,-4.03083441077,-2.73071168084,8.68135622095,12.399999999999972
553,0.303406243343,0.354044666834,0.446909220579,0.809776640792,12.399999999999972
554,0.624687707856,1.25361017975,-7.68371211584,1.8084612236,12.399999999999972
555,1.91132599426,4.84845523502,2.28528014126,-19.7003898555,12.399999999999972
556,0.108378617189,2.42716126347,-7.16375933122,3.80627124845,12.399999999999972
557,0.158908563175,-0.635583592662,-0.903774491179,-2.80183048237,12.399999999999972
558,0.166309604703,-1.63424303261,1.35986644946,-1.73048413094,12.399999999999972
559,0.337445451256,-0.186594729951,2.57142920308,-1.15562870664,12.399999999999972
560,0.149451730764,-4.84049561192,6.35892488964,2.4312173535,12.399999999999972
561,0.435379288618,0.0983203281959,-0.220535967381,-0.386934088757,12.399999999999972
562,0.498734929152,-0.587712160101,2.62324149991,-8.01154617281,12.399999999999972
563,0.194692109806,9.24325697869,5.88804048307,2.56344463489,12.399999999999972
564,0.96354887344,-0.00145671452014,0.588237524474,-1.01665654536,12.399999999999972
565,0.231046498718,1.16300188789,0.519251845866,0.936871505915,12.399999999999972
566,0.233263480176,0.493924618037,-0.52968482401,1.38518595261,12.399999999999972
567,0.565049082887,1.01779390916,1.56391390751,-1.43624851587,12.399999999999972
568,0.18848125452,-0.591033130848,0.257992706634,-2.09022524292,12.399999999999972
569,0.162977022982,-0.142954443346,2.09544004919,0.698122055458,12.399999999999972
570,0.400474189224,-6.35693547596,8.55540865545,-1.25739417901,12.399999999999972
571,0.318059755497,-1.64134825104,-1.0701414529,-1.01633872929,12.399999999999972
572,0.183237681808,-1.17495622068,0.250397092925,-1.99450923227,12.399999999999972
573,0.155597590243,1.18611249758,-1.70736250836,0.577387813318,12.399999999999972
574,0.124373395244,3.12733663766,-0.436883718676,-2.54640486512,12.399999999999972
575,0.156726861422,-0.0619367299877,2.24136167299,-0.508219979227,12.399999999999972
576,1.22478466741,11.068708723,-10.1686322391,-1.78446399716,12.399999999999972
577,0.571440689235,2.10915334541,2.95296497706,-0.907284788513,12.399999999999972
578,0.641209433759,3.27426230343,-3.39355109486,2.89440682764,12.399999999999972
579,0.983968814539,-0.478121368955,1.24175807749,-1.48995080595,12.399999999999972
580,0.546409263698,3.30086368368,4.36546142415,-3.1888612755,12.399999999999972
581,0.353356730914,-2.43479221606,10.5822030254,-0.709658045554,12.399999999999972
582,0.191823644166,0.68918815729,1.91225262032,-0.898457827931,12.399999999999972
583,0.164543657332,-0.0119290310436,0.391912388361,-0.469354256956,12.399999999999972
584,0.137627769466,8.8107876399,-0.320413960887,-8.3191793797,12.399999999999972
585,0.146673607195,-1.98275859524,-0.604851406901,0.050699441435,12.399999999999972
586,0.206555548708,-1.68060399007,-1.95248391457,0.534355362186,12.399999999999972
587,0.204529495229,11.074799348,4.06258506691,-0.567818109742,12.399999999999972
588,0.132291021987,-1.16388856766,2.17402139291,-1.5303179334,12.399999999999972
589,0.206839868452,2.13296745313,-7.40307071245,6.43614056411,12.399999999999972
590,2.71295673056,0.67160185311,0.916150071407,0.119387788793,12.399999999999972
591,0.426392810405,-6.35097501469,-3.01586664119,-3.68313676805,12.399999999999972
592,0.101348089425,4.23326509373,6.29472728555,4.37792433956,12.399999999999972
593,0.257469223595,0.362805447023,-0.245113631591,1.53320431781,12.399999999999972
594,0.607255033595,-5.41710882448,-8.15211914007,2.96290780285,12.399999999999972
595,0.117771890459,-0.49926838517,2.37195178003,0.354566719623,12.399999999999972
596,0.59021680221,-0.978751329655,1.28712220074,-1.09255784519,12.399999999999972
597,0.165428463238,3.5101548856,-10.150218989,-2.22472571892,12.399999999999972
598,7.0292015446,-1.64363174713,-1.92194028266,7.70606741352,12.399999999999972
599,0.494211222865,-0.882821640375,-0.172503356802,0.171557754499,12.399999999999972
600,0.134979142355,0.104372425257,2.07007121205,-0.188127765174,12.399999999999972
601,0.116885739431,-0.769975179418,0.937544479659,0.183630100156,12.399999999999972
602,0.27778152806,0.489385706449,0.416962855664,-0.37274298042,12.399999999999972
603,0.200567530134,0.497592112043,0.520049870732,-1.35096065622,12.399999999999972
604,0.236827186991,-1.64118297779,1.53704250758,-0.387447404062,12.399999999999972
605,0.257300247872,-0.530865183965,0.205193416802,-0.920766043621,12.399999999999972
606,0.663459835175,3.89860737332,-0.483103500497,1.53110036867,12.399999999999972
607,0.905201826507,-0.680703199279,-4.0144544383,-0.783396848044,12.399999999999972
608,0.371768632782,12.2654471657,-5.73615815693,2.43355318734,12.399999999999972
609,0.228869875815,-5.19581929727,7.10957427004,-0.150294177729,12.399999999999972
610,0.522140519,-6.79685055225,0.276146665799,-1.6983682501,12.399999999999972
611,0.148087698653,2.81504360067,-5.22745951227,2.5127294188,12.399999999999972
612,0.327501364302,-4.20482584108,0.232611874219,18.9709898489,12.399999999999972
613,0.108252509125,-5.62131140056,4.58055816369,-2.16130289178,12.399999999999972
614,0.394043193851,-0.333060141058,0.938709931717,-1.73354602612,12.399999999999972
615,3.25667725712,-0.0936662916309,0.270188451304,-0.147517564042,12.399999999999972
616,0.213400979117,2.75112292041,-3.7931786899,2.20734487181,12.399999999999972
617,0.133006141566,-1.97174273867,0.565147712023,-0.882343484457,12.399999999999972
618,0.194256264669,6.47976220835,0.405454721968,-6.34773529532,12.399999999999972
619,0.186302452038,-1.94310771917,2.7199953842,-3.33070027542,12.399999999999972
620,0.15711099118,-0.590751926124,2.32087047218,-2.79695204735,12.399999999999972
621,0.120733414541,-0.442801729154,0.13069935036,-2.1707694696,12.399999999999972
622,1.15241752791,-0.311379678593,-1.48725488937,0.448408563546,12.399999999999972
623,0.136341145666,1.07340762498,0.771308757247,-1.14995718608,12.399999999999972
624,0.150286596483,-1.24044825016,0.877482236042,0.867937293699,12.399999999999972
625,0.200870505332,0.389429354008,0.142522883382,-1.47170315565,12.399999999999972
626,0.189384196186,-0.809592995607,1.55082887327,-0.310967070099,12.399999999999972
627,0.100247938397,2.91232660902,-0.123255501377,-3.80533717607,12.399999999999972
628,0.361660230718,-0.475814294503,0.782054911899,0.999808612883,12.399999999999972
629,0.207983858874,0.612591999193,0.609381417731,0.460335020236,12.399999999999972
630,0.319379350461,-9.51833559382,-2.00275623512,-2.56934722908,12.399999999999972
631,0.171056887527,2.5011177055,14.8050819924,-8.84977016309,12.399999999999972
632,0.294321517153,-0.258635123787,-0.789481033391,1.39058549008,12.399999999999972
633,0.396114952263,-2.74630327189,7.49788949373,-6.56641305722,12.399999999999972
634,0.29216297787,11.0899596027,2.8201794279,-1.23637221996,12.399999999999972
635,1.89501918073,-0.746606735426,0.624610470822,1.42089791965,12.399999999999972
636,0.157642734353,2.29606795602,0.226294671842,-1.96697456534,12.399999999999972
637,0.898018592618,0.388223216498,0.187312427181,-1.55080920282,12.399999999999972
638,0.403323958151,1.48283668015,0.385707563907,-1.7948164503,12.399999999999972
639,0.388936015814,-6.56066526567,2.66633441895,-2.81186148736,12.399999999999972
640,0.100465731199,2.09847223103,-0.719371971554,1.94526969063,12.399999999999972
641,0.197283813237,0.146291250851,1.10122429978,-2.36448809216,12.399999999999972
642,0.282698674008,-1.47569165565,1.05060659907,-0.540389820365,12.399999999999972
643,0.141764328685,-1.83415304962,-0.423650975597,-0.922894487146,12.399999999999972
644,0.808110275949,-0.743415356432,-0.0547014097256,-2.14725320568,12.399999999999972
645,0.136500247305,1.85637690038,2.18812729963,-2.85663273166,12.399999999999972
646,0.100970927531,0.0180092627521,1.28586555749,-0.972529791568,12.399999999999972
647,0.373228276713,0.0575167180459,-1.68234029428,-0.163408747566,12.399999999999972
648,0.119844715984,1.29668074064,0.639898149528,4.41377602642,12.399999999999972
649,0.143890624369,1.06462787313,3.4574859432,1.00330903101,12.399999999999972
650,0.210843368142,-0.329174540065,2.09281028948,-0.181666965032,12.399999999999972
651,0.263258237511,-1.12967995225,-0.511262009657,-0.0922176580677,12.399999999999972
652,0.877544767794,-0.818642509299,-0.667258322733,-0.816820594322,12.399999999999972
653,1.2358594719,0.752267674044,0.341804411,0.512203477611,12.399999999999972
654,0.273364081391,-0.618510355238,2.60720805874,-1.71514983498,12.399999999999972
655,0.371428393258,-1.46219263409,-0.544706161831,-0.820630718414,12.399999999999972
656,0.116745785454,-0.955583731122,0.636901821991,1.05110152528,12.399999999999972
657,0.162552191551,0.758838164102,4.39297674529,-2.23395978653,12.399999999999972
658,1.7744778358,-1.45913876561,2.42442499714,-3.24310025569,12.399999999999972
659,0.309062719651,-3.52106810205,0.198919334424,-2.1380407131,12.399999999999972
660,0.653882037586,-1.0888666724,0.262484570155,-0.54505415888,12.399999999999972
661,0.11082497554,-0.251035702498,-5.03025898677,-4.37465912627,12.399999999999972
662,0.5438159511,0.412096104247,0.401539354476,-0.947925032507,12.399999999999972
663,1.02120139711,0.689802323911,1.40384676592,3.72908683785,12.399999999999972
664,0.150908036924,-1.68025158731,1.31099323442,1.07176790735,12.399999999999972
665,0.761495719372,-0.979206527975,1.13647436304,1.71925116683,12.399999999999972
666,0.36077767743,0.138423379729,1.87568446886,-0.463741302994,12.399999999999972
667,0.217521380427,-4.77212168447,0.862872354717,-4.62438468665,12.399999999999972
668,10.8257293416,0.0163910894473,1.74856615382,-1.40222296781,12.399999999999972
669,0.176502617009,-3.34686060571,-3.2064989577,11.1195318644,12.399999999999972
670,0.108898662968,0.059385074435,0.678171580475,-1.47116070044,12.399999999999972
671,0.15870320499,-2.09751586405,0.534251214301,0.363556505798,12.399999999999972
672,3.05975991273,-0.105694161983,-0.347671243147,-1.00815057071,12.399999999999972
673,0.334823918965,-0.012559102892,0.185401851427,-0.976575241377,12.399999999999972
674,3.68225166248,-1.65457674717,-0.449342348943,-1.06119751095,12.399999999999972
675,0.734452804376,-1.25981867683,0.923378358143,1.38872459755,12.399999999999972
676,0.338691457847,-4.29135181841,-11.726544303,-5.71875968266,12.399999999999972
677,0.181147866517,2.16283233844,-0.794569177418,3.84725448957,12.399999999999972
678,0.17848908022,-1.14835736978,0.780310339115,-0.90104292201,12.399999999999972
679,0.485666687883,-2.00013166156,2.15457513729,0.704777500726,12.399999999999972
680,0.12192095728,0.677198881339,0.99788515209,-0.136799231725,12.399999999999972
681,0.125690525554,0.193803189198,1.24193666415,-2.08660554298,12.399999999999972
682,0.124268749014,2.63471159614,2.66894908986,-6.78751928202,12.399999999999972
683,0.112587955262,0.225370255569,0.503949008479,-0.274046381445,12.399999999999972
684,0.580794874845,-9.54917392022,-0.785808120203,7.48812321442,12.399999999999972
685,0.144355576283,-0.959453676495,1.86770946315,-1.14332924714,12.399999999999972
686,0.371792120248,-1.51720039167,-1.60043325943,0.327020134061,12.399999999999972
687,0.11825876671,4.31735122985,2.02211375782,0.51117048609,12.399999999999972
688,1.00558438235,9.85465721505,-11.3567492083,-2.95848483082,12.399999999999972
689,0.314772860061,-2.19157140142,3.27730991237,-0.594009917368,12.399999999999972
690,1.02878750052,-1.23619214376,1.73720571952,-1.30189362157,12.399999999999972
691,0.910541896128,0.719631320754,-0.139053614267,-1.92581068063,12.399999999999972
692,0.72216082766,-0.145713409448,0.538239218385,0.108875405459,12.399999999999972
693,0.250286749185,0.118248228601,0.044003270405,3.56978387414,12.399999999999972
694,0.188408388903,1.2692476106,1.87892268245,-0.736218317372,12.399999999999972
695,1.10300552156,1.03693674727,1.95574627357,0.867210930846,12.399999999999972
696,0.202286190347,-10.0935535757,1.39160143849,10.2232091934,12.399999999999972
697,0.13121323855,0.652565264602,-0.467927843991,-1.49390844261,12.399999999999972
698,0.220914471976,-0.800598167634,0.26703153599,1.17860201415,12.399999999999972
699,0.508901949076,-0.762836718594,2.62024141495,-0.766621438319,12.399999999999972
700,0.137007813095,1.01436481752,1.32337086377,-0.795680948346,12.399999999999972
701,0.176158328771,-0.83508045205,0.110841073441,-0.671626258477,12.399999999999972
702,1.03372696791,-2.87258484039,-10.7894760826,8.90514105888,12.399999999999972
703,0.397000701131,2.20433454278,0.0994794361817,1.89845780152,12.399999999999972
704,0.201249681448,1.98559931009,10.6085345962,-7.47393187389,12.399999999999972
705,0.127829847248,-2.51810076986,11.4387411315,-5.16228573956,12.399999999999972
706,0.179007331916,2.91119297006,0.800632247778,5.90578448368,12.399999999999972
707,0.55650307723,8.18970783207,-4.02487137736,3.32947747799,12.399999999999972
708,0.644086766622,-2.94942991653,0.601939154989,1.31361019515,12.399999999999972
709,0.17847834078,-0.986987669337,1.4218538606,-1.06351058115,12.399999999999972
710,0.166046934297,-0.846156850688,-0.167694812137,-0.622878026507,12.399999999999972
711,1.26091273657,-2.16611965229,1.06877742425,1.01091028706,12.399999999999972
712,0.645483922793,-0.662315188234,0.553190659386,0.89543170592,12.399999999999972
713,2.46503102016,-1.47702916638,4.92215463943,6.30428697349,12.399999999999972
714,0.178166911962,1.45829789089,-0.552831030333,-0.861535885031,12.399999999999972
715,1.17722066186,0.938211660959,1.24024130554,1.13976053101,12.399999999999972
716,0.163505152275,-2.29386124484,7.68939187277,8.93373177664,12.399999999999972
717,0.10785923554,6.60495628267,5.91401443812,0.923087365873,12.399999999999972
718,0.100061426655,1.10522012155,2.33300445169,1.16995941934,12.399999999999972
719,0.17743162949,11.6201917793,-3.03163697045,-10.6021986141,12.399999999999972
720,0.355291937257,-0.106809362812,1.80677597225,-0.981483596645,12.399999999999972
721,2.00380037079,9.6051630294,-0.77148129928,2.35890801158,12.399999999999972
722,0.138347444019,-1.6792426779,0.122436903214,0.225576681372,12.399999999999972
723,0.110677187621,-0.097959828891,0.676219268438,0.476538427323,12.399999999999972
724,0.185238000592,-1.52109236252,-2.63019597148,4.70090505859,12.399999999999972
725,0.166230005144,1.2736293078,-1.08464347595,0.636974672127,12.399999999999972
726,2.20141712127,0.517129681723,0.764664154983,-0.492874949091,12.399999999999972
727,0.10997023319,2.27565872088,-1.09897736049,-3.98951005804,12.399999999999972
728,0.309966273688,-0.294760916179,-0.110375743929,0.946429194228,12.399999999999972
729,1.27389118901,-0.0432917585004,0.522235191291,-0.776675293158,12.399999999999972
730,3.55022918431,-12.0584144087,1.57211882147,-10.1907037216,12.399999999999972
731,0.613931750943,5.3583761335,3.75889309694,-0.155209724101,12.399999999999972
732,0.200433883315,-1.04634398537,-1.0927820896,0.228242249738,12.399999999999972
733,0.363497160813,-1.17415887387,2.5569321735,-0.150459704763,12.399999999999972
734,0.320315551762,6.2929154543,-2.93733102124,-6.92251360028,12.399999999999972
735,1.66406963343,3.08845454433,-3.07764372782,0.454857334512,12.399999999999972
736,0.765074452793,-3.11623401729,1.5718126413,-3.7773005145,12.399999999999972
737,0.196897062769,2.01338649497,0.878870407743,0.0433495459097,12.399999999999972
738,0.1787461647,0.925405127878,-0.283235060194,-1.41349541834,12.399999999999972
739,0.984804847492,-0.980700485436,2.48799727663,-1.01788859779,12.399999999999972
740,0.203687306619,-1.03309806234,0.163760628167,-0.969595170959,12.399999999999972
741,0.317259470229,-1.39851272549,3.359190138,0.0398640346757,12.399999999999972
742,0.427007011968,-0.021730024982,-1.00949287125,1.67557359449,12.399999999999972
743,0.44176870162,-0.478738834274,0.0852158445069,-1.69325203425,12.399999999999972
744,0.132649998911,0.490598432636,0.249254252893,1.10243279787,12.399999999999972
745,0.703487964121,-0.407067855847,1.43236760381,-1.8257481997,12.399999999999972
746,0.206410330043,-0.183390626295,0.635647009011,-0.871159589964,12.399999999999972
747,0.591731200838,-0.658896790824,0.441690070294,-0.244540821713,12.399999999999972
748,0.190276217316,-7.28707040294,0.768150212909,0.666146711136,12.399999999999972
749,0.145022701149,4.98152460252,-1.8935167129,-0.301779421581,12.399999999999972
750,0.200446390264,-3.52440687902,-4.66771543299,-0.0269269974891,12.399999999999972
751,0.11218428553,7.12560896126,3.93949848083,2.92852904875,12.399999999999972
752,0.238595127606,1.18431520267,6.43483552736,4.97783694735,12.399999999999972
753,0.102792448312,0.587034259621,-6.62686409548,-1.2879986419,12.399999999999972
754,0.277955682206,0.327727030972,1.64683303422,-1.21317386499,12.399999999999972
755,0.382921553421,-0.613573745105,0.386219999839,-0.997235999719,12.399999999999972
756,0.49750509802,-1.84285740825,0.867418965875,0.838946275841,12.399999999999972
757,0.22470728039,-0.247417148703,0.855888822555,-0.476299659003,12.399999999999972
758,0.295227293548,4.03212161628,3.98276780719,-0.885543558165,12.399999999999972
759,0.147154853741,-0.450085467619,-0.346472291379,-0.995678447682,12.399999999999972
760,0.280362410586,-6.56150864593,2.43341818912,-0.123791223005,12.399999999999972
761,0.323728396435,-0.106837179954,0.249646626814,0.665645932215,12.399999999999972
762,0.109149717271,0.178788553709,0.538260620248,0.0283310734032,12.399999999999972
763,0.586494022182,-1.01358360935,1.20962313212,0.996242025836,12.399999999999972
764,0.283552727758,-0.629001692138,-0.324547656879,2.59985870726,12.399999999999972
765,0.249996912631,-1.25602653676,0.994493449182,0.662868905033,12.399999999999972
766,0.632149074078,0.0783699611294,-0.511960272856,-0.0524941531505,12.399999999999972
767,0.17597495461,-0.164773759715,-0.0162658356476,0.455228950399,12.399999999999972
768,0.464066233655,3.3476515654,-0.739661504917,-1.68244859763,12.399999999999972
769,0.65862646729,0.567697674821,2.42753640381,-1.06143489607,12.399999999999972
770,0.373462328494,-1.87553822849,-0.298608607755,-1.43221043906,12.399999999999972
771,0.147361148232,-0.516168985329,1.09485448198,0.285674351838,12.399999999999972
772,0.478974618194,2.09679861295,2.22341430299,-0.408926919774,12.399999999999972
773,0.26421857481,0.83274419452,-1.61612416993,-7.96604469248,12.399999999999972
774,0.214985687072,-1.31078153783,-0.0538690998397,-0.0444515042159,12.399999999999972
775,0.184392937109,0.317376112791,-1.00603103878,-0.286283992637,12.399999999999972
776,0.379244648347,-0.441885521947,-4.77161413136,-3.4831974442,12.399999999999972
777,0.278167438185,1.51909355933,4.38022210486,3.30618952546,12.399999999999972
778,1.86819450795,-1.5491287098,1.36718897214,-1.40281839585,12.399999999999972
779,0.114931365661,-0.864312177434,0.587993780216,-1.33688020783,12.399999999999972
780,0.859443132037,-1.27699049624,4.24524335005,0.0162193936,12.399999999999972
781,0.191763498214,1.75530609452,0.451014115159,2.42252682474,12.399999999999972
782,0.20073839924,-6.57620710283,5.542525315,2.09446268547,12.399999999999972
783,0.429154040055,1.6209503156,0.206983643592,-1.71960709654,12.399999999999972
784,0.819993365752,7.43754554109,-0.908894978078,7.35023990487,12.399999999999972
785,0.126900779256,-0.266329845468,0.398747822108,-1.32789109592,12.399999999999972
786,0.756177483216,-0.00516199722778,1.46116134968,-1.44130189937,12.399999999999972
787,0.14270334178,2.55246855144,0.0459992889446,-4.03060579372,12.399999999999972
788,1.67322266914,0.540354955849,0.744619707252,-0.599396198391,12.399999999999972
789,1.50464616032,-1.82888334868,-0.630913879013,0.650250718674,12.399999999999972
790,0.382871459437,0.476751161448,1.3518766046,-2.14416343711,12.399999999999972
791,0.622300393759,0.382587437551,-0.101432973056,-1.54612259198,12.399999999999972
792,0.104616898437,2.6342637865,-1.07723310952,-4.67523949087,12.399999999999972
793,0.385014706604,4.52943441846,9.3246793373,0.159017863168,12.399999999999972
794,0.22587107205,-0.44307112121,4.63516305366,-5.52836458212,12.399999999999972
795,0.708639740997,-8.81785209645,-4.63679305012,10.0786928348,12.399999999999972
796,0.532763400656,0.558864534812,-1.12333932361,-0.547758534409,12.399999999999972
797,0.10802284921,3.33477977666,-0.507690146744,-1.34017620608,12.399999999999972
798,0.436859843303,-2.61609775797,-0.229046319689,-5.68600939663,12.399999999999972
799,0.174783819138,0.399203856252,-0.5758246593,1.89248146015,12.399999999999972
800,0.563456015715,-1.39385256516,3.888857577,-0.966106609331,12.399999999999972
801,0.269879299339,-1.00399537592,1.11324839963,1.73744587019,12.399999999999972
802,0.181271361904,-4.2472659961,-2.78563413854,5.28773188377,12.399999999999972
803,0.282024260433,-1.65313604969,0.392787914787,-10.0894249597,12.399999999999972
804,1.09374926348,-1.73014208132,6.96495218236,9.87174663392,12.399999999999972
805,0.37439490105,-3.90590767184,2.80307831291,-9.15976780366,12.399999999999972
806,0.215093761399,2.36359637219,1.19007391023,-1.23576794615,12.399999999999972
807,0.142334938657,-4.89311686633,-4.17685258105,-2.22712286925,12.399999999999972
808,0.480910977278,6.70244468108,3.16192558113,0.242534825046,12.399999999999972
809,0.23570733641,-1.63225786239,-1.47387112122,-2.62012449368,12.399999999999972
810,0.741300964158,1.41414394108,-2.54273238852,-3.81989219517,12.399999999999972
811,0.50294348676,-0.826892447652,0.314438037343,-1.69252752754,12.399999999999972
812,0.227881462047,-2.37383886651,0.656620076997,-0.284487856333,12.399999999999972
813,0.53556483851,7.73376578111,3.56370063793,-1.82117699852,12.399999999999972
814,0.241032086733,-2.00830720485,1.65051376009,0.259121690586,12.399999999999972
815,0.795571392541,-0.802122177487,-0.422309274082,-0.871212322436,12.399999999999972
816,1.68206979515,-0.713582280759,0.918496595027,-0.528021785526,12.399999999999972
817,0.111094683459,-0.398565759312,-0.0858289816581,1.01056892851,12.399999999999972
818,0.134699199338,-2.87562157693,-2.29295298299,-5.4242661963,12.399999999999972
819,0.12381274673,-3.47049774738,-7.10223983161,-1.45827888708,12.399999999999972
820,0.151901540631,-1.93265518627,0.690940448244,0.793108918613,12.399999999999972
821,0.152479762442,-0.693278723616,0.878443774973,0.125152212107,12.399999999999972
822,1.31637816034,-6.28798624903,4.55565884936,-0.938744988476,12.399999999999972
823,0.1847052956,-1.36930418119,-1.1203457884,-1.40943564012,12.399999999999972
824,0.233356924683,-2.54458450856,-0.142470696829,-0.160521910651,12.399999999999972
825,0.245236729816,2.40982523134,-2.9335486849,5.44977803267,12.399999999999972
826,0.163394135207,-0.422687085023,0.293834070518,0.714286915584,12.399999999999972
827,0.448822234348,0.309567788316,0.527310271097,0.0591581495671,12.399999999999972
828,0.182289690551,0.131475742553,1.34443030175,-0.603759742112,12.399999999999972
829,0.125890592997,-0.260382356913,-0.638723613218,-1.96313361689,12.399999999999972
830,0.362278160314,-1.24613033388,3.65306022108,-1.31804353457,12.399999999999972
831,0.159271604311,-0.132463081021,-4.35602374373,0.642820743942,12.399999999999972
832,0.439830677814,-0.869082371621,-2.65238397552,-5.68505679611,12.399999999999972
833,0.129014816764,0.31915190919,-1.0605502917,-2.73509352537,12.399999999999972
834,0.505132763991,0.0139558386062,-0.0678076565531,-0.07310996729,12.399999999999972
835,0.383711681825,-12.9701010114,-11.3299558074,-0.642060243983,12.399999999999972
836,0.101633267246,0.57649998788,0.666006287801,0.0292013986799,12.399999999999972
837,9.03716111422,1.13383438103,5.79853880018,-0.201742654345,12.399999999999972
838,0.382449554792,-0.232786864256,0.381412408876,-1.44546889578,12.399999999999972
839,0.179940465862,-1.48048929297,0.650867050722,-1.1950722122,12.399999999999972
840,0.168733842355,-0.286221311221,2.39254817344,0.428366390502,12.399999999999972
841,0.432134835418,3.57882580039,-1.89510515569,-10.0560425642,12.399999999999972
842,0.11910386462,2.76597185742,-3.18317373906,3.18920301853,12.399999999999972
843,0.228439687851,-1.79467632547,-0.316413802496,0.716852040537,12.399999999999972
844,0.246565655267,-0.108555870818,0.860225148898,-0.103458098942,12.399999999999972
845,0.24954026674,-0.54219719859,5.95559552087,-5.22099883818,12.399999999999972
846,0.326284942859,1.76173968216,2.27021148602,-0.601879036336,12.399999999999972
847,0.462710528644,-1.97400143673,2.25056512163,-1.07362027639,12.399999999999972
848,0.55779595076,-1.10420503821,-0.463438137121,0.196916885538,12.399999999999972
849,0.808498945374,-1.15852200333,0.367819319259,1.17603221797,12.399999999999972
850,0.399223668723,-1.42291703933,1.01139146238,-0.903684840097,12.399999999999972
851,0.212592755206,4.54304555554,-3.8289908949,2.9721030191,12.399999999999972
852,0.784683336508,-0.95335797319,0.695930540145,-1.96518791296,12.399999999999972
853,0.248313354005,-0.0977815372771,1.48929994311,0.0519826034353,12.399999999999972
854,0.118837549743,-6.55734188278,0.00911527107101,3.28612034481,12.399999999999972
855,0.108910172997,-0.221856581273,0.517031303937,-0.0224215498548,12.399999999999972
856,0.496644031884,0.00209451371465,0.209817805945,0.0244442964063,12.399999999999972
857,0.212989576781,-2.0989756022,-0.183928023466,0.567191122196,12.399999999999972
858,0.463440987663,-4.83610897266,0.961383157359,4.17156333766,12.399999999999972
859,0.727743514366,-1.0097675551,1.30053268501,-0.992985419186,12.399999999999972
860,0.105381185515,-1.84251470538,0.894003697797,-0.3489708788,12.399999999999972
861,0.12812790807,-9.09129769291,-7.05155432963,-3.7157092955,12.399999999999972
862,0.444560305183,7.66278165977,-0.609069984712,4.90881294793,12.399999999999972
863,0.639067812643,0.394011834061,0.854067135524,0.649944640115,12.399999999999972
864,0.248304650526,7.11280920074,6.82474829981,-0.117365663638,12.399999999999972
865,0.151406776186,5.1634153425,1.94119917002,-1.22497068002,12.399999999999972
866,1.10250277158,-1.00220792563,0.684962943454,-0.394325524976,12.399999999999972
867,1.70352239833,-0.311133987797,-0.0573935821425,-1.37785183771,12.399999999999972
868,0.135031112597,-2.66016634518,2.53148346668,1.68117318314,12.399999999999972
869,0.303478913558,-2.30813298059,1.69778414857,0.218620481023,12.399999999999972
870,0.351556587504,1.35700777737,0.112009174947,-1.37240437896,12.399999999999972
871,0.12389164167,-0.527866928862,0.633763336934,-0.864178724343,12.399999999999972
872,0.254808413001,-1.88833652942,-0.335833389962,-3.97726864662,12.399999999999972
873,0.500194616975,-0.237881093204,0.151501387271,-1.1192818677,12.399999999999972
874,0.149165607503,7.83559405835,-4.48268787932,-8.6095384837,12.399999999999972
875,0.559025543897,-1.71217846008,2.93382438594,-1.29710802452,12.399999999999972
876,3.41782241379,-1.4542631254,-0.0755281803224,-0.273684801793,12.399999999999972
877,0.384774081221,-0.0527000624137,-0.853036661849,0.637134793774,12.399999999999972
878,0.558639570586,0.20225883241,1.11133420112,-2.30488161671,12.399999999999972
879,0.614325066917,0.0493052310646,0.16970576915,-1.27737043338,12.399999999999972
880,2.11569794989,-1.27561614817,5.16459779748,-1.51148531326,12.399999999999972
881,0.189235505669,-0.224999363346,1.66605493331,-0.274180327512,12.399999999999972
882,0.226403826907,-0.720057025709,0.140027508866,-0.161959740014,12.399999999999972
883,0.643482760942,-0.0523042002834,2.60034308289,-0.098525044189,12.399999999999972
884,4.55748194251,7.83238808884,0.626651053483,7.79266904822,12.399999999999972
885,0.717747162431,-1.05784207083,-1.15085281969,-1.09126719741,12.399999999999972
886,0.308562717309,0.336753516755,0.320301401762,-0.330194523883,12.399999999999972
887,0.331344174951,-2.14189786317,0.771913683237,-0.196909022067,12.399999999999972
888,0.141051286074,0.0620010640516,1.25962990141,1.302687943,12.399999999999972
889,0.140924184929,-0.071750627166,-0.242720020686,-2.91948082458,12.399999999999972
890,0.137423291408,-0.601674715562,5.06213099784,3.19007000445,12.399999999999972
891,0.123242608271,1.99881299261,2.66392399393,-2.55702606093,12.399999999999972
892,0.127725902604,0.501904851827,1.17370222245,-2.16399662394,12.399999999999972
893,0.1399906183,7.85648646038,-8.64052384247,1.99837794531,12.399999999999972
894,0.113254059453,-1.70229130599,0.972403021901,0.423297154201,12.399999999999972
895,0.461385207117,-2.19637041251,-0.191996287399,-1.80062586338,12.399999999999972
896,0.427677830481,-4.59983746162,2.62527433303,5.43083463547,12.399999999999972
897,0.735784802154,-2.85330216951,1.46012621813,5.36276339362,12.399999999999972
898,0.336181304081,-2.41714815758,0.0613241982716,-2.55718759809,12.399999999999972
899,0.542788695805,2.71171908697,-0.443205456025,1.36999578967,12.399999999999972
900,0.317496348177,-3.70056650553,8.88194464657,2.5969120205,12.399999999999972
901,0.642758240544,0.530372113249,-0.400072337839,-0.581022630747,12.399999999999972
902,0.803364536237,-0.636711286407,-6.48758227961,2.48720668339,12.399999999999972
903,0.258938488716,0.582472687983,0.67537822944,-0.0394565043342,12.399999999999972
904,0.12222328952,2.80693589724,-2.82961194857,-7.51556651843,12.399999999999972
905,0.61904845562,-0.271604254474,2.42390110903,0.0496381960553,12.399999999999972
906,1.40556041309,1.77530211127,0.467690288671,3.83965052939,12.399999999999972
907,0.457464111026,-1.60013290101,0.867333337313,0.561673436426,12.399999999999972
908,0.196766189164,-0.852536565927,-0.722257317323,-0.722159408492,12.399999999999972
909,0.127536614017,-1.70359818532,-0.310623672663,-6.86354908218,12.399999999999972
910,0.384960205269,-2.65608820816,0.220692913901,0.507401953878,12.399999999999972
911,0.68837887792,-1.03456961012,1.05541256173,-0.600160107731,12.399999999999972
912,0.493656332494,-0.3650380312,0.759749554547,0.197044589295,12.399999999999972
913,0.147322372198,-1.06496682075,0.814142417274,-0.121252800341,12.399999999999972
914,0.1542666948,-0.125907090452,0.881802334708,-0.585752680939,12.399999999999972
915,0.527242792705,0.749300976109,-0.985165558315,-0.507593990078,12.399999999999972
916,0.356760429477,3.02835193475,-6.10854855371,-2.00551715238,12.399999999999972
917,0.192129529631,-0.223197438508,0.19809981243,-0.797152626158,12.399999999999972
918,0.250111525051,4.89089059586,3.42519244239,-5.00169515571,12.399999999999972
919,0.408423497308,-1.94180669019,2.0778291,-0.113061488849,12.399999999999972
920,1.53992436048,4.40247047195,6.74557880603,1.85492685091,12.399999999999972
921,0.882261723601,-2.89602775827,-0.169893856258,-2.06927569805,12.399999999999972
922,0.123793782228,-0.956001665319,2.15500565318,-5.25718478362,12.399999999999972
923,0.308421431814,-1.38345754983,-0.230965862918,-0.860422494098,12.399999999999972
924,0.406354222348,-2.18171344082,0.800384673505,-3.41108814302,12.399999999999972
925,0.148555840011,-0.213618994667,-0.0945179043731,-1.09885411927,12.399999999999972
926,0.287629521219,-6.54063547149,-0.395554669815,1.30406130413,12.399999999999972
927,0.370720700751,-0.638339224036,-0.252421944134,0.733589712634,12.399999999999972
928,0.106944255407,-0.7735107723,1.04926162412,1.08973762571,12.399999999999972
929,0.178953292787,-9.83794861664,-5.93229979612,-12.732231255,12.399999999999972
930,1.21639546912,-0.981507618616,1.40573889474,0.467195868228,12.399999999999972
931,0.128556332202,10.6653848351,8.45798563195,-1.76904232804,12.399999999999972
932,0.991272333875,-1.24579184408,0.696694328961,0.558238079969,12.399999999999972
933,0.19146341417,-0.955061614269,2.6352728149,-1.43430880459,12.399999999999972
934,0.440184553529,-3.56276679627,-3.37418793115,0.753418532274,12.399999999999972
935,0.146326803701,1.43614289128,-1.66954432787,1.165195192,12.399999999999972
936,0.221773493095,-0.179103129955,0.175230765155,-0.543049256318,12.399999999999972
937,0.410817343874,0.395877804756,0.601765832121,1.00321434543,12.399999999999972
938,0.216862342539,-3.0614332748,7.18431807972,-3.36105089755,12.399999999999972
939,0.333063230222,6.32895871469,-2.12300698374,0.411138564603,12.399999999999972
940,0.276514839253,-1.07391781853,0.922224753195,-0.337840775286,12.399999999999972
941,0.118413595275,1.94824107745,-1.00391194477,-2.39464583451,12.399999999999972
942,0.109738922834,6.33519433221,-9.01580249322,-0.200048149871,12.399999999999972
943,0.268255659187,2.02970144764,-3.90136532406,1.81801383698,12.399999999999972
944,0.189067200658,17.9684050348,-7.3922027597,7.06036717867,12.399999999999972
945,0.805385064715,-0.520085389591,1.08939884307,0.224559578938,12.399999999999972
946,0.734230902308,0.0851216835611,4.51031472837,0.186178137317,12.399999999999972
947,0.1742337547,1.43895060088,-3.41102566713,-2.62711211068,12.399999999999972
948,0.34868232232,1.90708901494,-0.299749689917,-3.12592578174,12.399999999999972
949,0.111094576632,0.41237836195,1.03270926598,-0.226750523831,12.399999999999972
950,0.479188691217,3.99582539559,0.577003062026,-2.21748926063,12.399999999999972
951,0.694177007676,14.1742709184,6.38071951622,1.34585476026,12.399999999999972
952,0.616210124364,-1.35633326633,2.01647914438,-0.248050779833,12.399999999999972
953,0.153906933912,0.48125074925,0.748181100798,-0.27914966374,12.399999999999972
954,0.34178486626,-3.0669615416,-2.71967454699,5.22969190273,12.399999999999972
955,1.05804038995,-0.716851387003,0.874674554996,0.641030074385,12.399999999999972
956,0.680024783522,-1.05096877264,1.43784741756,-1.73157313583,12.399999999999972
957,0.282125779443,3.06345288885,0.246851201383,0.731259705547,12.399999999999972
958,0.564949079013,3.10182065767,-1.76942386388,0.935701842252,12.399999999999972
959,0.455500144437,-2.11586631496,-3.89153908797,2.71596416987,12.399999999999972
960,0.426758998036,-0.247657369954,1.19205220144,-2.04206014066,12.399999999999972
961,0.195373558901,0.232892168072,0.713173929577,0.612637468183,12.399999999999972
962,1.77605896839,7.06410961988,2.5921038397,4.47314394545,12.399999999999972
963,6.56136390653,-0.59654021244,0.450768019887,-0.24370525113,12.399999999999972
964,0.143769147881,3.82905718138,-11.799327195,-1.79122155562,12.399999999999972
965,0.204461015058,-0.697599833323,3.65484200923,-0.791084519451,12.399999999999972
966,0.190351945,-1.143767606,0.943306287315,-0.894669260685,12.399999999999972
967,0.465912549174,-1.79539709045,7.11395154534,-7.12489083268,12.399999999999972
968,0.170628726876,-0.859202636435,0.959705260594,-0.817453546825,12.399999999999972
969,0.182578737371,-2.70296587858,-3.62587753706,-5.2056513345,12.399999999999972
970,0.240297292843,0.398032232398,-0.690778938299,1.13011426034,12.399999999999972
971,0.113953725263,-0.0739723898257,0.765416184633,-0.712074525824,12.399999999999972
972,0.696348132717,-0.868465235044,0.110073309654,0.292328762914,12.399999999999972
973,0.164070146685,-14.3004557561,-6.24353223621,4.26668762229,12.399999999999972
974,0.564156575788,10.3562967054,-3.12393810133,-3.50157621596,12.399999999999972
975,0.479303570864,0.343036847044,1.17830191096,-0.48993299207,12.399999999999972
976,0.11466757671,-0.0340123441019,1.59801505532,-1.79073662851,12.399999999999972
977,0.263053054679,0.808819694723,0.668933115543,-1.10235355365,12.399999999999972
978,0.10657051558,-1.48410559396,1.37890235581,-0.378899565399,12.399999999999972
979,0.109462553262,-0.209701562092,1.53030883035,-2.40447972929,12.399999999999972
980,0.307292814078,1.36424953454,-1.29237130099,0.454352704191,12.399999999999972
981,0.800125780245,4.20614593064,3.75060339174,-4.26987181927,12.399999999999972
982,0.145705180666,-0.253994642259,4.27050434254,-0.399841768498,12.399999999999972
983,0.153386611647,-2.34433829547,-4.90088050395,6.06777205808,12.399999999999972
984,3.65905990314,-0.340424983913,0.708377956388,0.0302906233957,12.399999999999972
985,0.14157345606,10.7386296732,-6.49493275437,-3.67421517571,12.399999999999972
986,0.107769499776,4.70769182556,-7.22299403504,-0.546109182242,12.399999999999972
987,0.438919169678,-6.08006843644,8.89244985911,2.29898012907,12.399999999999972
988,0.261669015123,-0.865527907995,1.26410278759,-1.20193766612,12.399999999999972
989,0.659342878568,0.348275234062,1.05956036278,-8.92435297111,12.399999999999972
990,0.226020558312,-1.84001560789,-1.11104432206,0.576655992214,12.399999999999972
991,0.130025229273,1.53474462145,1.52143848195,0.68520407854,12.399999999999972
992,1.19593160474,1.22462130896,1.4032979363,-2.57108655955,12.399999999999972
993,0.303254039225,0.861383380824,9.81019780757,2.42982844671,12.399999999999972
994,0.158330286262,0.510766070585,0.410460185296,0.626793010968,12.399999999999972
995,0.159858592717,-7.1557901448,-0.391865514568,-10.2481321999,12.399999999999972
996,0.473721284276,-2.36955186676,-1.18540520107,0.085047900831,12.399999999999972
997,0.208350727342,1.95730447741,-1.7161456292,1.36503928353,12.399999999999972
998,0.120881981908,0.138103455113,1.4767170585,-0.196109970234,12.399999999999972
999,0.612028675911,-0.693560009492,1.12124604112,0.824747702218,12.399999999999972
