Star_ID,Mass (MSun),X (pc),Y (pc),Z (pc),Simulation Time (Myr)
0,0.214431601041,-4.87239720049,-2.02478869591,1.61058951558,3.3000000000000016
1,0.104060141872,1.08941170719,0.286026486893,0.453372101385,3.3000000000000016
2,0.505920828953,-1.71651482207,-0.665011954681,-2.86102012832,3.3000000000000016
3,0.235435561925,0.535796730044,-1.46756381013,-0.16429751908,3.3000000000000016
4,0.499665122055,-0.284731660478,1.11011591584,-0.210466478951,3.3000000000000016
5,0.353438678494,-0.964517165773,4.19180565085,-2.52032883063,3.3000000000000016
6,0.256519539006,0.728901037072,0.881096137084,0.688146964825,3.3000000000000016
7,0.276694373054,0.159864491879,-0.418805298168,1.76956321545,3.3000000000000016
8,0.111538295193,-2.31814212037,0.8477254651,2.48379003899,3.3000000000000016
9,0.151926278053,1.4650550974,2.0968789294,2.97940088047,3.3000000000000016
10,0.545928370516,-2.4571168282,-1.66914370108,-0.791332583978,3.3000000000000016
11,0.250018765408,2.84191265051,-0.657814954281,-0.131966882741,3.3000000000000016
12,0.137715254893,-3.23258037557,-2.49881034029,1.38896286213,3.3000000000000016
13,0.402423027678,1.80269732183,-0.0241321396076,0.409771141662,3.3000000000000016
14,0.301672347182,0.610381054993,0.860681722717,-1.12682910687,3.3000000000000016
15,0.124899354712,1.25463244121,0.150692971216,0.862392311592,3.3000000000000016
16,0.114662103585,0.860195126713,0.314831282982,0.387394641705,3.3000000000000016
17,1.73863567513,-0.741053423076,-0.103561748965,0.884791429147,3.3000000000000016
18,0.116313260542,1.01336286434,0.674565530897,0.489347715147,3.3000000000000016
19,0.294233637555,-0.350590066488,1.73537258203,-1.68139252046,3.3000000000000016
20,0.158985373447,3.03163969297,-2.17555688226,-1.07915004593,3.3000000000000016
21,0.119108976244,1.53640400544,0.456658825741,-0.605476257486,3.3000000000000016
22,0.185633986009,-1.07857291417,1.92533784232,-1.04550014554,3.3000000000000016
23,1.10548168501,-0.717219656166,-1.60481818801,-0.389875506842,3.3000000000000016
24,0.190270849998,-0.684951382136,2.77613373816,0.51332185136,3.3000000000000016
25,0.330983078706,0.286590294557,0.23470207086,0.104409828872,3.3000000000000016
26,0.815589410133,1.20465011164,-0.175274979662,-2.56325670989,3.3000000000000016
27,0.188051730404,-1.08772879332,-1.959497527,1.50931154936,3.3000000000000016
28,0.225858852766,2.96816270525,1.1014166415,4.3269551342,3.3000000000000016
29,0.285439374203,-1.17184655779,-3.08488369654,-0.530279802431,3.3000000000000016
30,0.6026944017,-1.90344438082,1.88253827513,0.202515669603,3.3000000000000016
31,0.189640037351,0.968933043081,0.483018309196,0.622390878277,3.3000000000000016
32,0.121364854317,-3.25701475601,-1.95416664996,0.0923990721261,3.3000000000000016
33,0.220110172376,0.921279968712,0.0327865369398,0.858036095866,3.3000000000000016
34,0.66144001474,0.255931844438,-0.0440919331996,-2.72553939778,3.3000000000000016
35,0.209333626341,-0.713069676481,-1.59095854624,0.236419163429,3.3000000000000016
36,0.393074508416,2.01494903404,0.344763738408,2.10121888313,3.3000000000000016
37,0.500934241923,0.00848691656267,2.42256414955,1.95948311369,3.3000000000000016
38,0.339727339181,0.990211191775,0.813915918033,0.846227686438,3.3000000000000016
39,0.141507378362,0.87161756597,1.16673867411,-1.57684418351,3.3000000000000016
40,3.2813872841,-2.65771183117,-0.820019134708,0.346913864091,3.3000000000000016
41,0.402685337192,4.50161300292,0.892075545475,-0.414623085072,3.3000000000000016
42,2.44167987112,-2.08789551423,-3.28857483145,1.59349276466,3.3000000000000016
43,0.445904317614,1.4330188663,1.09053222217,2.713718651,3.3000000000000016
44,0.300589296735,1.14649018808,1.13613213757,-1.56649714558,3.3000000000000016
45,0.159199689243,2.00158399351,-2.58359545026,0.357564536297,3.3000000000000016
46,0.130430859293,-0.380597621204,-1.41430163246,0.905326051423,3.3000000000000016
47,0.390601793788,3.20334345289,-2.25452003213,-0.242185384574,3.3000000000000016
48,0.231918437611,1.14078069404,0.0346651021893,0.411173423022,3.3000000000000016
49,1.13164345681,-2.86705047112,0.30947693801,2.72734093848,3.3000000000000016
50,0.650784318362,-2.0047087465,-2.88902908618,-2.33117059404,3.3000000000000016
51,1.30380841234,-1.03988226975,0.471248180987,-0.497186122595,3.3000000000000016
52,0.26211295033,0.811825590312,1.41865902083,1.57631612441,3.3000000000000016
53,0.247351313422,0.450009307932,0.0168385336317,5.08847790881,3.3000000000000016
54,0.613632076319,1.45230778759,1.17099297802,1.28113274707,3.3000000000000016
55,0.167657710614,0.801720411464,0.253500657532,0.725257141418,3.3000000000000016
56,0.183779989996,1.10716104072,0.613512000375,1.09137659293,3.3000000000000016
57,2.28932539504,0.259050469732,3.00075895479,-1.51868179011,3.3000000000000016
58,0.424237538868,1.08122910401,0.556792088595,0.891970102633,3.3000000000000016
59,0.159665301482,2.82972378893,-2.66816436673,-1.84572248641,3.3000000000000016
60,0.262079111534,1.73178709453,1.57933072227,0.104186608397,3.3000000000000016
61,0.101431507776,1.75273838674,0.568409591884,2.24409772486,3.3000000000000016
62,0.565170537983,-1.05517112727,1.81356520842,0.890273011487,3.3000000000000016
63,0.231558679174,0.764010804834,0.824587132563,0.912904893413,3.3000000000000016
64,0.412710060361,0.368894626031,2.89592986673,0.531216360166,3.3000000000000016
65,0.126260809735,-0.106180056325,-1.7787394191,0.146925745901,3.3000000000000016
66,0.664615489476,1.63550826192,-4.25451752236,2.453151668,3.3000000000000016
67,0.131885711688,-0.913264207067,0.0131121733364,-2.91469997633,3.3000000000000016
68,0.330565113017,0.504255300021,0.0277122820348,0.815427001676,3.3000000000000016
69,0.142560809463,0.857572429942,0.56004660835,-0.0741102969301,3.3000000000000016
70,0.193467634709,1.06197285902,0.0694825590598,0.209842665546,3.3000000000000016
71,0.203555799334,-0.0176070708042,0.440161261026,-2.39665763194,3.3000000000000016
72,0.207369976142,0.875204324137,0.630969105891,0.250574483897,3.3000000000000016
73,3.03072881946,0.864481689255,-0.245916851272,0.390758840271,3.3000000000000016
74,0.143122388376,-1.96523196366,0.305440306449,0.415493484174,3.3000000000000016
75,0.105159137083,0.977338284102,1.98974967712,1.26017649657,3.3000000000000016
76,0.303933206213,0.911903255815,0.187959655537,0.388999099712,3.3000000000000016
77,0.571997129516,-2.71369480996,1.51459545128,-3.08855777864,3.3000000000000016
78,0.401808958193,-1.74936035999,1.65157405567,-0.961565614938,3.3000000000000016
79,0.127930832093,0.275450050138,0.217902725955,0.67745458717,3.3000000000000016
80,0.194757712259,-0.256860748696,2.06907504204,0.786126263444,3.3000000000000016
81,0.139058951576,-1.0534735514,1.55968702211,3.20959006745,3.3000000000000016
82,0.414989250121,-1.68162372171,0.690044855501,-3.070390005,3.3000000000000016
83,3.48523648097,0.269014746525,-0.282848823716,0.573313292946,3.3000000000000016
84,0.333761984067,0.78393763029,0.13711454651,0.509284246515,3.3000000000000016
85,0.139930581607,-3.381550946,-2.37088238272,3.20453531031,3.3000000000000016
86,2.745862198,3.58824560961,0.267730860903,-3.07030087354,3.3000000000000016
87,0.164804331459,1.05380915236,-0.292225005909,0.101727376456,3.3000000000000016
88,0.339193414391,-0.472239330508,-0.192671961251,-1.83232345975,3.3000000000000016
89,0.125966078825,-0.242967861573,0.490612712344,0.120442377246,3.3000000000000016
90,0.481619883228,0.0805333192256,0.259529178651,0.443696631893,3.3000000000000016
91,0.1352452755,-0.265941401064,0.132191567948,1.74461511204,3.3000000000000016
92,0.508016833783,-1.31702193171,-1.97684533608,-0.879402892232,3.3000000000000016
93,0.102670172137,1.4992018883,1.04683737988,1.01735842156,3.3000000000000016
94,0.16057218975,0.506302918375,1.54752701508,-0.647513447304,3.3000000000000016
95,0.148074585949,-3.13091945655,0.51074703546,0.752397182919,3.3000000000000016
96,0.413468278944,1.21978071481,0.757547851705,0.576244772144,3.3000000000000016
97,0.506646097337,4.75285991983,-1.9593592232,4.30048255488,3.3000000000000016
98,0.178139078905,-0.709650773175,-0.542235632496,-0.743240005703,3.3000000000000016
99,0.158574429952,-0.619724568842,1.35986578751,-0.21041191898,3.3000000000000016
100,0.243698579339,0.621429272472,-0.610962754016,1.73434781171,3.3000000000000016
101,0.278367229692,1.29984513441,1.08523686775,2.60913139694,3.3000000000000016
102,1.86203341085,2.68397865407,-1.40332210243,0.709907023195,3.3000000000000016
103,0.770122146244,0.996200608119,0.493671042911,1.44638678719,3.3000000000000016
104,0.388651125501,-2.38282046787,1.25419219716,0.883911013236,3.3000000000000016
105,0.44902994692,-3.33242750474,0.537216297974,0.513852452287,3.3000000000000016
106,2.84411152404,-0.541833784245,0.568494303734,0.43899101231,3.3000000000000016
107,0.63396501432,0.626438225592,-2.95633444777,-2.24348774131,3.3000000000000016
108,0.361030245132,0.450579953911,1.52786807585,1.38263472796,3.3000000000000016
109,1.2827554077,-0.0826102024448,1.23267732402,0.346876505928,3.3000000000000016
110,0.223851914785,-1.49870191325,1.33454178021,3.19733294362,3.3000000000000016
111,1.0701844671,-1.43885247639,2.09036774419,-0.874080680324,3.3000000000000016
112,0.34574733079,-3.05771877518,1.57558773571,-1.9925146739,3.3000000000000016
113,0.148658399586,0.231193282749,0.350377198682,0.486761936083,3.3000000000000016
114,0.169381508367,-2.27664011971,-0.0544069064117,1.49215805831,3.3000000000000016
115,0.547147061355,0.209124195738,2.53744835994,-0.216170598292,3.3000000000000016
116,0.201142975143,-0.648429751297,1.69119666048,4.1158471762,3.3000000000000016
117,0.1605525104,0.725295881985,0.14140446017,2.08078887933,3.3000000000000016
118,0.269470685409,1.06501190842,-1.30698263251,-1.07090620123,3.3000000000000016
119,0.278557922599,2.79453571688,0.47287165606,1.2054211838,3.3000000000000016
120,1.532348029,-0.720948052662,1.38060108537,-1.55625739341,3.3000000000000016
121,0.168043811356,-1.85594393399,0.629814676914,-0.785965011035,3.3000000000000016
122,0.335411775012,0.122554809555,-1.73619549697,-0.395818173598,3.3000000000000016
123,0.641010857621,3.954405446,-0.6803725562,-3.04930255705,3.3000000000000016
124,0.215039901682,1.46940820275,-0.956255255311,0.635696479497,3.3000000000000016
125,0.594451068563,2.70394592951,1.38172455867,1.17368558344,3.3000000000000016
126,0.224533328413,0.639032299914,-0.577202837281,3.03756161078,3.3000000000000016
127,0.361300671944,0.598524232364,3.69627034886,-1.41598682329,3.3000000000000016
128,0.204051339436,-0.675586255424,-1.68600988388,4.63714403856,3.3000000000000016
129,0.103198784052,0.193544510087,4.15847118213,-1.23935353301,3.3000000000000016
130,0.233884597449,1.36697788495,3.26805204261,0.157800215001,3.3000000000000016
131,0.304623489161,-0.978752932442,2.96209271591,1.04944953813,3.3000000000000016
132,0.180269963458,0.0425411737082,1.7744601431,1.60030081487,3.3000000000000016
133,0.164738743939,4.7133302912,-2.98382492405,-2.73628748603,3.3000000000000016
134,0.368227656954,1.70574946081,-0.518584164857,0.914093375647,3.3000000000000016
135,0.162550669506,-1.59301051776,-1.79769987249,-1.00787846691,3.3000000000000016
136,1.18955559678,1.81887606478,4.87176077494,2.53296424758,3.3000000000000016
137,0.801675683867,0.863535149128,-0.0521479667587,0.413896001886,3.3000000000000016
138,0.323939962413,-0.361679558556,-0.66018356315,-2.44610600882,3.3000000000000016
139,0.246405492601,1.04015375486,0.73630122295,0.509967209785,3.3000000000000016
140,0.255142887448,2.74463949387,-1.639042112,0.769434962338,3.3000000000000016
141,0.336515856896,3.13169606211,0.95401059209,-0.460978751188,3.3000000000000016
142,2.70959080623,1.47563182151,1.22714545111,0.226848096533,3.3000000000000016
143,0.154600525816,0.574549531645,-0.236095007752,0.27802878557,3.3000000000000016
144,0.14605747876,-3.04302146213,3.21957109581,2.11641312167,3.3000000000000016
145,0.306349149275,-1.75934689533,1.94563393036,5.3994778979,3.3000000000000016
146,2.06515569293,0.812087506306,0.430423098888,0.442248719596,3.3000000000000016
147,0.417485467675,-2.67043289473,-3.06158637316,0.562308649502,3.3000000000000016
148,0.196578269841,0.254520668233,0.39931871491,0.484254522266,3.3000000000000016
149,1.13279060877,0.151541021073,-2.05699959128,1.31155929066,3.3000000000000016
150,0.18077178553,-0.0668095076401,1.53897337172,-0.796824151803,3.3000000000000016
151,0.838449424023,-0.281996493774,2.36448959486,0.654389796205,3.3000000000000016
152,0.172494208781,0.798551727514,-0.941947345772,-1.40085020746,3.3000000000000016
153,0.136320291117,1.26749926296,-0.756143808585,0.20614945901,3.3000000000000016
154,0.966076478777,-1.43336512757,1.66828724852,-0.860204192424,3.3000000000000016
155,0.234288040748,-4.19873151313,1.14847204962,1.63649371988,3.3000000000000016
156,0.559146364216,2.56872694244,2.34036088831,-0.505735494,3.3000000000000016
157,1.0191827768,-1.45162355475,1.73247105629,1.2876190019,3.3000000000000016
158,0.195648542068,0.947777293271,-5.28427833948,0.577057240905,3.3000000000000016
159,0.568436617551,-2.13193951017,-2.42628632941,0.539798057467,3.3000000000000016
160,0.404880377556,0.175566742907,1.13643328757,-2.29000060245,3.3000000000000016
161,0.277823594681,-0.554317650207,3.73543996495,3.55130996081,3.3000000000000016
162,0.113869820718,0.985398244004,0.284239214315,0.845958705272,3.3000000000000016
163,0.238489797828,-0.178610203309,-0.807825426377,3.07019434615,3.3000000000000016
164,0.212034220254,-1.40285528497,1.22388408742,-0.334217230882,3.3000000000000016
165,2.86778624379,2.7953026074,0.0682143886913,1.00178805144,3.3000000000000016
166,0.260908984504,1.46953713914,-0.958848894492,0.762968799686,3.3000000000000016
167,2.36455184069,0.746388563966,-1.61900978256,-1.00678355902,3.3000000000000016
168,0.181479249544,-0.899929125302,-1.94005870279,-2.26825915458,3.3000000000000016
169,0.390152604799,-1.06732304347,0.824492935462,-1.28773943935,3.3000000000000016
170,0.412869143633,0.391505912287,0.382712042554,0.752297726361,3.3000000000000016
171,1.44426101485,0.981857652255,0.12261138518,0.785643716195,3.3000000000000016
172,0.843199496666,0.0524626291526,-0.087355047133,0.197200993309,3.3000000000000016
173,0.559173145883,-0.396381953853,-1.56052542935,2.95058881562,3.3000000000000016
174,0.305471227131,1.22800788208,1.63080322972,-1.25724470544,3.3000000000000016
175,0.46704914629,2.08988382999,1.49637305258,-4.32966198294,3.3000000000000016
176,0.19651389045,3.37563307053,1.4835161123,-2.60443624796,3.3000000000000016
177,0.336440699028,0.509754497063,-0.290230450851,-2.62511100548,3.3000000000000016
178,0.4832720125,0.378515434104,0.739862823129,-1.01137144786,3.3000000000000016
179,0.646489469618,0.405332684911,-0.797873821384,3.11983110213,3.3000000000000016
180,1.21840806111,-1.48226274849,-1.09898897676,-2.58313043657,3.3000000000000016
181,0.510080755475,-1.84810697817,-2.03451474215,-3.42332448432,3.3000000000000016
182,0.107432736371,0.0158567264644,2.07525937474,-2.45759365696,3.3000000000000016
183,0.175926817437,0.919680879386,2.14213416652,0.940141717604,3.3000000000000016
184,0.655581799148,-1.00487964753,2.2927098049,0.267479754388,3.3000000000000016
185,1.33490413512,1.56516161161,-4.83823541169,1.87435295651,3.3000000000000016
186,0.21409009496,-0.215826420437,-1.35883901458,1.83895550773,3.3000000000000016
187,0.110408691914,2.4129118377,-1.24264372692,1.0609625984,3.3000000000000016
188,0.166869955644,0.645966726911,0.452236138613,0.0962294229938,3.3000000000000016
189,0.572007006735,-0.493111649893,0.28219698238,2.91125014393,3.3000000000000016
190,1.0081437583,0.62052900901,0.526935416186,0.292072979637,3.3000000000000016
191,0.223813204171,2.51304224529,-1.18815179574,-1.39857288846,3.3000000000000016
192,0.324445093421,-0.843887135719,-2.21310043526,-2.46084613697,3.3000000000000016
193,0.248395139863,2.02152032086,1.87346046879,-0.748120897715,3.3000000000000016
194,0.721406206029,0.992790150922,0.440612897593,0.331811207666,3.3000000000000016
195,1.09480833578,-2.30042936839,-0.00510268750221,-0.766405054226,3.3000000000000016
196,1.03564070109,0.0445209723961,-0.452299871733,1.60802522107,3.3000000000000016
197,0.273433267889,-1.04666398461,-1.74257869376,2.66601005733,3.3000000000000016
198,0.332974117059,1.73810092835,1.27036759074,1.15352652749,3.3000000000000016
199,0.614178954933,4.11177386884,-0.448262463195,-0.0694851065906,3.3000000000000016
200,0.86995437161,0.502483893745,1.93065601509,1.55402093512,3.3000000000000016
201,0.518359573274,0.618061072255,0.170363394028,0.670376332722,3.3000000000000016
202,0.125966056068,-1.64706346843,0.115494963386,-1.01564935913,3.3000000000000016
203,0.11797601853,-0.969436261526,-0.825710259725,-2.338185183,3.3000000000000016
204,0.356525184875,-1.863708708,-0.790405095886,-1.76280700798,3.3000000000000016
205,0.24460581868,-0.389962136104,-0.657148380672,-0.56215673033,3.3000000000000016
206,0.705949790815,0.872418426225,-0.193716091328,0.377194331339,3.3000000000000016
207,0.189107564019,-1.27534059896,1.28992344477,-2.36689254227,3.3000000000000016
208,0.363697714543,0.0692634638462,0.400557133055,0.0375074232738,3.3000000000000016
209,0.674554811441,0.685703357653,-0.0368395840911,0.474544470581,3.3000000000000016
210,0.195472498989,1.71501370868,-0.730328753348,1.34422515464,3.3000000000000016
211,0.136957812345,0.26591480091,1.22456673705,1.42636995021,3.3000000000000016
212,0.114734841068,-1.81196907546,2.34884672521,1.23761892365,3.3000000000000016
213,0.138813296825,-0.411334372704,3.37875574602,1.05348603535,3.3000000000000016
214,0.634746019253,0.999060840381,0.605319536231,1.0824126457,3.3000000000000016
215,1.2367481088,0.205375451571,2.23915302724,-3.1257879255,3.3000000000000016
216,0.51918532603,1.00632380124,1.91333770314,2.08954538989,3.3000000000000016
217,0.281877939453,0.370580286404,-1.57169775638,3.74499260854,3.3000000000000016
218,0.110498200587,-1.26154625018,0.759958436482,0.39404240262,3.3000000000000016
219,0.330237247776,3.49860854987,2.72075814043,-0.196737074589,3.3000000000000016
220,0.350677251067,0.0591368210066,1.237661411,1.20479253302,3.3000000000000016
221,0.224109561025,3.17051819818,-1.54587951306,-2.4763601105,3.3000000000000016
222,0.115645734595,-3.10165225242,-0.910979425304,1.3960795585,3.3000000000000016
223,1.58078507709,3.05680397315,1.93619156029,1.55659185753,3.3000000000000016
224,0.160294210699,0.0661887785578,-0.391400723382,3.98939460229,3.3000000000000016
225,2.07285906227,-2.76816264221,-1.61282741091,1.91268794983,3.3000000000000016
226,0.152194864202,2.8279371036,1.62327412301,-3.3320945848,3.3000000000000016
227,0.115657033569,-0.456857595137,6.06052705522,-2.3164825625,3.3000000000000016
228,0.194265037791,2.56154100063,0.678334513304,-0.00230067633607,3.3000000000000016
229,0.625973759211,-0.660888967034,0.474587821964,-1.58103012908,3.3000000000000016
230,0.202592325292,-2.0349596298,2.15894278506,-4.23579348765,3.3000000000000016
231,0.211573807002,1.45662284989,0.375417226414,0.591205879677,3.3000000000000016
232,3.16804610948,2.17697173436,4.55183878213,2.02661718822,3.3000000000000016
233,0.301638245934,0.838165173178,0.370443857983,0.718381881826,3.3000000000000016
234,0.114205885654,0.745479390344,0.117012347785,0.286348058651,3.3000000000000016
235,11.4100877754,0.881495334423,0.271694410023,0.631034799431,3.3000000000000016
236,0.121238438384,2.98196190712,3.99673677244,0.114753869565,3.3000000000000016
237,0.24968790019,0.785340698217,0.256810707102,0.613854884615,3.3000000000000016
238,0.337257878193,0.0466968208025,0.697399377525,0.924932314946,3.3000000000000016
239,0.291835318369,-0.941953342458,-0.817716075763,-1.93024392998,3.3000000000000016
240,0.420701930051,-1.18903443344,0.340365912735,0.237872901894,3.3000000000000016
241,0.126022772291,-0.905926057147,-1.9697542861,-0.545646823488,3.3000000000000016
242,0.135645099836,-0.152356065099,1.07928603564,2.30833394704,3.3000000000000016
243,0.195272141648,0.696215709373,0.0819043994208,1.65925678371,3.3000000000000016
244,0.10859054408,1.84950198311,-0.0489926265008,-1.46895577924,3.3000000000000016
245,0.369502749824,1.27921525546,-1.61368419569,-0.236578905792,3.3000000000000016
246,3.91716416968,0.29437402152,0.168275905746,-0.120044948374,3.3000000000000016
247,0.100401058816,-0.267418467155,-1.08139451186,1.09222913742,3.3000000000000016
248,0.368554286001,1.14701506934,0.86860567106,2.00526406127,3.3000000000000016
249,0.483225039722,1.06016745721,0.747784482797,0.995619669902,3.3000000000000016
250,0.286844365713,6.71287732995,0.258823166582,-1.88941502668,3.3000000000000016
251,0.25494360617,0.526084342578,0.287921337606,0.897558326844,3.3000000000000016
252,0.121315672076,0.324770090756,-0.376542222355,1.53124469852,3.3000000000000016
253,0.105056910737,0.814120502899,0.346336344108,-1.88113751266,3.3000000000000016
254,0.332517763006,0.899112171497,-0.332250295409,0.311895431998,3.3000000000000016
255,0.103561914635,1.19185291191,0.598539295582,-3.28488633773,3.3000000000000016
256,1.44068733052,-1.15110593847,0.29474479759,0.616002735937,3.3000000000000016
257,0.261638550572,2.72485291295,-2.0015590876,3.23658872503,3.3000000000000016
258,0.240109597564,0.553902364487,0.137117422426,0.357323567445,3.3000000000000016
259,0.123290016534,-0.529540879816,1.74147652616,1.14984097096,3.3000000000000016
260,0.112959009172,-4.26674299214,2.85121593934,-2.60991940882,3.3000000000000016
261,1.84110277076,1.97459281162,0.151779702442,-0.20008148764,3.3000000000000016
262,0.419498544587,2.19278490211,0.309046780685,2.98666099759,3.3000000000000016
263,0.683944077026,2.91240468551,-0.953493425432,-0.525769621294,3.3000000000000016
264,0.305350330442,-0.654009132507,2.54949345346,-3.96627561972,3.3000000000000016
265,0.300164175367,0.847878264342,-0.225175661876,0.125869123339,3.3000000000000016
266,0.254229539726,1.56002244733,0.22355717793,-3.70048637675,3.3000000000000016
267,4.42345950369,3.7059827975,0.146140776371,3.58890208189,3.3000000000000016
268,0.465153797123,-1.06317040877,0.098343226984,-0.332642936779,3.3000000000000016
269,0.281118206006,0.680498075603,-0.0532606337608,0.834874559297,3.3000000000000016
270,0.100074382649,1.1847512206,-0.138523513262,0.384416010159,3.3000000000000016
271,0.39407988822,-1.06813440519,1.02435805028,0.171825798661,3.3000000000000016
272,0.312584205057,-1.36222788976,0.504990619015,3.17140102232,3.3000000000000016
273,0.104335876874,0.755273544753,-3.59842409908,-1.58511185482,3.3000000000000016
274,0.340747237408,-5.19791140895,-0.241607161572,-1.53728148909,3.3000000000000016
275,0.312631781801,-0.0272020482831,0.150626278487,0.0577816173251,3.3000000000000016
276,0.107749335859,-2.75818501617,0.313831536008,0.555474895405,3.3000000000000016
277,0.108243288932,1.237158772,0.582718858542,0.353403937817,3.3000000000000016
278,0.103919087042,3.12143780315,2.84280263123,-1.3543894204,3.3000000000000016
279,0.137580641502,-0.1218126572,2.34378544337,-4.44505118664,3.3000000000000016
280,0.158375897533,0.823190746292,0.263428570479,0.478205339658,3.3000000000000016
281,0.765439220041,0.201461962549,1.26419875945,-0.104658864304,3.3000000000000016
282,1.96140484247,1.69644877828,1.31725676141,-0.229946107731,3.3000000000000016
283,0.123753304657,-0.438758759815,-0.842867494777,-3.064452291,3.3000000000000016
284,2.01564230996,0.511623246157,0.0134539058934,0.216332784515,3.3000000000000016
285,0.431439994812,1.2885905838,-0.137637341627,-2.98931001935,3.3000000000000016
286,0.210928829661,-3.64645011373,-0.469056976133,0.287253452463,3.3000000000000016
287,0.598958429864,-0.0406974212414,0.507262647771,0.75844881596,3.3000000000000016
288,0.108160425177,0.386329696968,2.39321172789,0.417118398228,3.3000000000000016
289,0.181399552154,1.03517216444,-0.0450031002388,1.0608806636,3.3000000000000016
290,0.248534630629,0.879555233985,0.26316750811,0.698669424829,3.3000000000000016
291,0.144344008903,1.91291492429,-1.58095207592,3.09969995187,3.3000000000000016
292,4.33748705636,1.45076172691,0.757202340977,0.907929543291,3.3000000000000016
293,0.301536778916,1.28855305864,0.37754442569,0.299182227147,3.3000000000000016
294,3.68953139137,0.262062307827,-1.2614733344,2.14823843466,3.3000000000000016
295,0.328788908362,0.204515724901,0.343296809772,0.75650933569,3.3000000000000016
296,0.128299043395,-1.5295604169,-5.86146744405,0.703980435977,3.3000000000000016
297,0.196643878314,-3.12374340412,0.380162995469,-2.90632742812,3.3000000000000016
298,0.234713288298,1.76882414569,1.07502236429,-0.675219308082,3.3000000000000016
299,0.13568376744,0.117133890319,-2.01580280987,1.56664638879,3.3000000000000016
300,0.377137642389,1.27444984783,-0.869600207917,0.666932672054,3.3000000000000016
301,0.182954833485,-1.08995403373,-1.3738063326,-0.766118669521,3.3000000000000016
302,0.13727730119,-5.79711543045,1.1619606454,1.5649307645,3.3000000000000016
303,0.13279243984,1.31883879081,1.7276586942,-2.1772782946,3.3000000000000016
304,0.133943916716,0.22576568307,0.265824674125,1.25059894831,3.3000000000000016
305,0.219456373401,1.66806402026,0.774666934195,0.516118891638,3.3000000000000016
306,0.173085670931,1.61677832577,-1.30581497472,0.850330791314,3.3000000000000016
307,0.547403580154,2.23298614533,-1.75977222796,0.3982766397,3.3000000000000016
308,0.862416374396,-0.423226063606,0.0750614964854,0.962323154727,3.3000000000000016
309,0.109157578485,-1.14479285442,0.11493330872,-1.95001901216,3.3000000000000016
310,0.578186137436,1.20606840654,2.18924128598,-0.391161026206,3.3000000000000016
311,0.277681133405,0.599144309566,-1.72205556198,1.01199302229,3.3000000000000016
312,0.408402342856,-1.64430638348,-0.900018482053,-1.01885203896,3.3000000000000016
313,0.396884078103,-1.26135006935,1.39549263691,-1.98622822562,3.3000000000000016
314,0.120470722023,0.420881927835,1.42880668817,0.808408741113,3.3000000000000016
315,0.891300464377,-2.91396451935,1.62927809411,-0.612132562189,3.3000000000000016
316,0.211269294429,-0.916625343208,-4.23294864149,-2.82918323443,3.3000000000000016
317,1.36057960753,-1.33764724699,-1.4539987975,1.70196286213,3.3000000000000016
318,0.109170193588,-0.620996946159,-1.35566997376,-0.961979464182,3.3000000000000016
319,0.147194392153,1.17146712476,0.725088900352,0.645033850209,3.3000000000000016
320,0.745083896539,-2.28724888756,-1.06071741952,-0.584673278136,3.3000000000000016
321,0.773439328388,-0.495959767875,0.731757223664,0.613689018773,3.3000000000000016
322,0.437943775544,1.74868141312,0.370120835612,0.290936873184,3.3000000000000016
323,0.139682762842,-1.40531338207,2.20393050277,2.15048818812,3.3000000000000016
324,0.304006315413,0.594283266047,-0.115350233553,0.489655226587,3.3000000000000016
325,0.20249585014,1.5534942706,3.91785033625,1.93908727647,3.3000000000000016
326,0.103895589608,2.13530148688,-3.1407911464,4.87340393906,3.3000000000000016
327,0.213891196306,2.71988878289,1.37691923574,-0.510516827624,3.3000000000000016
328,0.293155497607,1.7582578775,-0.639730675787,1.73242682156,3.3000000000000016
329,0.133320304866,-3.3313065922,3.26503349407,0.612957742143,3.3000000000000016
330,0.100278083915,1.279794903,0.0551587319666,0.475853242766,3.3000000000000016
331,0.182970496192,-0.885056554985,-0.497176057671,-3.27410362031,3.3000000000000016
332,0.120803540942,0.334513238649,-0.197565066439,0.254010959712,3.3000000000000016
333,7.5727164482,1.0430648292,-1.04128680383,-2.11094435174,3.3000000000000016
334,0.288314838444,2.55752884597,1.97447649151,1.05011880091,3.3000000000000016
335,0.489273338681,0.667305311049,0.882657104051,1.04918598891,3.3000000000000016
336,0.423347517875,2.06737887958,-2.18336132461,-0.697496311676,3.3000000000000016
337,0.221317715984,-0.150075657517,1.4382922253,-0.255213151826,3.3000000000000016
338,0.16841096603,-1.97543375569,0.293603486267,-0.860050592326,3.3000000000000016
339,0.283319613901,0.602489727593,-2.76514585837,-1.70204997647,3.3000000000000016
340,1.55109192702,-1.33565765137,0.989391923825,-2.42267956346,3.3000000000000016
341,0.19171755872,1.30076865502,-5.29459591586,-0.33272408549,3.3000000000000016
342,0.109707080122,-0.538266251228,1.73739280089,2.22639873486,3.3000000000000016
343,0.529643837323,1.79144097647,1.33355230371,1.35805436238,3.3000000000000016
344,0.485259761112,-0.715683774895,-2.88792128573,-0.338582377366,3.3000000000000016
345,0.376207878176,0.586386008128,-0.391461877142,2.44625376133,3.3000000000000016
346,0.696214361041,-4.90449383697,0.847122773606,2.95196510572,3.3000000000000016
347,0.882328510018,0.764995466771,0.461605906699,0.419231774834,3.3000000000000016
348,0.121741452047,3.37672202985,-1.63268798869,0.317372177016,3.3000000000000016
349,0.710126277428,0.7771293025,0.286099207631,-0.23439293332,3.3000000000000016
350,0.773757540225,2.14931861621,1.44469810725,0.3998634383,3.3000000000000016
351,0.138508273846,-0.86773315059,-0.55908851912,-2.48920539344,3.3000000000000016
352,0.353498418866,0.53345713736,-1.47779438697,-0.344907751357,3.3000000000000016
353,0.152581424198,-0.31400508649,-0.521597161128,1.92493177676,3.3000000000000016
354,0.202681692929,1.75046669436,1.70913298554,-3.20993959719,3.3000000000000016
355,0.141352947531,3.86328393077,3.34818263052,-1.99625642137,3.3000000000000016
356,0.100638089143,-0.850797082604,-1.0029811979,4.071683545,3.3000000000000016
357,0.108129620312,-1.56461806702,0.297129278509,0.350543019629,3.3000000000000016
358,0.100631077721,0.918885517924,-0.0386163842446,1.1091367461,3.3000000000000016
359,2.07371860687,4.93528846924,2.47587539673,1.02336062655,3.3000000000000016
360,0.170750724036,4.56184928934,-4.58275060882,3.07185269195,3.3000000000000016
361,0.344085546839,3.51432591951,1.03183040271,2.29622839392,3.3000000000000016
362,1.02314967368,0.185874509006,0.452163601465,0.464769247037,3.3000000000000016
363,0.721619597318,1.19528645755,-4.20404411088,2.12053585477,3.3000000000000016
364,0.247102753934,0.423441455857,0.186009368261,1.50341977711,3.3000000000000016
365,0.174884850021,1.72709167583,0.402697658597,1.20093365788,3.3000000000000016
366,0.227182078476,1.23586699163,0.0312616435657,0.064941239527,3.3000000000000016
367,0.302685581362,-2.0326550817,-0.405828308402,-1.63330254051,3.3000000000000016
368,0.104018426108,0.225597944893,0.478291390667,0.719208056939,3.3000000000000016
369,0.537171998558,-0.719191548222,-1.16834747174,0.442799403614,3.3000000000000016
370,0.138022969688,-1.89265911394,-1.72412302218,-1.37484307113,3.3000000000000016
371,2.44457327202,1.16569076039,-0.540232154583,2.08767840039,3.3000000000000016
372,0.298502661554,0.926836405276,-0.00826306176983,0.49252339986,3.3000000000000016
373,0.145048807974,0.062383919869,-2.57207776761,-1.10880817594,3.3000000000000016
374,0.640605802778,-1.27606345302,0.75451092518,1.41285501281,3.3000000000000016
375,0.268696478218,-2.74759526438,-1.57793923712,-0.125559967662,3.3000000000000016
376,0.156805473309,-3.61858654763,-1.03738590351,4.35226883563,3.3000000000000016
377,0.882011915447,0.837553191355,-0.742425785387,0.805096516116,3.3000000000000016
378,2.74020399816,0.541345494678,0.311220617793,0.629892664988,3.3000000000000016
379,0.305830276955,1.17035785768,-0.368156578772,0.408882931571,3.3000000000000016
380,0.136134378271,-1.09557321139,1.31807949595,-0.373030354781,3.3000000000000016
381,0.20009391978,0.194973188871,1.53391205703,-0.477279207455,3.3000000000000016
382,0.164887906107,0.607663753739,0.988084104669,0.479624375621,3.3000000000000016
383,0.104307930501,-0.984120879416,-0.0579129549808,-0.433773042452,3.3000000000000016
384,0.350737058007,-1.84507652101,-0.242108462462,0.33632729169,3.3000000000000016
385,0.690254678977,0.715786906718,-2.09120186078,1.65994260684,3.3000000000000016
386,9.9729180511,-4.8041022567,-0.420109916915,-0.518868862229,3.3000000000000016
387,0.636208047384,-4.00678784729,-0.555651589866,-0.475003738856,3.3000000000000016
388,0.322561861371,1.52119766115,-0.200324589586,0.498667444902,3.3000000000000016
389,0.115117547554,-0.256421674683,-0.603537488189,-1.12456992547,3.3000000000000016
390,0.450413279594,-0.232654930515,3.27413873025,-0.318478711066,3.3000000000000016
391,0.800904352703,0.723458201498,1.73126906862,-0.628079659378,3.3000000000000016
392,0.187010098012,1.25148604283,-0.047007689274,-0.0825057294765,3.3000000000000016
393,0.142622100565,1.00460693449,-1.09867987875,-0.124391032669,3.3000000000000016
394,1.15920752415,1.84875956948,-1.21426351286,-0.399364046316,3.3000000000000016
395,0.163422791614,-0.173521701433,-2.21261828614,0.580150457643,3.3000000000000016
396,0.162270649494,-2.66637462298,-0.524402488076,-0.0916738994768,3.3000000000000016
397,0.461133422715,0.964878221641,0.145030461741,0.866895254354,3.3000000000000016
398,0.351621057776,-0.73884792921,0.521483629727,-1.93163860492,3.3000000000000016
399,0.790432715112,-0.113516710442,-1.14000128845,0.280844952081,3.3000000000000016
400,0.127983497476,-2.32884381194,0.173597783288,-0.0315994380214,3.3000000000000016
401,0.169481283,-0.602090445348,-1.09281729316,-1.60273764081,3.3000000000000016
402,4.27089775993,-2.83584686096,0.960480301007,-1.67503421716,3.3000000000000016
403,0.194975565135,-2.38875795362,0.45746134616,-2.87997472274,3.3000000000000016
404,1.08229298442,0.230135777179,0.196007472264,1.4160627497,3.3000000000000016
405,0.104303363629,0.255503257891,1.03198480557,0.447936480605,3.3000000000000016
406,0.190250504389,1.9861592605,-0.765924081701,-1.08320646245,3.3000000000000016
407,0.311041053239,2.03667639601,0.321550084852,3.97409544745,3.3000000000000016
408,0.15303451541,0.527008481475,-1.51703462397,-0.582168521472,3.3000000000000016
409,0.146856629849,-0.0431670464597,-2.22828091887,-0.554409814998,3.3000000000000016
410,0.485976215088,0.0360540580724,-1.48065660765,-1.33384110569,3.3000000000000016
411,0.245810806156,1.02458339768,1.2633958838,0.015604206218,3.3000000000000016
412,0.155677077421,-0.115696024587,0.010459469581,3.14714890001,3.3000000000000016
413,0.131539326825,1.94011143302,-0.959241671502,0.696609967635,3.3000000000000016
414,0.220452167038,-0.0951507296704,2.57191782247,1.97282882496,3.3000000000000016
415,0.104658080411,0.858667939498,0.912920322684,1.06971940625,3.3000000000000016
416,3.11561192133,2.99076017627,-2.27495849203,1.70863371908,3.3000000000000016
417,0.212847994175,1.57604983755,2.9730699841,0.0220562009925,3.3000000000000016
418,0.162520682669,-0.769298033101,-1.52438088672,0.209852936379,3.3000000000000016
419,0.116789154103,2.20724035361,-0.700512702847,-1.91281827156,3.3000000000000016
420,0.124352020151,-0.152943004478,1.62871634404,-0.586401798999,3.3000000000000016
421,0.25204087463,-3.07996094117,-0.81936583065,-0.493817382187,3.3000000000000016
422,0.23789969575,3.72579284087,3.19387440391,0.016774691456,3.3000000000000016
423,0.372001359818,3.29854546864,1.53435871731,-3.92014166323,3.3000000000000016
424,0.1076503224,-3.22815571615,1.84894161444,4.35835563938,3.3000000000000016
425,0.160033385904,-0.428654432924,-1.97557451802,-1.67845451437,3.3000000000000016
426,0.201467475288,0.945360738173,-0.24601735564,1.22313982268,3.3000000000000016
427,0.127061775129,0.464338318083,-0.794293013966,1.10471686309,3.3000000000000016
428,1.66981043643,-0.548890185039,0.962846998947,1.62844497932,3.3000000000000016
429,3.90785126445,-1.39465137665,1.64486386,2.89832199967,3.3000000000000016
430,0.180106700563,0.168700222315,0.558740336944,0.637917645067,3.3000000000000016
431,0.725288285492,-1.42709141982,-0.817744269182,-4.35114778733,3.3000000000000016
432,0.211507135406,1.4567187378,-1.44499077465,-2.39910406454,3.3000000000000016
433,4.80214283829,1.07959210509,0.709184716429,-1.07885438675,3.3000000000000016
434,0.1064949566,0.352586041158,-1.17386984349,1.85115622875,3.3000000000000016
435,1.84478828367,-1.88012131714,1.16149789946,-0.0301687712243,3.3000000000000016
436,0.456933122649,0.865677364656,0.693793490278,1.10588108375,3.3000000000000016
437,1.74109371656,0.888350683275,0.9315554152,1.33395460685,3.3000000000000016
438,0.112423758819,0.771467114231,-0.532942748069,-3.0802065316,3.3000000000000016
439,0.634609211947,-1.38305840606,-0.322051087926,0.628901079417,3.3000000000000016
440,0.25889973891,0.389337371498,1.27142444636,-0.282266704392,3.3000000000000016
441,0.120948686819,1.28794853893,0.199823261076,0.77460752301,3.3000000000000016
442,1.17002163934,-0.997422421476,-1.88767588991,4.34448342608,3.3000000000000016
443,0.147146150437,0.799291463856,0.62086130434,0.433389859744,3.3000000000000016
444,0.627292327079,-2.36919611643,-0.654046587282,-2.30973019655,3.3000000000000016
445,0.253464849534,0.362219764225,1.07806364184,2.70168825633,3.3000000000000016
446,1.25362720397,1.24843087774,0.567124276416,0.314540129858,3.3000000000000016
447,0.666087175945,0.682336344796,-0.861175074827,1.16560653964,3.3000000000000016
448,0.213444220323,-0.617626322684,-0.775130921224,-0.785651224919,3.3000000000000016
449,0.577813962716,0.295725140616,-2.42834370384,-3.08656583996,3.3000000000000016
450,0.168659026362,0.0412408539525,-1.7651599567,0.115072456357,3.3000000000000016
451,0.127295534433,1.38652528466,-0.543128043572,1.41180705114,3.3000000000000016
452,0.248191759836,-0.876452887068,0.693652976495,1.46710528128,3.3000000000000016
453,0.537067571536,1.86791956772,-2.01267000586,-0.977707523887,3.3000000000000016
454,0.136471885947,0.631932505287,-0.421335450608,1.49648178588,3.3000000000000016
455,0.501841205387,3.7188123311,1.95143640502,1.39944957332,3.3000000000000016
456,0.241624255425,-1.0802197838,-2.70233731735,0.892489968307,3.3000000000000016
457,0.146143976372,1.00165232063,-1.80464667568,1.28669060886,3.3000000000000016
458,0.238854901684,-1.91849232194,4.32878211953,1.1230309755,3.3000000000000016
459,0.68024722712,2.32037016361,1.97858211135,-3.88622670804,3.3000000000000016
460,0.380710699194,1.10888871544,0.566358253404,-0.983677122752,3.3000000000000016
461,0.104258364703,0.380358711609,0.439928969659,-0.361404033879,3.3000000000000016
462,0.139747921597,0.595139313077,0.204497189441,0.205047423333,3.3000000000000016
463,0.883579732379,0.889736459818,0.252955239907,0.712270173039,3.3000000000000016
464,0.199785212417,-1.3614251759,-0.174691000055,-0.174870675224,3.3000000000000016
465,0.143641490768,-0.80846145731,-0.273915108382,-1.15934282473,3.3000000000000016
466,0.751979009293,-1.38842720563,0.462651207266,-0.304326594487,3.3000000000000016
467,0.125180775561,-4.39174149462,-0.811779062525,-3.27174398654,3.3000000000000016
468,0.158610103176,-3.5731847474,-2.17909601005,-1.23854162141,3.3000000000000016
469,0.111003802526,1.22707671554,0.616621153079,1.7556433356,3.3000000000000016
470,0.384413306943,-0.448935032607,1.59296313903,-1.58630498406,3.3000000000000016
471,0.129847664513,-0.28135199303,0.306585157766,1.70041843449,3.3000000000000016
472,0.91205470575,0.672609557458,-1.06726600124,-0.0842885112034,3.3000000000000016
473,0.145619822779,-0.679617337732,1.99054929119,1.3630576566,3.3000000000000016
474,0.140592094193,4.69422402137,-2.38668220276,-0.108742420273,3.3000000000000016
475,0.20449034825,-0.590839364116,0.616637818063,-1.17895068634,3.3000000000000016
476,0.472635563807,1.68939036458,1.68643461269,0.246889706851,3.3000000000000016
477,0.161736129699,-0.208387129887,-0.292945033258,-1.35056576648,3.3000000000000016
478,24.1842893309,-0.96919906337,1.9291848761,-3.25673352083,3.3000000000000016
479,0.598706907404,0.813379920677,1.48547388666,2.45818384958,3.3000000000000016
480,0.747895503021,2.90016313119,0.230071820918,2.22364175415,3.3000000000000016
481,0.386929880939,-0.317924826077,-0.838209521458,0.0960012970759,3.3000000000000016
482,0.122581708567,-4.81738908225,1.51441063523,-0.0747965571596,3.3000000000000016
483,0.150782742391,0.421781616057,-0.116309231897,0.963582648118,3.3000000000000016
484,0.109410059212,0.415164032792,-1.15388731086,0.963610306136,3.3000000000000016
485,0.113751664794,1.28367210338,1.07473233474,0.749548271698,3.3000000000000016
486,0.128251801809,-0.0427941542301,-3.81850035883,-4.82147012131,3.3000000000000016
487,0.581469373621,-0.487976067636,-0.367044122861,-2.64753086688,3.3000000000000016
488,0.224203073169,-2.7609404801,-3.99108933862,-1.24946506472,3.3000000000000016
489,0.136338859855,3.56836948678,-0.25219258333,1.115066015,3.3000000000000016
490,0.310464458082,2.98327814533,-1.27129004407,-0.18472025788,3.3000000000000016
491,0.557764375295,0.559985593453,-1.85435633387,0.870529431219,3.3000000000000016
492,0.638459874843,0.703580670082,-0.272337105661,-1.10655817339,3.3000000000000016
493,0.11210575659,2.46457328354,-3.25540507759,1.04324094312,3.3000000000000016
494,0.617881730418,1.44217878883,0.417723270462,0.279376085654,3.3000000000000016
495,0.472776097101,0.319857892252,-0.504007810565,0.355887843073,3.3000000000000016
496,0.135401938588,-0.957036060567,0.502938227841,-1.60971248652,3.3000000000000016
497,0.150028247012,0.161326017942,-1.99745562728,-0.556941998731,3.3000000000000016
498,0.533713296973,4.73467747188,3.68364223191,0.133701571893,3.3000000000000016
499,0.153327852394,0.326137662391,2.26011760832,0.11196595608,3.3000000000000016
500,0.147728420564,-0.27517708965,0.773594162138,-2.95244798005,3.3000000000000016
501,0.164114858368,0.301498891939,-0.731446859346,-0.795627805939,3.3000000000000016
502,0.164178731194,0.550192502141,2.30824704772,-0.210105056806,3.3000000000000016
503,0.111774479216,0.144348300249,-1.44143396689,1.26987469639,3.3000000000000016
504,0.208132716233,0.219956190242,-2.09767935868,-1.85161685007,3.3000000000000016
505,1.22155935789,1.16016223219,0.204762594109,0.106646833402,3.3000000000000016
506,0.82364512305,-2.31686445865,2.46151159248,-0.748388195746,3.3000000000000016
507,0.378821453395,0.580111367955,0.107935396088,0.288104553203,3.3000000000000016
508,0.251764321123,0.511932508794,0.443475358863,0.665371618113,3.3000000000000016
509,2.19951730463,-2.88530067408,-3.71586362342,3.28853821743,3.3000000000000016
510,0.312700449529,0.370132865201,0.651286624076,-2.84547256154,3.3000000000000016
511,0.378809715577,1.41634238484,4.89156974481,-0.267173802688,3.3000000000000016
512,4.5012926305,1.56726668108,0.450443194187,0.842761312085,3.3000000000000016
513,0.435491042036,0.876678777177,0.192470265269,0.792860146711,3.3000000000000016
514,0.243255343023,0.0745719879092,-0.421227181418,-0.016280497559,3.3000000000000016
515,0.212933076099,0.833439835613,-0.715988053551,1.04196466117,3.3000000000000016
516,0.39056979841,-0.197839982168,1.4315015921,-1.23190828388,3.3000000000000016
517,0.111223858117,-2.39449879244,0.494290366368,-1.47207468191,3.3000000000000016
518,0.125484857954,0.151309845334,0.367369165594,1.07600040725,3.3000000000000016
519,1.16458220098,1.71466530515,-4.59519135784,0.412664609936,3.3000000000000016
520,0.518968590003,1.7248555878,-1.69931907279,0.899943269132,3.3000000000000016
521,0.42369016135,0.726325819015,0.281998979755,0.577215050978,3.3000000000000016
522,7.09456764405,-0.681275797091,2.56232118614,2.64949091317,3.3000000000000016
523,0.12513270333,-0.296183865081,1.27776975972,1.73059791335,3.3000000000000016
524,0.509825313614,-2.55990252563,3.61219902712,1.47445469436,3.3000000000000016
525,0.428187073455,-0.210988455337,0.177541164697,-1.92192607989,3.3000000000000016
526,0.319024781892,-1.71907478671,5.33225693329,3.54979529485,3.3000000000000016
527,0.126573253194,4.23964757072,-2.04520926668,0.0834068056185,3.3000000000000016
528,0.461429045991,1.41124208468,0.26645137317,0.527665783299,3.3000000000000016
529,0.184039308789,2.19441236829,1.35204789497,-0.320417250235,3.3000000000000016
530,0.604245987082,1.51973657252,0.321732878387,-3.70409919031,3.3000000000000016
531,0.196110774743,0.185037167142,0.544800852637,0.996400803854,3.3000000000000016
532,0.692500146357,0.704462150022,0.146695425035,0.438528101915,3.3000000000000016
533,0.976566328883,-1.04187088819,-2.05527612845,-1.94069930753,3.3000000000000016
534,0.419820412023,0.466790104918,1.83912232384,-3.29707264489,3.3000000000000016
535,0.153267847024,0.818873083997,-1.22717182726,-1.62818278425,3.3000000000000016
536,0.471716937222,-0.206529618155,-2.87566751706,2.40203368225,3.3000000000000016
537,0.165915086128,0.946497263997,0.553667197891,1.1649868177,3.3000000000000016
538,2.26346606504,-2.87677239724,1.36129864578,3.69009690906,3.3000000000000016
539,0.203528373749,0.662945614022,0.491536126459,0.889298577624,3.3000000000000016
540,0.202876882019,1.80030649885,0.242898653512,1.23591671984,3.3000000000000016
541,0.719339665247,0.525377428886,0.0744329140233,0.536475410395,3.3000000000000016
542,0.120469820559,-0.702032043258,0.874576376726,-1.26573926452,3.3000000000000016
543,3.03156243936,0.760149114203,0.689736897854,0.749727415947,3.3000000000000016
544,0.655011893537,-2.13903619683,0.974290778588,4.02743904417,3.3000000000000016
545,0.111016991694,0.99873857749,0.0845991538059,0.322356019572,3.3000000000000016
546,0.185051786361,-2.52504329375,-0.183869033311,3.08055179605,3.3000000000000016
547,0.316366811791,-0.447385809158,0.796402756093,0.664292268647,3.3000000000000016
548,0.235666910325,0.647106653466,-0.482562785025,0.127124148516,3.3000000000000016
549,0.474924774291,0.628619547381,0.725570327142,0.719628542272,3.3000000000000016
550,0.575000770054,-3.39681296675,-2.31131774551,-1.33548359316,3.3000000000000016
551,0.360158789069,2.26421827982,0.437562211282,1.83910853291,3.3000000000000016
552,0.15712414257,-4.70145029376,-1.713591236,-0.479174266201,3.3000000000000016
553,0.20818438048,1.44752291691,0.511318507297,0.632399384968,3.3000000000000016
554,0.566470221283,0.710930177674,-0.954647191001,1.49955832051,3.3000000000000016
555,0.359839285178,0.843923253508,0.164251310453,-0.676143967365,3.3000000000000016
556,0.200023076759,-1.50373054449,-2.01552254568,-3.86351662921,3.3000000000000016
557,0.214474410115,0.272858191663,-0.778584828513,1.32938365564,3.3000000000000016
558,0.125415155139,0.488700062075,-0.308796646724,-0.0667154736155,3.3000000000000016
559,0.113613181748,0.445069651279,0.0501516158866,0.296909499498,3.3000000000000016
560,0.170793725975,2.26943632975,1.01268492272,1.30659983045,3.3000000000000016
561,0.161675798262,-2.52195716132,3.73906519813,-1.87332596576,3.3000000000000016
562,0.373067178646,-3.0986851083,1.69763962593,-2.46034746763,3.3000000000000016
563,0.362849975738,-0.537238770657,-0.564801319041,0.706829393101,3.3000000000000016
564,0.127435766495,1.00638210272,-0.746522292284,-3.05998662485,3.3000000000000016
565,0.303069210526,1.19925507425,-0.412082530757,1.18519776809,3.3000000000000016
566,0.564169311905,1.03410672532,1.49549466797,2.02648186613,3.3000000000000016
567,0.111972489265,1.43293469764,1.22742437154,-1.05412778683,3.3000000000000016
568,0.246855845833,2.40399309306,0.293526609885,-0.437594037717,3.3000000000000016
569,0.101054992318,0.745355683188,0.713058497982,0.6062237934,3.3000000000000016
570,0.44040920012,0.0792752980379,-3.00883514468,0.0532404486269,3.3000000000000016
571,1.26103905447,1.42187622765,0.839428339545,0.579576951483,3.3000000000000016
572,0.163555380117,1.6948875763,-0.142209527616,0.684479166606,3.3000000000000016
573,0.442898335681,4.96050248668,0.940145983911,-1.4214926643,3.3000000000000016
574,0.246405819077,3.97435533982,0.219299704552,1.13418956712,3.3000000000000016
575,0.920840438343,2.28885835234,1.33400116695,-1.32307802765,3.3000000000000016
576,0.326059583912,-2.62664548018,-1.25441660674,-0.37236967114,3.3000000000000016
577,0.140598481409,0.0566428414299,-0.132313740958,1.06963277762,3.3000000000000016
578,0.624885856356,-3.58819469016,-2.7585572056,0.953704355635,3.3000000000000016
579,0.146009721437,-1.13658249095,0.287488917364,0.524074346687,3.3000000000000016
580,0.775861678338,3.08194073616,-0.880190552179,-2.87288710624,3.3000000000000016
581,0.100892552137,2.63819387042,1.76910392576,0.832589156128,3.3000000000000016
582,0.234154904637,-0.5817218692,-1.60236744785,-0.325756711988,3.3000000000000016
583,0.105008922503,2.72557343089,1.04825945909,0.678570702968,3.3000000000000016
584,0.153678157211,0.949402873817,-0.142395700244,0.794315768768,3.3000000000000016
585,0.479666705243,1.14298793399,0.0423764938405,0.668624394938,3.3000000000000016
586,1.25129891463,0.209970200978,0.846057870726,1.07070203514,3.3000000000000016
587,0.170563176464,-0.938457757078,2.08365382301,0.251431472352,3.3000000000000016
588,3.87150600588,0.893733712455,0.67133182764,0.659344063252,3.3000000000000016
589,0.880888599429,0.78877210243,0.779158649334,1.29167231106,3.3000000000000016
590,0.17825131922,2.43607614614,-1.15612573807,-2.11522894593,3.3000000000000016
591,0.290148303281,0.326714180367,3.36052857723,-0.818406279005,3.3000000000000016
592,0.107649376253,0.339332356267,-3.89543266538,-0.694344533675,3.3000000000000016
593,1.58200807358,4.85781874688,3.77283917226,0.121340875346,3.3000000000000016
594,0.395043763308,1.07654680877,1.82078937355,1.6790899695,3.3000000000000016
595,2.23014031258,1.84827732843,-0.0920257649225,1.07929922878,3.3000000000000016
596,1.3534156698,-1.91579432676,1.92791371474,-3.19581801354,3.3000000000000016
597,0.125999352806,0.572629546006,-1.70852899741,0.136437953933,3.3000000000000016
598,0.508719489359,2.20130869111,0.678171699261,0.0957480288305,3.3000000000000016
599,0.39394128609,-0.219387645837,-2.09488303737,3.15214298973,3.3000000000000016
600,0.117333123373,1.38075388817,1.01238177739,1.54379270716,3.3000000000000016
601,0.129497695666,0.920569040821,-0.129246019789,0.761914499133,3.3000000000000016
602,0.632527455692,1.71330481627,0.440351317603,0.917947430768,3.3000000000000016
603,0.206284428314,1.22961107131,0.400643999057,0.241932520161,3.3000000000000016
604,1.12558016941,0.793975359857,1.69488879372,0.0573486352674,3.3000000000000016
605,1.13260545696,0.974073027842,-0.0343302817392,0.475688719354,3.3000000000000016
606,0.140881797828,1.06453493988,-0.149732442509,0.25967683299,3.3000000000000016
607,0.190590827019,-1.5748472601,-0.299747068385,0.445116466707,3.3000000000000016
608,0.454779265251,1.77828399621,0.307536677283,0.759923000181,3.3000000000000016
609,0.357812388916,-2.06255589155,2.74350720312,1.24586811201,3.3000000000000016
610,0.275314546085,1.43273892655,-0.20204624969,2.73096982458,3.3000000000000016
611,0.234720222754,0.982452552078,-0.696902057251,0.524206279781,3.3000000000000016
612,0.228971100311,1.56034068521,-0.0264961953423,1.54919765649,3.3000000000000016
613,0.594141571289,-2.03435252241,-2.04562564412,-1.15457646982,3.3000000000000016
614,0.143912650502,1.38535902541,0.857757299794,0.871776115921,3.3000000000000016
615,0.95565809729,0.307688958684,-0.0188319211621,1.04754396177,3.3000000000000016
616,0.178363826945,-0.995456379586,-0.208632129877,-0.279359204492,3.3000000000000016
617,0.35217092807,0.348079935953,-0.191038611619,1.45812539451,3.3000000000000016
618,1.59183622869,-2.38898391197,-1.13904660732,0.201200955718,3.3000000000000016
619,3.73676271702,1.06118658299,0.294793894293,0.720924014596,3.3000000000000016
620,0.662327292006,0.705919672824,0.522284786935,0.19558672017,3.3000000000000016
621,0.133306245466,1.57654905563,-0.528825400846,1.88455577413,3.3000000000000016
622,0.104391101939,0.0768499690696,0.146751617099,0.846266739524,3.3000000000000016
623,0.191522627914,-4.31539526204,-1.60396481752,0.698326534462,3.3000000000000016
624,0.697608888394,-1.70309202362,1.19228136896,1.9386236514,3.3000000000000016
625,0.146953245793,0.834005194239,0.258411370908,0.91259831565,3.3000000000000016
626,0.383554097178,-0.516898882752,-0.07593416609,1.65262377273,3.3000000000000016
627,0.198198672687,-1.06478986028,1.80766023629,-3.27439109069,3.3000000000000016
628,0.170296026668,-2.46589816413,-3.0285862815,1.35612501362,3.3000000000000016
629,0.108336032113,1.87742224809,0.307236396506,-1.10841632554,3.3000000000000016
630,0.280392865222,0.100205233143,1.06835080248,1.39882660186,3.3000000000000016
631,0.100088522921,-0.890276031798,1.79457708665,2.46903651454,3.3000000000000016
632,0.119792207103,-0.284041336802,0.153519059853,0.168658805993,3.3000000000000016
633,0.150729083651,0.53599849003,-0.537789942767,1.05010896072,3.3000000000000016
634,0.125407351674,0.5572238147,0.348068772784,0.727119802088,3.3000000000000016
635,0.22912396311,0.182062256661,3.12990507548,-3.31466250142,3.3000000000000016
636,2.85434159741,0.314358839177,-0.0816500238789,0.651349652162,3.3000000000000016
637,0.170971280489,2.11965533956,-0.713164610162,2.37226764108,3.3000000000000016
638,0.138761664374,-0.542269282641,-1.8071654835,0.0121503173632,3.3000000000000016
639,0.64509292794,1.18037005026,-1.75714896883,2.75803327767,3.3000000000000016
640,0.381161216192,-1.12366418463,5.75204054075,-3.28754540157,3.3000000000000016
641,0.661706499734,1.53623963541,-0.61520483304,3.42267779289,3.3000000000000016
642,0.197731677498,1.17023513807,0.27940160456,0.941877797213,3.3000000000000016
643,0.118858335854,1.56107531044,0.94368919786,-1.82088243925,3.3000000000000016
644,0.264067470209,0.458684233316,0.0156727647033,0.77591526727,3.3000000000000016
645,0.65825982504,0.21633068374,2.51301581302,-0.0860832663115,3.3000000000000016
646,0.14898041298,0.533103141891,0.539381563094,0.728577781581,3.3000000000000016
647,0.691417203717,1.12103556226,0.265543796192,0.890004154259,3.3000000000000016
648,1.46247328847,1.77974972413,1.4043778618,-1.34395302324,3.3000000000000016
649,1.20016921238,-1.58768843015,-2.0337789851,-2.20035351116,3.3000000000000016
650,4.23347906077,0.199672979883,-2.54214854565,-1.92347506287,3.3000000000000016
651,0.296665583447,-2.92359247358,-1.13420629947,-1.86140602371,3.3000000000000016
652,0.259727245347,1.13423787317,0.519810171751,-0.103125035219,3.3000000000000016
653,0.186068268184,4.29283596772,2.51711085451,-0.211034582274,3.3000000000000016
654,0.309724211688,1.01821775299,0.176648036911,0.879938984107,3.3000000000000016
655,0.121922905814,1.44368669797,0.888074121009,1.20463288174,3.3000000000000016
656,0.346831722971,0.605387182077,-0.737652648243,1.52987260761,3.3000000000000016
657,0.171023854169,1.06425819863,-0.662125359009,-1.72911111944,3.3000000000000016
658,0.177987759012,-1.65080705756,1.8699324144,-3.41695788861,3.3000000000000016
659,1.65205640591,1.16244683278,0.353832977218,0.381573622372,3.3000000000000016
660,1.17914634223,0.86560273244,0.806569744673,0.566503726324,3.3000000000000016
661,0.368014936583,0.20896466461,0.388894205978,-0.328068848399,3.3000000000000016
662,0.108941957563,0.0587274555122,-4.35587109164,-0.929050239977,3.3000000000000016
663,0.195448267586,1.34953566823,0.86719025037,0.695361775426,3.3000000000000016
664,0.404328966212,4.03246628261,-0.489802289786,-0.586048094585,3.3000000000000016
665,0.203939753691,2.31995610813,-1.27504143393,1.28835593847,3.3000000000000016
666,0.115123628574,-0.0506894810261,0.930021088048,-0.435360352037,3.3000000000000016
667,1.31795180144,0.194483315062,-2.18715548219,-0.250473422512,3.3000000000000016
668,0.314769664707,2.51608568993,0.70933366764,-0.290353562041,3.3000000000000016
669,0.15619960069,1.09406583413,-1.00088078834,-0.191833755803,3.3000000000000016
670,10.3282866689,-0.618467577579,-1.41976679649,-2.80566240711,3.3000000000000016
671,0.332500427127,-0.6678209762,2.07458795409,2.65305254188,3.3000000000000016
672,0.32745717372,-0.850386025395,3.55610109085,0.400229577586,3.3000000000000016
673,0.170176082536,1.63528518152,-0.616329987629,-2.36281255862,3.3000000000000016
674,0.478742634677,0.86713047825,0.669536651971,0.908056895567,3.3000000000000016
675,0.191949922589,1.31120972354,0.489866454866,0.58721292281,3.3000000000000016
676,0.552985370798,0.369221843398,-0.607956497191,3.19485436018,3.3000000000000016
677,0.262840473534,0.891677773481,0.237424500329,0.540032427046,3.3000000000000016
678,0.146397504892,-1.99156200649,2.57901240692,4.45056735628,3.3000000000000016
679,0.212617768062,1.06209702837,-1.32760032193,-1.07042557051,3.3000000000000016
680,0.179843831446,0.795489009286,-2.16628823895,-0.4885320919,3.3000000000000016
681,0.721977121354,1.16041756388,0.884372991607,2.0431606757,3.3000000000000016
682,0.406217232565,-0.887784015684,-1.41407994198,1.34597908023,3.3000000000000016
683,0.151021421034,-0.0957503433425,-2.14422266643,-1.29270278303,3.3000000000000016
684,0.308411450668,-2.59286776012,1.35261642461,-2.32882722729,3.3000000000000016
685,0.119808956537,1.19584370891,1.3913341938,0.458057556274,3.3000000000000016
686,0.234128960682,1.07673551623,0.263604181779,0.772751453287,3.3000000000000016
687,0.384299579077,0.614405508028,0.769439148216,0.228248589758,3.3000000000000016
688,0.264923869529,-3.00405167937,0.0296758927061,0.720213103631,3.3000000000000016
689,0.157263415402,-1.44844448439,0.221075177832,-0.790630438467,3.3000000000000016
690,0.301896954452,-3.63658917375,-1.79139482231,-4.29579520665,3.3000000000000016
691,0.16171357661,0.424384831897,0.0972564709392,0.782546838069,3.3000000000000016
692,0.370217994061,-0.729251978755,0.655496232709,-1.10685165776,3.3000000000000016
693,0.471729224565,-0.351253044662,0.612459249156,0.592798991569,3.3000000000000016
694,0.309971156042,1.62812138238,2.08851673241,0.34709859693,3.3000000000000016
695,0.250363581757,0.865866211702,0.0285037164246,0.566692332562,3.3000000000000016
696,0.117638399384,-1.08978339926,1.18424861633,1.90515477477,3.3000000000000016
697,0.803300182165,0.455609690108,-0.565422428563,1.91296328083,3.3000000000000016
698,0.102839126557,-0.166020208294,-0.28008586073,1.107182191,3.3000000000000016
699,0.15120364914,0.584390735401,-0.495668155249,-0.888328107452,3.3000000000000016
700,0.444650934846,-1.61643698773,0.859640724852,-0.458342485428,3.3000000000000016
701,0.187570419176,-2.6411419126,-0.71397694321,-2.06037593821,3.3000000000000016
702,0.509661588297,0.723312457899,-0.0277966395596,0.587566053466,3.3000000000000016
703,0.138061022244,-0.0513947137437,-2.25139008208,-4.76376637939,3.3000000000000016
704,0.156604257483,2.47325259576,-0.134240646299,0.0590547113303,3.3000000000000016
705,0.745338510104,0.39584522079,-0.443265685111,1.84112704686,3.3000000000000016
706,0.328585387432,-1.20348059208,2.37348415139,-0.390325104945,3.3000000000000016
707,0.50549392417,-2.00900191391,5.50813940039,-0.783840804218,3.3000000000000016
708,1.57172408895,-1.21582855503,0.7410735217,2.52542313851,3.3000000000000016
709,0.108724419043,-0.478581473222,3.42758212852,0.603010667919,3.3000000000000016
710,0.377288731014,0.922992878776,1.20296526056,3.02044120873,3.3000000000000016
711,1.36167236049,1.65083716062,1.30521324055,1.9975698462,3.3000000000000016
712,0.530669621774,0.979428107291,0.609048433372,0.415616306275,3.3000000000000016
713,0.138908712315,-0.210601003839,2.15564633669,1.36374382563,3.3000000000000016
714,0.345698787012,0.322571893151,-0.150042554683,-1.19060193976,3.3000000000000016
715,0.296099933786,-0.907622161572,2.82468410874,-1.80577244208,3.3000000000000016
716,0.27144936271,2.93203778308,-2.9002849877,3.47050074243,3.3000000000000016
717,0.712950432263,-0.53578345824,1.2570775176,-1.78598461558,3.3000000000000016
718,0.166219887657,1.86570466535,0.0665738576036,1.00589930305,3.3000000000000016
719,0.237408076053,1.01752640477,0.208194989532,0.60650459903,3.3000000000000016
720,0.537243921813,-2.34503473278,3.57464145933,-5.38620873402,3.3000000000000016
721,1.45168482915,-1.42921349182,-5.34268911934,3.63921623678,3.3000000000000016
722,0.150567913676,-0.172400548677,-0.0852553735754,0.555431696705,3.3000000000000016
723,0.152176956541,-1.71326001362,1.21665973019,-0.645097524114,3.3000000000000016
724,0.436001938935,2.2098583681,-1.58268308826,-0.207320838947,3.3000000000000016
725,0.709051377308,-1.38195802366,0.563118336708,0.19595384627,3.3000000000000016
726,0.123496915845,0.252002032218,0.202306675915,0.110848201684,3.3000000000000016
727,0.454291871926,-0.078098036376,0.176715319893,-0.577314630944,3.3000000000000016
728,4.21607738702,2.83037707448,-1.41786015023,-0.215181722527,3.3000000000000016
729,0.619846581637,1.37478046583,-0.39442390608,-0.856699527585,3.3000000000000016
730,0.274342263127,0.37828580435,-0.524479989252,1.51219445889,3.3000000000000016
731,0.196050899143,1.43044139048,-1.77813606473,3.10321400793,3.3000000000000016
732,0.100323696639,-0.503514598951,-1.01012487249,-0.239425037052,3.3000000000000016
733,0.139018330135,-1.65179113547,-0.668540555,1.70991281613,3.3000000000000016
734,0.154103828906,0.834088983245,0.567401996759,1.19713403327,3.3000000000000016
735,0.432048525589,-0.324821555553,-1.25207286488,-0.905472844497,3.3000000000000016
736,0.118708126503,1.41821065409,-4.50987447663,2.22825598196,3.3000000000000016
737,0.222916097394,0.188214980048,1.0061062903,-1.45728221494,3.3000000000000016
738,0.261160315171,2.36480693722,-0.139200878582,0.68622842604,3.3000000000000016
739,0.509520223234,0.914579563449,-1.52544589432,-1.11907437224,3.3000000000000016
740,0.237168941077,1.2822146292,-0.859484952,1.01872703642,3.3000000000000016
741,0.718748610932,3.70406756034,-2.34284169447,-4.69503997528,3.3000000000000016
742,0.539031254942,0.368182692098,0.669741585823,-0.436254551191,3.3000000000000016
743,0.277594910324,1.58709637611,-0.0914537880816,1.68742191513,3.3000000000000016
744,2.22632582603,0.429491213365,0.482332301431,1.24450751892,3.3000000000000016
745,0.15852878702,1.4430755699,-1.0964545893,2.13365183686,3.3000000000000016
746,0.461271314463,2.42344888773,-0.627668002582,1.9655785191,3.3000000000000016
747,0.447263586437,0.905245006629,2.22497953512,0.814436483307,3.3000000000000016
748,0.384069051224,-0.424222820726,-0.624036976959,-0.467370537665,3.3000000000000016
749,0.526214288376,-0.937410764923,1.33367461201,-0.118911024743,3.3000000000000016
750,0.30400556803,-1.1871226988,2.94566570203,0.0823578371842,3.3000000000000016
751,0.258321232363,1.12014667267,0.105316561413,-1.27540897613,3.3000000000000016
752,6.27277922051,0.766866088963,0.0842608527978,0.521936638026,3.3000000000000016
753,1.02159871778,0.738087030368,0.125941662482,0.757404424545,3.3000000000000016
754,0.688666504924,-1.99538384921,-0.784883238711,0.787445927646,3.3000000000000016
755,0.106084910423,0.810988723826,0.34012309663,0.244169448533,3.3000000000000016
756,0.495612123493,0.842813670017,-2.66034532612,3.68852668012,3.3000000000000016
757,0.113056763257,1.38655982151,0.0692908695197,0.357563117319,3.3000000000000016
758,0.13142692349,0.255327796138,-0.00629002686895,-2.52153119646,3.3000000000000016
759,0.120884226214,2.87543940469,4.36026265097,0.806109062885,3.3000000000000016
760,0.191849281256,-0.124634083515,-2.15593737953,3.02782408128,3.3000000000000016
761,0.142920024665,-1.0376541224,1.60838263678,2.96676580785,3.3000000000000016
762,0.122586076279,2.36927800662,1.99062145102,-0.608532694946,3.3000000000000016
763,0.198650359655,0.803897635264,-0.0620714342933,0.382370738941,3.3000000000000016
764,0.116063814264,0.142324012879,0.5344478086,0.834368913664,3.3000000000000016
765,0.170028001498,0.482438211481,-3.36553840339,0.722198198404,3.3000000000000016
766,0.434204463512,0.76127298372,2.035566605,1.93353317029,3.3000000000000016
767,0.385431653469,-0.822486151012,0.662993440985,-0.695847710041,3.3000000000000016
768,0.126315861283,1.22699494758,-0.126134218115,0.270151227416,3.3000000000000016
769,0.338228350451,-0.451710077575,2.02189107348,0.836324338787,3.3000000000000016
770,0.331681654621,0.183412834308,-0.937294963563,-1.05384037054,3.3000000000000016
771,0.736889952353,0.94168644999,0.606844372832,0.5264289182,3.3000000000000016
772,0.920293902713,0.645339465012,0.0938453177279,0.801263843185,3.3000000000000016
773,0.324859298595,0.238977115057,1.72999778995,0.402048285148,3.3000000000000016
774,2.38807734976,-1.07521636687,-1.6741174955,1.56060831171,3.3000000000000016
775,0.161272112593,0.87700911059,-0.0278051686299,0.575386127409,3.3000000000000016
776,0.717630107307,1.21135737627,3.17486261622,0.535465934577,3.3000000000000016
777,0.54511796757,-0.435983311768,-1.20597802701,-2.52661270004,3.3000000000000016
778,0.749459837372,-2.0513682641,-1.94233816685,1.23926552716,3.3000000000000016
779,0.471618741779,-0.806735014554,0.643787552535,2.24330934031,3.3000000000000016
780,0.126824032928,-2.98804748094,-0.444960598598,1.39648121359,3.3000000000000016
781,0.260291209985,2.20641336059,0.616534647898,0.756923366668,3.3000000000000016
782,0.219456001742,2.75120472003,-2.23863464799,1.32126708765,3.3000000000000016
783,0.212310703244,0.94205943344,-0.42777468682,0.932490942503,3.3000000000000016
784,0.263980930133,0.826806427501,0.850947149834,0.755718755101,3.3000000000000016
785,0.155842009467,0.0732628505781,0.3374482708,1.10310111579,3.3000000000000016
786,0.308467277931,-1.08099587614,0.716756322158,0.208339490871,3.3000000000000016
787,0.387501852158,0.217921416727,0.167798487098,0.482089014581,3.3000000000000016
788,0.115778344039,0.361478701189,0.148791383489,0.534213072126,3.3000000000000016
789,0.254626848579,-0.715767969369,2.67511902432,-0.782086510201,3.3000000000000016
790,0.593183649013,-1.92516334896,-3.69412714165,1.77725739858,3.3000000000000016
791,0.50975969702,4.68514890287,1.0400205315,-3.21639565545,3.3000000000000016
792,0.105221188256,1.01710293318,0.423105114417,0.600629515449,3.3000000000000016
793,0.185419838576,-0.781928766719,-2.80589563747,-2.55698996263,3.3000000000000016
794,0.180355842964,-1.17774648819,-1.53563893283,-0.490207253733,3.3000000000000016
795,0.289854020104,-2.42542349178,3.98743873424,0.0942921200333,3.3000000000000016
796,1.06381033372,-0.0369735758703,-1.48020676765,-1.1281437141,3.3000000000000016
797,0.27057786139,-0.0462830415409,0.881235687036,-0.0257452924267,3.3000000000000016
798,0.129235661232,-1.98500161549,1.71036215031,-1.35219471291,3.3000000000000016
799,1.17975873022,-3.5185384572,-0.149672666712,0.109860554042,3.3000000000000016
800,0.3506812072,-2.10542760289,0.970866343027,1.55206349897,3.3000000000000016
801,0.135833922127,1.83282183292,2.72986623378,1.10823894128,3.3000000000000016
802,0.156208531568,5.26555159708,-1.09662804608,-0.52543111476,3.3000000000000016
803,0.166607097378,0.100955940225,-3.0992068744,0.137414177592,3.3000000000000016
804,0.12294657744,0.156598069083,-2.06296248626,-1.79135282988,3.3000000000000016
805,0.510663487772,3.14309283557,3.60022910325,-3.53130314386,3.3000000000000016
806,0.918355511706,0.229551919215,0.483373495264,0.0933139181367,3.3000000000000016
807,0.262285940805,-1.55603627137,-0.0057090452455,1.82797437615,3.3000000000000016
808,0.140005259334,-1.11366212327,2.58431686454,-4.95803396827,3.3000000000000016
809,0.489304845582,-0.792457830684,0.956751030354,1.98927895739,3.3000000000000016
810,0.271124611974,1.2592073575,0.250178868765,1.75386836918,3.3000000000000016
811,0.322241181445,0.217984422879,1.89446835055,-1.29024088252,3.3000000000000016
812,0.408688414159,0.775072244573,0.318778564364,0.809733957929,3.3000000000000016
813,0.117177584891,0.94432822124,0.422360753114,0.346811725328,3.3000000000000016
814,0.13988912572,0.212958518126,-0.480368178325,0.435251575023,3.3000000000000016
815,0.117318711276,0.533246745931,1.04754639764,0.495779613065,3.3000000000000016
816,0.182241469638,2.6294800311,-0.50394221589,-3.55514930372,3.3000000000000016
817,0.227425375508,2.479131636,-1.39591698916,-0.458252354789,3.3000000000000016
818,3.19231951127,-1.03735786435,0.323053056722,-0.46176004765,3.3000000000000016
819,0.191210827645,0.293630430329,0.871704062809,0.548760398484,3.3000000000000016
820,0.10802333113,0.685057872245,0.613689780912,0.702048760865,3.3000000000000016
821,0.89152594037,0.655344340487,-0.724748366465,1.12356868331,3.3000000000000016
822,1.13703115773,-0.735212437349,0.755569434915,-0.0257872664939,3.3000000000000016
823,0.265831023632,-0.991052300753,-2.44702584067,-1.21950363915,3.3000000000000016
824,1.47341019899,3.00374151323,1.2884115297,-2.52579180401,3.3000000000000016
825,0.457624174795,-0.46834092419,-2.41900740152,-0.614866383267,3.3000000000000016
826,0.469171628816,0.346252649145,-0.750318022689,1.85948700983,3.3000000000000016
827,0.84541380791,3.06865862288,2.0740248401,0.859131423396,3.3000000000000016
828,0.851214805924,-1.5695679897,0.735850320788,-0.464404081086,3.3000000000000016
829,0.138214645766,0.642967537904,-0.18329954451,1.21765597731,3.3000000000000016
830,0.44625810123,-0.842474891782,0.161759215252,2.21626366772,3.3000000000000016
831,0.629264142085,1.10192099097,-1.206078374,1.47920445537,3.3000000000000016
832,0.152343208184,1.3235790597,0.458385551938,0.681361037576,3.3000000000000016
833,0.539761758207,-1.43576771823,3.70110808537,0.54890876572,3.3000000000000016
834,0.111814997857,0.723468087243,-0.367343854534,0.681103986985,3.3000000000000016
835,0.869416261604,0.178465950446,0.871542630147,-0.124456399257,3.3000000000000016
836,0.670415230844,1.87281629128,0.152009176435,-0.492636205476,3.3000000000000016
837,0.15032419856,-0.387431762421,-1.57795767834,0.313326455258,3.3000000000000016
838,0.132773943969,0.730796725388,0.325054185716,0.925143603605,3.3000000000000016
839,0.104052615613,0.938010331211,-1.86604401729,1.56678412066,3.3000000000000016
840,0.133393221679,1.18023953877,-0.761567340723,1.46751513465,3.3000000000000016
841,3.08982416958,0.705028074418,0.720703995918,0.528306396561,3.3000000000000016
842,0.375077648943,-0.648729982729,-0.0215056742034,-0.201075233288,3.3000000000000016
843,0.158058217766,0.973013656872,0.278236719752,0.880359019233,3.3000000000000016
844,0.127946045638,0.322785336854,0.457274674154,-0.408978993021,3.3000000000000016
845,1.06210403952,0.903846297204,-0.970531501419,0.940158641528,3.3000000000000016
846,3.44444868615,3.04441582568,2.76756445605,0.334420657055,3.3000000000000016
847,0.162855110997,0.481969697387,-0.885777427398,-1.92166777483,3.3000000000000016
848,0.390109953408,0.720320991802,0.613165996517,0.261308341851,3.3000000000000016
849,0.286618990751,1.20494726086,2.17682827222,0.459317262131,3.3000000000000016
850,12.6569880066,0.866974494907,0.241453278159,0.59552528918,3.3000000000000016
851,0.159793527618,1.73571381128,0.828342394315,0.2327642687,3.3000000000000016
852,0.438582380421,-1.11631166125,-2.49474946867,-2.48917884733,3.3000000000000016
853,0.126838211961,0.287342671606,1.19424249328,1.41830597444,3.3000000000000016
854,0.221889188555,-1.79471591,-0.042192021674,-0.768745230314,3.3000000000000016
855,3.017786732,1.23782235186,0.410865153723,-0.448754175382,3.3000000000000016
856,0.266656616487,0.206203487357,2.4280336298,-0.977061720407,3.3000000000000016
857,1.15166449692,2.6251258731,1.35115880337,0.466452068481,3.3000000000000016
858,0.100247095505,-0.978286933951,-3.20807216673,-1.70027121659,3.3000000000000016
859,0.179889656728,2.78184839784,-0.59788190838,2.57258498527,3.3000000000000016
860,0.124202841334,0.707301125735,-0.14406149142,0.911493611796,3.3000000000000016
861,0.221875935986,-0.0423794136925,-0.816230536957,-1.57771117276,3.3000000000000016
862,0.16148022326,-0.714790842241,1.45025506242,2.8648960295,3.3000000000000016
863,0.474756478326,0.555416875437,0.433234593679,1.26919408811,3.3000000000000016
864,0.302986882395,1.44890704657,-0.355621116072,1.38922135831,3.3000000000000016
865,0.107533097897,1.10369731672,0.460857209371,0.687919832107,3.3000000000000016
866,0.307576430683,-0.832262738246,-0.451131402397,-3.31678493534,3.3000000000000016
867,0.375566950205,-0.1316210597,3.1341658738,1.80090832416,3.3000000000000016
868,0.131808083412,0.0659323332598,0.397672157929,1.41829861147,3.3000000000000016
869,0.354912903034,-0.331501051503,1.22339995527,0.310327680675,3.3000000000000016
870,0.766597476779,1.33946396128,1.12094578748,2.77090626753,3.3000000000000016
871,0.611555487119,-0.690601680866,0.201230861509,2.53109628513,3.3000000000000016
872,0.305426181614,-0.743969369908,-0.204598184013,1.97726314217,3.3000000000000016
873,0.862505957118,0.482070634759,0.18485774106,-1.05247912696,3.3000000000000016
874,0.314041538412,0.559868709805,-0.337196080181,1.44196226488,3.3000000000000016
875,0.63751603126,0.763180768967,-0.336892211297,1.09968284307,3.3000000000000016
876,1.17110809694,-2.07438382485,0.967762626935,-6.43257093356,3.3000000000000016
877,1.3605535439,1.39761387249,-4.05232926207,-0.935022422512,3.3000000000000016
878,1.69592633678,-4.92876598638,0.608578094401,0.399173863821,3.3000000000000016
879,0.89280082667,0.779535698576,0.657995394411,-0.573280051147,3.3000000000000016
880,0.541528920604,0.917255503649,0.190300657394,0.792579360067,3.3000000000000016
881,0.207327506878,-1.95233248702,0.451324371739,1.85098721274,3.3000000000000016
882,0.706944404328,0.581461410481,1.02782152496,-0.10569747446,3.3000000000000016
883,0.3189631191,2.13106410461,2.05997985271,-3.18350221819,3.3000000000000016
884,0.181434104963,1.24948775007,-0.308967160932,0.71823063682,3.3000000000000016
885,0.161165783761,2.05473031696,-0.597858936062,2.01987846285,3.3000000000000016
886,3.29241270348,0.749872701695,0.0856002885454,0.516502484209,3.3000000000000016
887,4.96843653773,0.725887789012,-2.57206816835,-0.315193412525,3.3000000000000016
888,0.997958384739,0.888093591113,0.516495622383,-0.282476749955,3.3000000000000016
889,0.501367127051,0.373560752332,2.52471358898,-2.51238906662,3.3000000000000016
890,0.165250185533,-1.85505453848,-0.217087240531,0.787492094975,3.3000000000000016
891,0.14830929287,1.11800200948,0.786550816138,-2.39822818356,3.3000000000000016
892,0.189459932649,0.338217307743,0.0503666862905,1.46717871471,3.3000000000000016
893,0.725159048595,-3.04419636217,-1.88859512094,-1.73456994851,3.3000000000000016
894,0.590740402593,1.25013268341,0.920836466898,-1.13434470506,3.3000000000000016
895,0.351820615389,0.402874846505,-0.154290488522,-1.51914908825,3.3000000000000016
896,0.33933276053,0.0988695903831,0.607622871128,1.00535016672,3.3000000000000016
897,0.298887518932,4.57092972015,-4.16301260892,-2.65194052683,3.3000000000000016
898,1.09515363378,1.96469733995,0.313122687242,1.26441764533,3.3000000000000016
899,0.458499946381,0.474207521895,1.15897358257,1.01366188214,3.3000000000000016
900,0.105881827111,1.67284379381,0.439301503233,-0.234037971907,3.3000000000000016
901,0.343941155269,-1.45917260508,-1.11106333792,0.88134609028,3.3000000000000016
902,0.236360531078,2.27533536635,-3.12464734855,-0.423777372186,3.3000000000000016
903,0.659406586986,-0.881947606569,1.43914058777,0.109309814939,3.3000000000000016
904,0.357404974245,4.66072760613,-2.57861694508,2.34471677922,3.3000000000000016
905,0.100942348698,0.876020049012,0.0252813284191,0.053005932023,3.3000000000000016
906,0.170548066565,0.635277892717,-0.280053698605,2.75279818364,3.3000000000000016
907,0.439903747084,-3.60213705975,2.05674581677,2.64720228183,3.3000000000000016
908,1.98349418558,0.669355229006,-3.42645051231,-1.33960863182,3.3000000000000016
909,0.154565005914,1.84336374721,0.278576653427,1.59303105588,3.3000000000000016
910,0.267875602055,1.35481441113,0.270755991791,-2.56816560396,3.3000000000000016
911,0.145061414109,3.15123628182,-0.152922562683,-2.36931303291,3.3000000000000016
912,0.145949096548,-2.96789844129,-0.276015235714,1.27889860943,3.3000000000000016
913,0.23393381822,-0.208700262803,-0.734485972142,-2.50684425202,3.3000000000000016
914,0.883748428031,-0.892780983047,-0.791446976975,0.496608978789,3.3000000000000016
915,0.147365996935,-0.650270065933,-0.568892040509,3.25076068938,3.3000000000000016
916,0.133323255152,-0.596835994094,-0.480016471282,2.24680112742,3.3000000000000016
917,0.127192846762,0.226620632309,0.101746707635,-0.274597510335,3.3000000000000016
918,0.297721315825,0.461377678087,2.44731992401,-0.194763971217,3.3000000000000016
919,0.147069674095,1.73493230782,1.20467042019,-0.548123074331,3.3000000000000016
920,0.119865201618,2.01672939233,2.75905853988,2.37890114829,3.3000000000000016
921,0.255105324,0.716781514248,0.231840599823,0.820637299765,3.3000000000000016
922,0.293289867983,1.13918298983,-2.17204265965,-1.38674519454,3.3000000000000016
923,0.123604439279,0.618089047101,0.509082028965,0.122056083965,3.3000000000000016
924,1.51313020463,1.06360233594,-4.1099168556,-1.45861426368,3.3000000000000016
925,2.04294435801,0.806979396048,-2.20031472843,-4.90265682114,3.3000000000000016
926,1.85613795662,-1.26809061955,-0.695389776016,2.08643100128,3.3000000000000016
927,0.140845212832,2.22127959011,3.70733181408,2.88478336455,3.3000000000000016
928,0.227835279355,2.3774233347,0.572455062095,0.702449542437,3.3000000000000016
929,0.100623772821,0.0388280613204,4.19058976468,-0.762872108264,3.3000000000000016
930,12.1452466416,-3.23341693294,1.23701866157,-0.201096021182,3.3000000000000016
931,0.166077770279,-1.54306202603,-2.54682592814,3.61461670554,3.3000000000000016
932,0.731994728523,-0.5179669502,1.44416244094,-2.36931543451,3.3000000000000016
933,0.170533726865,-0.603259932767,-1.36639299247,1.2417594358,3.3000000000000016
934,0.163955303373,1.56398997862,-1.44067035086,0.0333624672546,3.3000000000000016
935,0.113661516396,0.524532925108,-0.762993223575,-2.75429948253,3.3000000000000016
936,0.110403438576,-0.0486411472726,-1.66954233534,-0.936258907551,3.3000000000000016
937,0.368466728039,-2.11366513379,-0.811846883813,2.87276162412,3.3000000000000016
938,0.161850898345,-0.566773970865,-0.0173158082689,-2.44410453986,3.3000000000000016
939,0.325235028707,0.0970349655318,-1.91301571993,3.18539461784,3.3000000000000016
940,0.216211375368,-1.34050162169,-1.25702334864,-0.118248850774,3.3000000000000016
941,0.628669920708,-0.612569359451,0.80742826939,-3.6532956986,3.3000000000000016
942,0.499028548325,-1.46568666913,-1.49195566325,0.17077111351,3.3000000000000016
943,0.442396448079,1.56233142029,2.31650529121,0.518023941736,3.3000000000000016
944,0.166562806342,1.4795561295,-0.108702592746,0.245058647546,3.3000000000000016
945,0.405337709619,1.79771682265,3.5623664351,-2.470473202,3.3000000000000016
946,0.944179294699,-0.0320742690571,0.0379343430036,-0.0532993880584,3.3000000000000016
947,0.551624594355,-0.834464639011,2.89470966426,1.83305150357,3.3000000000000016
948,0.28160395578,0.348984801049,-0.303033266476,1.01658813171,3.3000000000000016
949,4.72787474964,1.33150046131,-0.240156180732,-2.25999356786,3.3000000000000016
950,0.168400893949,-2.59969587234,-1.6778041397,0.567946985724,3.3000000000000016
951,0.104477163618,-0.0565951047689,1.74794326814,3.11559227658,3.3000000000000016
952,0.121088267393,1.45608236455,3.63717896453,0.749809310336,3.3000000000000016
953,0.114127072703,0.947669241924,-0.758081556329,3.09086853496,3.3000000000000016
954,0.14018861736,-1.6846680505,0.535955063033,1.12753381547,3.3000000000000016
955,0.126942249239,1.05109985911,-0.278945038492,0.124907375025,3.3000000000000016
956,0.144945696882,1.28038905528,1.36357834189,-0.141983144767,3.3000000000000016
957,0.467394569534,0.489740544695,0.334441778304,0.0799794738487,3.3000000000000016
958,0.678275008744,0.72239981733,-0.792109926768,0.886858742916,3.3000000000000016
959,0.256056892488,1.56999151801,1.13934428868,0.387418509031,3.3000000000000016
960,0.142742061937,-2.11737087344,-2.14391753337,1.25043251475,3.3000000000000016
961,0.486433589586,-0.335154314481,-0.560775291699,-1.15725688125,3.3000000000000016
962,0.448275668213,2.25773539273,-1.23466548404,-0.51392837535,3.3000000000000016
963,0.129960015338,1.07052388041,-2.25464423789,-2.08512892025,3.3000000000000016
964,0.312832492948,-0.863872421294,1.60178675634,0.575892607026,3.3000000000000016
965,1.19510939172,-1.91990525796,-1.93678757604,-0.390539021827,3.3000000000000016
966,0.381000085467,-0.106386178517,0.456524603085,-3.40519088365,3.3000000000000016
967,0.836772512455,1.71177245243,-0.656813452095,-0.11802666685,3.3000000000000016
968,0.462989741901,0.799980814867,0.689873242553,0.415884988233,3.3000000000000016
969,0.205022970162,-1.36100997248,-1.41865111881,1.22980092239,3.3000000000000016
970,0.248699546101,-0.522648454466,-0.251031199474,-0.637184258439,3.3000000000000016
971,1.124393033,0.720780783731,-0.0490383935416,0.558831640747,3.3000000000000016
972,0.118114946105,-1.46933405161,-2.85599153286,1.49536871666,3.3000000000000016
973,0.389942563741,1.85054863333,-3.99488184118,0.0905878637553,3.3000000000000016
974,4.32169349324,0.542486784672,0.632797331364,0.437806205836,3.3000000000000016
975,0.214532414491,0.72925123754,0.862495251348,0.570184663992,3.3000000000000016
976,0.12287564266,1.31795919484,1.18776859088,-0.547864549745,3.3000000000000016
977,0.660276268073,-1.44080239618,3.41389132606,-3.06195515726,3.3000000000000016
978,1.25659504329,-0.681705266651,4.70592644429,-2.04663657177,3.3000000000000016
979,0.115232321936,2.70553149606,3.80261051495,1.39545898844,3.3000000000000016
980,0.438385417933,-0.207209428915,-0.186130768032,-0.265906443147,3.3000000000000016
981,0.298203929031,1.96978906212,1.89016290455,0.48846907521,3.3000000000000016
982,0.114421264112,1.03926289787,0.191300756396,-0.00623007097814,3.3000000000000016
983,0.185929802536,1.16439532011,2.19122159014,-0.678171138842,3.3000000000000016
984,0.48473221741,0.53642361064,0.348772450375,0.556692051915,3.3000000000000016
985,0.537672280587,0.348842408988,0.176653882937,0.952512509472,3.3000000000000016
986,0.517559207742,-2.31889826023,-0.820865538084,1.33341525693,3.3000000000000016
987,0.48851423398,0.662399636478,0.194095816387,0.611642667707,3.3000000000000016
988,0.140149453545,0.930815523797,0.624193751527,0.7499646878,3.3000000000000016
989,0.22893653955,0.611535025215,-2.65814693799,-0.077266291244,3.3000000000000016
990,0.290087919549,-0.62854730269,-0.57323363699,-1.87997354133,3.3000000000000016
991,0.162297765859,-2.85727453797,1.9502630521,0.030779773463,3.3000000000000016
992,0.164542684054,-1.02504373005,-0.516481105496,0.836541394841,3.3000000000000016
993,0.112786441201,-3.87860861153,4.14382090132,-2.07768111002,3.3000000000000016
994,0.407023818703,2.47403085296,4.27580624871,0.025544608018,3.3000000000000016
995,4.05487835701,2.28926719868,1.46910811733,-0.323461310913,3.3000000000000016
996,0.505215763819,0.00621703587916,-1.60078247904,-0.145023249859,3.3000000000000016
997,0.248009471536,2.29710050201,-3.16414524113,-4.27952240982,3.3000000000000016
998,0.219555047583,0.178977281166,0.804262293112,0.131871005056,3.3000000000000016
999,0.39029746913,-0.451107347524,-1.39976359448,-1.50139574429,3.3000000000000016
