Star_ID,Mass (MSun),X (pc),Y (pc),Z (pc),Simulation Time (Myr)
0,0.262863863062,-23.3067588744,-21.4960602662,5.96863691011,99.09999999999864
1,0.104933270241,-4.14499648948,-5.67570825967,11.5955707604,99.09999999999864
2,0.18183791588,-2.02529327573,-12.7874941812,-6.72274061039,99.09999999999864
3,0.162304576492,9.16042122834,-5.67622575683,8.51876024535,99.09999999999864
4,0.164740144241,-3.95351316022,-0.840997430742,1.16824567187,99.09999999999864
5,0.193179735108,-5.69726639005,-5.11515300782,-2.77379558189,99.09999999999864
6,0.143021004619,-3.27535899763,-9.65803779965,6.23471481491,99.09999999999864
7,0.622408934031,-1.59725860311,-5.25679629746,2.05679380897,99.09999999999864
8,0.734954806993,-5.45538391893,-6.90772806097,9.89689178566,99.09999999999864
9,0.23686948102,-0.750114500429,-6.69580942731,4.21735671458,99.09999999999864
10,0.127619762628,-3.92997506493,-6.40665199916,2.99879566694,99.09999999999864
11,0.194968288178,-25.9759969853,104.657268704,41.6673449808,99.09999999999864
12,1.29402579036,-3.33334872199,-19.1932524935,13.1101032174,99.09999999999864
13,0.125495739275,-4.92758009154,-7.4313588096,3.82595644697,99.09999999999864
14,0.201190491973,-6.21364332455,-4.43575715718,3.02803088601,99.09999999999864
15,1.11613328553,-6.12823823927,7.37758849279,10.1169936486,99.09999999999864
16,0.369104220944,-7.51393290645,-10.4870721795,3.3779115007,99.09999999999864
17,0.256324617993,-5.97364960092,-10.0404540723,7.74189741588,99.09999999999864
18,0.102195112491,8.06810743754,-8.25493828238,2.28874187212,99.09999999999864
19,0.102328908961,-9.80145086055,1.13780630271,6.58865137808,99.09999999999864
20,0.817440554587,-2.53008925196,-1.44969348653,-0.412928521473,99.09999999999864
21,0.339833333074,-3.7177604028,-3.99551558725,1.67292451136,99.09999999999864
22,0.108363671203,13.1510969323,-22.369899026,7.59005399194,99.09999999999864
23,0.59878824701,-0.780000634558,-15.2232305138,5.83765548547,99.09999999999864
24,0.271792931324,-4.7311292076,-6.08797540783,0.310002663031,99.09999999999864
25,0.624558837139,13.6042899602,5.52124099023,-29.4779017664,99.09999999999864
26,0.181678896628,-17.6415316537,28.9146967518,-27.0582090077,99.09999999999864
27,0.511701672734,-4.59124620513,-9.69285311723,5.10596482823,99.09999999999864
28,0.141902986762,-7.76249186806,-7.79941713261,1.78759896582,99.09999999999864
29,0.125653154436,-1.43003031884,-8.83116496131,2.69034528488,99.09999999999864
30,0.872430751839,-1.63301820791,-7.06931505,5.02808528337,99.09999999999864
31,1.17909366024,-2.71913053065,-9.02798857482,1.34704597813,99.09999999999864
32,0.133305231314,-1.27268841339,-6.09676791687,4.68183446989,99.09999999999864
33,0.120729408436,12.9344104986,-33.5600362632,25.5620088652,99.09999999999864
34,0.309041740234,-99.5168186799,-16.1764547172,-4.55564718448,99.09999999999864
35,0.878167320141,-12.1338217831,-7.33193489774,-0.987803382218,99.09999999999864
36,0.593255747743,-5.37713459024,-9.41127124456,1.02130551367,99.09999999999864
37,0.268690143467,0.397082646474,-9.58358310981,-2.30438841702,99.09999999999864
38,0.144152390749,-35.4652202902,-18.6271238444,62.1747025538,99.09999999999864
39,1.80682181338,-2.98661783084,-5.0305182705,11.1266016596,99.09999999999864
40,0.194538208216,4.29290705233,-5.09400096753,-11.4641607106,99.09999999999864
41,0.693186264371,-1.11405682862,-6.56338735425,3.94810350405,99.09999999999864
42,0.296187370383,-4.79438115739,-7.94002232129,1.98536242388,99.09999999999864
43,0.336205727991,-2.5820559902,-7.58984825145,4.79224053825,99.09999999999864
44,0.676305096108,-4.11637868874,-5.09834960874,2.25265842924,99.09999999999864
45,0.259834136778,23.2095352411,22.7405736301,-4.10303521815,99.09999999999864
46,0.232426955044,-3.9133916061,-10.5833779942,4.39248243765,99.09999999999864
47,0.242466128636,4.63262472245,-12.0001195011,4.73447256661,99.09999999999864
48,0.379098978527,-5.63586673143,-12.7403668064,2.34172058724,99.09999999999864
49,0.397110209667,-2.76377005894,-6.65286197011,-0.339188649459,99.09999999999864
50,0.12726827974,-3.21640318615,-4.60161197936,2.63598799066,99.09999999999864
51,0.239179978966,0.940527210882,-10.0937165532,-0.206570464351,99.09999999999864
52,0.355770205939,1.20888599968,-3.16127213186,82.304967543,99.09999999999864
53,0.889664636644,-12.4153341047,-15.289261609,9.2404038219,99.09999999999864
54,0.369744972342,-4.0762485217,3.88276192702,-0.558434287307,99.09999999999864
55,0.168840791346,0.0352792260971,-3.10880704877,4.96130495291,99.09999999999864
56,0.365652891084,-2.86007827554,-8.83779279783,4.12803396715,99.09999999999864
57,0.128517229249,4.92857229685,-8.65050080299,-11.2375608788,99.09999999999864
58,0.404493911555,-14.3003968423,-0.330972344434,-4.28856362819,99.09999999999864
59,0.126851706985,-4.35104117848,-6.62695232486,4.36342617423,99.09999999999864
60,0.137559576996,-9.83020599546,-8.15360411231,11.7599110931,99.09999999999864
61,0.200572730076,2.78754269346,-1.36003275221,2.86991420515,99.09999999999864
62,0.15815590732,-5.33137856528,-3.70148220848,7.24839553319,99.09999999999864
63,0.882842007425,-31.221787583,71.7493714141,1.3959683352,99.09999999999864
64,0.263693816926,-0.357707966768,-8.06669689166,1.99683280108,99.09999999999864
65,0.352181724505,-7.66833907377,-12.8206622728,4.54814344255,99.09999999999864
66,0.340833355236,-4.00828556193,-6.37531321957,4.10806175522,99.09999999999864
67,0.636673428662,0.524592957379,-12.5164902426,10.2121592858,99.09999999999864
68,0.141494105301,-5.7607025081,-8.2716129653,1.40689198136,99.09999999999864
69,0.147475750327,0.571099140611,-16.9235165908,17.7033150925,99.09999999999864
70,0.126250658993,-0.838064138647,-8.66657314706,4.22466722777,99.09999999999864
71,0.126163879085,-4.2284913032,-10.8640628818,12.7951093898,99.09999999999864
72,0.533786719177,-1.92773734184,-1.31996403406,19.6620399645,99.09999999999864
73,0.127224217064,4.69745700171,-2.94412894971,-11.1859162414,99.09999999999864
74,1.49584119454,-2.42422747705,-3.98646177695,5.87431072344,99.09999999999864
75,0.637615308541,-4.69113929349,-8.41177799164,-0.0700861751275,99.09999999999864
76,1.62189002927,-3.25962519686,-7.86952911724,6.81243068962,99.09999999999864
77,0.817829943703,-1.19792732783,-10.7540607839,5.04184053009,99.09999999999864
78,0.367202262454,-3.22901222889,-10.0529413855,7.47987865383,99.09999999999864
79,0.189776846321,-2.7760480373,-8.84418218977,5.70483760665,99.09999999999864
80,0.123408875278,-0.0975891367693,-13.3279992003,-1.81751366914,99.09999999999864
81,1.37817023352,-4.77611085379,-7.49496097837,3.37024419085,99.09999999999864
82,0.359448767377,-1.55611720305,-12.3045477122,4.53903732804,99.09999999999864
83,0.390397484676,-34.5224687896,14.7589338144,1.00987272615,99.09999999999864
84,1.06066859469,-3.6891489632,-8.16532335507,4.70875108647,99.09999999999864
85,0.667266692894,-24.4682600135,-16.4656313057,14.0188045031,99.09999999999864
86,0.127851577417,-1.34481465866,-8.27132761703,0.848115659069,99.09999999999864
87,0.180917443524,-1.38548064235,-5.12735228668,6.43464007158,99.09999999999864
88,0.218710228335,-14.9124979815,-1.37063925315,-3.37871892621,99.09999999999864
89,0.171132888747,-16.4028643561,-65.645229709,23.4933539252,99.09999999999864
90,1.68763230379,4.69265401759,-7.70829318665,-0.458567026932,99.09999999999864
91,0.417704172629,-4.02916169642,-0.733696126018,6.57358084658,99.09999999999864
92,0.749230898885,17.8720940026,-92.3993221517,-22.641191796,99.09999999999864
93,0.508164803857,-36.4630714627,99.000333633,-29.261774614,99.09999999999864
94,0.115947800648,0.412913414704,-7.08651235422,-2.71411509457,99.09999999999864
95,0.126709721911,-5.88756459672,-7.1331342734,3.27359412955,99.09999999999864
96,0.350872710379,-1.14836248947,-8.98543206741,4.01814748295,99.09999999999864
97,0.887882002201,-1.19086472125,-9.8948292655,4.11666407313,99.09999999999864
98,0.119408034745,0.977032590153,-9.14295983044,2.60259933103,99.09999999999864
99,0.69811249913,-5.93944089782,-8.58665870665,5.08518809836,99.09999999999864
100,0.141404344373,0.177648304656,0.47136860071,4.50126367706,99.09999999999864
101,0.255146028193,6.1235799437,2.50877429705,3.75257937709,99.09999999999864
102,0.919215796498,23.4158076661,34.2037679494,-6.6582166739,99.09999999999864
103,0.147972754249,-0.726509458712,-1.57459632578,9.14892788131,99.09999999999864
104,0.165734766545,-5.76376820002,-5.56141637141,5.02512101135,99.09999999999864
105,0.410479760417,-3.58708986752,-11.3334574192,2.00988894411,99.09999999999864
106,0.107548180055,-2.85998732182,-8.583428038,0.473384426984,99.09999999999864
107,0.212934977184,-1.52985444959,-9.11832896178,4.69624805516,99.09999999999864
108,0.107158120143,-12.1923297549,-10.9440882252,8.70328449325,99.09999999999864
109,0.109253030645,-1.03801231242,-9.09904465878,7.10632768281,99.09999999999864
110,0.353460682438,-16.6314525178,-63.8233253736,10.8766626513,99.09999999999864
111,0.357148419141,-4.3428359534,-9.38013986769,6.04997277546,99.09999999999864
112,0.122935626497,-1.7416356868,-4.23830856781,3.05345849929,99.09999999999864
113,0.347927023553,-2.61455499469,-9.02503635324,1.12759671964,99.09999999999864
114,0.24387884808,16.7856750151,-80.8781000305,44.919611578,99.09999999999864
115,5.32829522796,-3.17331971819,-4.34211889628,1.97856671895,99.09999999999864
116,0.924713939607,3.11847956979,-11.1117731452,0.107902189174,99.09999999999864
117,0.378813638851,-5.53716848664,-3.2377605261,6.11995372123,99.09999999999864
118,0.219701363937,-5.06116227673,-4.9164100435,-8.1315114933,99.09999999999864
119,0.120115750787,-0.584023837425,-3.49825414193,13.0998948703,99.09999999999864
120,0.46389656043,1.49457262264,-10.3309482206,-0.137283290829,99.09999999999864
121,0.481517576385,-20.7444116456,-12.2382915334,-5.33119228965,99.09999999999864
122,0.149236065888,-1.42487059718,-8.07729423588,3.29921773846,99.09999999999864
123,0.87143513482,-4.15879201733,-8.19438491403,4.49613313649,99.09999999999864
124,0.504508475942,1.4471957938,44.913046019,2.83321990517,99.09999999999864
125,0.104671821954,-11.3843795856,-3.48090201725,4.05184750511,99.09999999999864
126,0.56632570423,0.436756395856,-6.43801064497,2.6652827931,99.09999999999864
127,0.238411886711,-39.8537362303,-67.6060226542,-33.2144777833,99.09999999999864
128,2.91357107998,-12.7362858746,30.0826615302,-3.52446554143,99.09999999999864
129,0.765234624646,-2.57792123782,-6.60787605611,3.45877354941,99.09999999999864
130,0.197102106914,88.4854606189,3.24387840423,63.8330891685,99.09999999999864
131,0.21715435186,-8.28884226492,-9.60671871639,1.67843046737,99.09999999999864
132,0.301856732996,-9.96009517179,-6.52005967194,9.62497932878,99.09999999999864
133,0.549568645184,-4.57075971567,-9.94068435444,2.21761321531,99.09999999999864
134,0.9765886041,-0.451292209364,-8.59433508707,1.62558713915,99.09999999999864
135,2.27712923155,-4.68348458661,-8.13645762374,0.377796505378,99.09999999999864
136,0.786806745115,-7.54614874947,-6.41293889509,2.5396956082,99.09999999999864
137,0.188130417002,11.7323421376,26.4686407744,33.1036196924,99.09999999999864
138,0.120722451088,0.252492075932,-11.4817684419,3.42149969313,99.09999999999864
139,0.279799013099,-2.10985261653,-5.81948652557,4.73030729401,99.09999999999864
140,0.134521233938,-1.06098600102,-8.98638687403,9.26034972689,99.09999999999864
141,0.665833657321,-2.13772672084,-6.06856305939,2.85129097468,99.09999999999864
142,0.239568765052,-3.55053463489,-9.76286511543,2.11302627329,99.09999999999864
143,0.47664505097,-22.960836193,11.2441044824,32.126559432,99.09999999999864
144,0.169759241437,0.734799602952,-11.9829178418,-0.782175105833,99.09999999999864
145,0.380607350792,-1.44516486837,-2.82463404138,0.877722625578,99.09999999999864
146,4.145967684,-4.37310310976,-7.04760880522,4.70486241002,99.09999999999864
147,0.677616805825,-4.84515227332,-11.579596931,2.23338285744,99.09999999999864
148,0.186409595425,2.99255861856,0.0168364990331,0.502811121612,99.09999999999864
149,0.102279314187,6.59334924217,-10.1343689619,-5.06371668082,99.09999999999864
150,0.436029230844,-5.48708253611,-6.52748963999,4.42266057128,99.09999999999864
151,0.112963421297,-2.0243490806,-6.31835544524,5.68655511835,99.09999999999864
152,0.126630272857,39.3651955986,63.2138001083,-126.892524755,99.09999999999864
153,0.351465087727,-3.85253394415,12.1925398518,16.644196187,99.09999999999864
154,0.958803682124,0.867479539701,-5.65520977282,0.958137794011,99.09999999999864
155,0.272862943459,0.343109503766,-1.26066269924,2.14100324152,99.09999999999864
156,0.134539545389,-2.93894208994,-6.22779870016,-2.37103602363,99.09999999999864
157,1.67780840653,-3.45277064765,-6.64246784466,3.53916669132,99.09999999999864
158,0.108711242948,-13.3583621142,-10.2783031182,6.48596954544,99.09999999999864
159,3.14750501277,-4.28106534168,-9.7031968355,5.58658327711,99.09999999999864
160,0.246252450006,0.207913387326,-1.98405592037,4.47728596507,99.09999999999864
161,0.693431911819,-11.1547818344,-29.9528452899,24.1007914554,99.09999999999864
162,0.269543157245,-6.74819929574,-14.2035903436,9.92114470166,99.09999999999864
163,0.127133241467,-4.68807916235,29.2250049721,9.31484718519,99.09999999999864
164,0.245034585199,-1.59546938187,-8.40267661186,4.31908176507,99.09999999999864
165,0.187464029206,-2.79974003124,-7.80028127334,4.91692831485,99.09999999999864
166,0.147477619358,7.86260006393,-10.9782146543,1.65767514291,99.09999999999864
167,0.361714776221,-28.969408035,-14.5044123241,-28.4089291091,99.09999999999864
168,0.304365702163,25.7182941698,-1.114011841,2.63688430532,99.09999999999864
169,1.2078911177,4.10713738415,-1.20358480234,14.9669727275,99.09999999999864
170,0.287784043975,-0.314678478195,-4.78307105914,2.49584559418,99.09999999999864
171,0.408870998445,-3.92589261853,-8.53493049739,0.514883998972,99.09999999999864
172,0.366706848061,12.8861592297,63.5390662965,82.7431130053,99.09999999999864
173,1.6523534244,-0.223782307854,11.0063510119,8.03057114167,99.09999999999864
174,0.132669735068,0.264532396533,-8.09129678851,2.14347761452,99.09999999999864
175,0.387276271921,-3.91771669398,-6.12976605487,6.68569071894,99.09999999999864
176,1.40340472441,-3.57641859426,-11.1961175645,4.85516299082,99.09999999999864
177,0.112938122018,-4.24380181694,-7.91824989718,3.2711959833,99.09999999999864
178,0.19969399376,-9.75215608873,-6.11270598892,1.49684143245,99.09999999999864
179,0.189427180948,-7.39613183154,-3.0011709978,6.66804596344,99.09999999999864
180,0.110905091172,-1.11146714631,-7.3634742284,4.71643506361,99.09999999999864
181,0.100090558172,-21.5221577564,4.82437011153,4.91893034485,99.09999999999864
182,0.229065295961,-0.349207218771,-2.67205366841,0.0889611753593,99.09999999999864
183,0.211550897458,-5.02193609679,-8.21042334357,4.61262588538,99.09999999999864
184,0.247654059564,-0.822232960365,-17.9398916579,-1.2429026534,99.09999999999864
185,0.146981074428,-13.1757853149,-9.46426437578,0.948550215499,99.09999999999864
186,0.130546860912,-7.41043376132,-2.54075901174,-4.28101722877,99.09999999999864
187,0.234385686333,-2.89081347297,-11.0381522706,2.80239622389,99.09999999999864
188,0.265339599031,-4.22840121475,0.118251328732,-17.1330384178,99.09999999999864
189,0.217372489359,-5.04851314402,-4.51594368793,2.17955966801,99.09999999999864
190,0.139187888505,0.922572465554,-18.1893490532,5.52336077928,99.09999999999864
191,0.236299474942,-1.68248381274,-8.42035175193,4.13103034486,99.09999999999864
192,0.141239757339,-5.96844574436,-8.03871584361,4.9292301615,99.09999999999864
193,0.113225487678,35.0711508254,-11.6644381098,-60.2596568881,99.09999999999864
194,0.245600391517,-1.06933064844,1.30598043432,18.2188444952,99.09999999999864
195,1.28266537937,-5.76769488359,-7.4503429514,3.45441986507,99.09999999999864
196,0.209117038715,-54.5152456196,38.6272191675,-66.2591070982,99.09999999999864
197,0.138463496512,-3.52021913544,-5.84938532335,-0.36953548313,99.09999999999864
198,0.189667525962,55.3673320954,76.1968032544,-5.45510692733,99.09999999999864
199,0.206980695797,-19.1197564766,26.9810590358,-20.880478863,99.09999999999864
200,5.31407413601,-3.61552837948,-6.76616424027,4.94440654539,99.09999999999864
201,0.388293728241,0.503255098847,-12.8663745295,-2.00472381072,99.09999999999864
202,0.236864539457,-4.3067353196,-8.52743204058,2.58866338306,99.09999999999864
203,0.39368189262,-4.22752456452,1.86621069339,-12.6063394014,99.09999999999864
204,1.23034682766,-6.61400974931,-8.63119538301,6.25405963945,99.09999999999864
205,0.372791186574,-3.89717013549,-2.41237578756,3.78677633948,99.09999999999864
206,0.45323779272,-0.153311324932,-7.28712212648,4.77218997887,99.09999999999864
207,0.223908733006,8.10409572484,-6.24672513538,9.27280669015,99.09999999999864
208,0.103183445873,-29.2658573875,66.4687588482,-67.2809254553,99.09999999999864
209,0.125761269756,-3.15925778424,-21.2812523551,1.69572270932,99.09999999999864
210,1.18517355532,-6.58501185667,10.8223948845,3.24423427221,99.09999999999864
211,0.545288586619,81.2421245657,42.4636670611,0.0625309506939,99.09999999999864
212,1.79516594112,-4.75844507515,-8.75760715706,6.083581691,99.09999999999864
213,0.488233375501,5.96458127177,26.747136615,30.0721723079,99.09999999999864
214,0.206826967496,-4.92767706869,-8.82986026514,6.00089988181,99.09999999999864
215,0.33550470149,-1.77716602605,-13.3910850635,-3.90176455584,99.09999999999864
216,0.253070726618,2.75486811066,-7.61589607962,-1.68215487123,99.09999999999864
217,0.516934992713,-3.22526068591,-5.09444669295,4.08190160561,99.09999999999864
218,0.813079279984,0.822429901325,-7.75471593444,-0.252511117813,99.09999999999864
219,0.239250930691,-1.57253383448,-5.12644331029,7.72345311316,99.09999999999864
220,0.100706451609,-4.57780353389,-6.40462919598,3.93864314815,99.09999999999864
221,1.66984562587,-5.40862671448,-5.31464127104,4.73108920816,99.09999999999864
222,0.281626849258,-1.68494047637,-8.5717536583,-4.36179773618,99.09999999999864
223,0.206994353057,-8.42840630142,-7.14021013395,7.69953429863,99.09999999999864
224,0.547726258958,-7.4230923331,-2.96676936526,-1.69947406848,99.09999999999864
225,0.690039530272,5.29277220494,-13.0602553905,2.60295772733,99.09999999999864
226,0.223931748789,-4.3086446319,-6.10194059118,3.18793858077,99.09999999999864
227,0.185890457401,-2.61844654436,-5.41816102878,2.73299657224,99.09999999999864
228,0.142206403881,-4.40320677907,-1.58507201721,-0.82237902999,99.09999999999864
229,0.134120684791,0.271854013773,-0.550237338851,5.30756838451,99.09999999999864
230,0.305582287712,-5.00555750036,-5.72581217395,5.25652994013,99.09999999999864
231,0.270209536705,-5.55518583258,11.3743350963,18.6179100794,99.09999999999864
232,0.251808010703,-1.78610384077,-7.97557530092,4.17316509762,99.09999999999864
233,0.34670787762,-14.4010938111,13.5372340733,15.9733998747,99.09999999999864
234,0.168898147618,-8.32470862823,-19.6280199779,-4.39271911652,99.09999999999864
235,0.4572106106,7.43505481746,-10.3259155526,-3.71930268147,99.09999999999864
236,0.143373465359,-4.37099522073,1.4401993833,-14.6854947329,99.09999999999864
237,1.22051206165,-8.78008115756,-9.86544527082,1.02191107219,99.09999999999864
238,0.214305605783,-2.02090481518,9.6686251477,-11.8005815697,99.09999999999864
239,0.249166795069,-1.47626315841,-15.285705653,-0.441099398758,99.09999999999864
240,0.292503421811,-5.28358236787,-9.34507582865,4.16420353522,99.09999999999864
241,0.858832208748,-3.41738081027,-5.60756277255,4.95120072757,99.09999999999864
242,0.133524718375,-3.89207139958,-10.1655236156,5.29384165859,99.09999999999864
243,0.149883760094,16.8404449407,-15.4832976249,-17.2834191339,99.09999999999864
244,0.158077750333,0.284941024842,-1.23737785437,1.14175066186,99.09999999999864
245,4.34590660381,-3.26144424355,-7.19024486856,4.6283987642,99.09999999999864
246,0.152730498941,-11.6314593324,-29.4894224676,48.3232960393,99.09999999999864
247,0.108659260045,0.666260864598,-8.95777771608,9.66636174331,99.09999999999864
248,0.100948914736,-7.37735413482,-5.68454461066,-5.22635990092,99.09999999999864
249,0.235352157771,-13.1581881738,-11.7928858915,28.8394114453,99.09999999999864
250,0.100475516968,1.42316847838,-7.98951257076,11.8623670848,99.09999999999864
251,0.373004789328,-4.94054798128,1.16010122489,10.7862930444,99.09999999999864
252,0.154173238276,54.3318796207,-90.32124118,-55.6620900562,99.09999999999864
253,0.106034675864,3.60885054629,0.712430815266,-31.1435300117,99.09999999999864
254,1.88434386999,-4.14714606311,-8.70376685072,3.36386678861,99.09999999999864
255,1.73090801308,0.10976929423,-8.44521082572,8.86922871407,99.09999999999864
256,0.191604866282,5.51742702128,-21.4767621793,-21.3158313825,99.09999999999864
257,0.661435370277,1.99715353186,-2.70074660457,6.44324683928,99.09999999999864
258,0.270441754031,3.45207771311,-10.623814256,-10.6883083542,99.09999999999864
259,0.293081911476,-14.504838917,-56.697019384,17.0653653311,99.09999999999864
260,0.902855131524,37.2890371959,20.9862098066,-2.31096315611,99.09999999999864
261,0.214879632501,-1.2387456633,-6.87283431407,4.22711032967,99.09999999999864
262,2.23100312679,-1.19987424702,-10.151388041,3.95194547246,99.09999999999864
263,0.643809215411,-2.99643264914,-14.0819771012,-2.15629757418,99.09999999999864
264,0.457962633939,-8.30683432471,-6.21424297889,5.26982898212,99.09999999999864
265,1.13520756713,-6.15690869112,-5.35945695784,5.68975633478,99.09999999999864
266,0.528398294468,-10.939677591,-8.88105955487,-0.991781115932,99.09999999999864
267,0.103399893302,-3.38010953485,-5.14015837734,7.1404217276,99.09999999999864
268,0.330057962566,-7.44388084548,-16.9057238595,-0.658970776564,99.09999999999864
269,0.507366464267,-20.6094541743,38.1736535823,-3.68538199082,99.09999999999864
270,0.558621702739,-4.11220625582,5.09529296124,6.21209620384,99.09999999999864
271,0.317350414988,-3.00266561818,-6.61117791571,3.53614142449,99.09999999999864
272,0.811734748082,-5.06245913683,-2.99607348705,4.61399647439,99.09999999999864
273,0.224717470434,0.617658996889,-13.8178184389,-2.61927520344,99.09999999999864
274,0.10320798821,18.221646212,-6.82167846541,22.3474633835,99.09999999999864
275,0.250999437793,-2.90849892438,-6.97234506279,7.94707486718,99.09999999999864
276,0.102156463471,-11.1091557888,-11.4038249466,0.545961033575,99.09999999999864
277,0.100068682699,0.029089766089,-9.94820448224,-2.47580436285,99.09999999999864
278,0.824378132153,-1.05614200161,-6.32125538163,3.73647931533,99.09999999999864
279,0.478417717115,-1.9664987933,-7.7315511885,3.35115327863,99.09999999999864
280,0.575222476943,0.502531077359,-14.5950386473,-3.05889662489,99.09999999999864
281,0.106696473584,-4.14931146392,-6.73855911675,5.83745249825,99.09999999999864
282,0.573482173587,-1.52687493818,-7.05706719472,1.13445641658,99.09999999999864
283,0.113199515203,-0.34979209614,-0.996550903204,8.7367526715,99.09999999999864
284,0.112126315949,-11.282552435,-4.19342474599,4.21260270615,99.09999999999864
285,1.01003861162,-0.191863768688,-9.38845461948,1.71421641899,99.09999999999864
286,0.545275247758,-5.25860707874,-10.4356841454,1.30693880445,99.09999999999864
287,0.336064825664,0.926398801209,-22.2373694628,2.83474801857,99.09999999999864
288,0.972701789941,-7.78431861375,2.6031893917,33.7438555671,99.09999999999864
289,0.921475327897,-21.8358016658,42.6334540986,-4.0713733989,99.09999999999864
290,0.189053481172,-6.85364413171,-5.37338046533,6.06880248553,99.09999999999864
291,0.293216882414,-9.384603026,-7.62981264813,3.38060658591,99.09999999999864
292,0.161843745628,-7.76537144734,-6.86137357439,4.58093749725,99.09999999999864
293,0.107588149892,-3.7678885772,-11.1648260361,6.71012745513,99.09999999999864
294,0.591144946996,1.29696828776,-7.41874810295,12.5018616945,99.09999999999864
295,0.13490473392,0.405712284451,-6.09290115927,2.9048374772,99.09999999999864
296,0.318963266848,-13.0580577484,-4.22635710187,4.323152665,99.09999999999864
297,0.110857447728,-3.4826691941,-8.97268762745,7.74185373128,99.09999999999864
298,0.359736788098,-60.5660974828,-8.7267078278,16.4351627538,99.09999999999864
299,0.165325674921,-4.88940959626,-3.46846518548,-0.535746956229,99.09999999999864
300,0.665652833397,-4.35206229301,-8.36351805984,2.57275972995,99.09999999999864
301,0.207508027649,-2.41230505533,-6.75432399889,7.84807307304,99.09999999999864
302,0.134564858515,-2.51242361834,-6.22029135584,1.07257988411,99.09999999999864
303,0.306262976261,-2.90574651485,-8.19105385196,4.53259845238,99.09999999999864
304,3.51166418626,-2.94674855147,-6.58478714453,4.32305046116,99.09999999999864
305,0.356483722218,-33.0293517423,-11.0249940001,-28.1563885105,99.09999999999864
306,1.13800992015,-3.41190003447,-7.22517398032,4.64242667681,99.09999999999864
307,3.03604887748,-8.50841722591,-7.33909228474,-3.33210400408,99.09999999999864
308,0.370042468445,-2.53804798748,-13.3544334283,6.9274662196,99.09999999999864
309,0.113637062417,7.56560972062,-74.172284375,45.1889301682,99.09999999999864
310,0.645851887905,-1.49763071949,-4.95159915941,-0.200906948423,99.09999999999864
311,0.589538604626,12.344996726,-8.55126867892,2.47848895812,99.09999999999864
312,0.478654992198,-74.0245938579,-44.9109161479,-32.6671459496,99.09999999999864
313,0.214341562623,107.148710479,-23.0013606592,-27.2092658069,99.09999999999864
314,2.84877054771,1.40594034118,-6.05147650203,1.31379073415,99.09999999999864
315,0.386633467763,-3.13072207882,-10.870683089,2.87277953584,99.09999999999864
316,0.156589095802,-0.0868767151094,-8.3404251387,3.36756800761,99.09999999999864
317,1.74555180784,-23.7914170757,0.827916579247,20.2197260257,99.09999999999864
318,0.647805088725,-2.3673631711,-9.42765276829,6.97248326141,99.09999999999864
319,0.327794284189,1.1805283608,1.15667070581,0.463495503408,99.09999999999864
320,0.377123205311,-1.83632712505,-10.1574589981,3.73877807958,99.09999999999864
321,0.19011621097,-8.55721847654,-13.6202727723,-4.50357413778,99.09999999999864
322,0.267080934169,-10.5282685317,6.07389908735,-12.8236570253,99.09999999999864
323,2.35988869077,-5.68563128642,-6.48255457859,8.33080283688,99.09999999999864
324,0.483386079876,-1.39394728142,-12.2620814588,-2.52649933392,99.09999999999864
325,0.1176426474,-2.88094098057,-2.61556436476,3.96208323293,99.09999999999864
326,0.474203481241,-13.8948885983,33.9481444549,3.73231715238,99.09999999999864
327,0.411919263054,-2.63321082337,-12.7489047202,2.28770725981,99.09999999999864
328,0.523755408463,-7.45462976567,5.43414558987,-55.2523691291,99.09999999999864
329,0.613929668331,-6.80424160282,-7.90234939391,0.00791765793092,99.09999999999864
330,0.393539387228,-49.7104673566,-12.9933138054,-2.09292732239,99.09999999999864
331,0.675649864755,-1.58254402811,1.56843093807,1.93564868563,99.09999999999864
332,0.382953261398,-2.08361589373,-4.95906819496,2.69108730192,99.09999999999864
333,0.165403062836,-1.23084017176,-7.53662722556,1.97242338006,99.09999999999864
334,0.328472451559,-10.7215350423,3.79583315593,-6.91248715048,99.09999999999864
335,1.64278108167,-8.20836207382,-15.2014178329,-0.751630602422,99.09999999999864
336,0.946440459543,0.479087138917,-44.8499752949,18.1472663725,99.09999999999864
337,0.350437976632,-1.14651899819,-12.5593004749,1.33798941194,99.09999999999864
338,1.11323489101,-3.38143612242,-3.37805896754,6.61259717456,99.09999999999864
339,0.210821890778,-1.15439354023,-15.0861038503,10.0315542932,99.09999999999864
340,0.104920308909,24.5682869467,34.2837522267,9.52452105362,99.09999999999864
341,0.126313398111,-6.57424599676,-13.5730952181,3.1087692367,99.09999999999864
342,0.162520189695,-54.9664655685,6.38269100058,-4.27852880659,99.09999999999864
343,0.222216638634,-97.3473324839,96.0653014694,-99.2056186986,99.09999999999864
344,1.10858754113,-34.4362183756,-51.9048644956,5.54948861932,99.09999999999864
345,0.454389101191,-2.82319281581,-8.04344008822,10.1814607992,99.09999999999864
346,0.145029693411,16.737243147,38.5090840677,-11.3720183197,99.09999999999864
347,0.262933972675,-45.7114577012,-64.548836787,22.3655258472,99.09999999999864
348,0.375765500695,-4.44382851064,-13.7516203311,-0.843228582767,99.09999999999864
349,0.163968533065,-5.92998064941,-5.30785144218,2.5319666005,99.09999999999864
350,0.13039346074,-2.56865998481,-1.97108219708,2.63470013086,99.09999999999864
351,0.12788175211,0.780797666422,-5.60386484646,5.09317587934,99.09999999999864
352,0.18095362204,-2.23672670322,-0.0599047596562,8.23474313242,99.09999999999864
353,0.193539750861,0.621282973583,-14.599744799,7.33107472872,99.09999999999864
354,0.177530371314,-2.82730796014,-9.76923418895,2.8127870677,99.09999999999864
355,0.191900515895,-5.91927690691,-6.81682437961,2.74921424543,99.09999999999864
356,0.102577799517,-9.60552618618,-15.8000704607,2.45411324981,99.09999999999864
357,0.680195073117,-36.4595729635,-36.8742823147,-95.1348756523,99.09999999999864
358,3.63440822778,19.4194257617,43.2453083203,-3.63837734224,99.09999999999864
359,0.234821588024,-8.13220775775,-4.64789768445,-2.46181497059,99.09999999999864
360,0.560137016587,-0.893180306817,-15.3101762963,10.3479315791,99.09999999999864
361,0.170921082317,-5.17707106588,-16.9313241556,26.212336025,99.09999999999864
362,0.154189315958,-3.96986077223,-7.85748134122,7.63924054295,99.09999999999864
363,0.180467437041,-5.83517044484,4.4740043325,9.82045583232,99.09999999999864
364,0.215001571535,0.116284238229,-5.74847719968,5.49596982001,99.09999999999864
365,0.286700784628,92.4324336895,126.451757179,-117.042709323,99.09999999999864
366,16.1742160235,-3.25682916866,-7.1855152691,4.60384320057,99.09999999999864
367,0.259740496571,-5.96129983452,-6.33307074323,6.99215515781,99.09999999999864
368,0.749837215327,22.7100204622,-21.9594897372,24.6894890207,99.09999999999864
369,0.117762361085,-8.09475796449,5.09251875426,5.31571091182,99.09999999999864
370,0.252483976718,-0.682289688456,-17.9702544568,14.7827783361,99.09999999999864
371,0.24055008132,16.7889308495,-50.2744409879,-60.7177276323,99.09999999999864
372,0.138356756853,0.0216136847413,-8.59830129937,7.89320373747,99.09999999999864
373,1.38980879521,-2.74438503915,-6.80897036556,5.33416961921,99.09999999999864
374,0.161262538306,-9.813131085,-14.0698596756,6.54014996961,99.09999999999864
375,1.35560234088,-5.60728730616,-8.15142194315,2.5297247351,99.09999999999864
376,0.699927192018,-7.91289620977,-2.68585872909,5.86831353369,99.09999999999864
377,0.154605487838,10.1696112429,-10.6518598047,9.83366814194,99.09999999999864
378,2.07517845488,-1.71672537564,-9.05319927451,-0.228011575872,99.09999999999864
379,1.1938183762,-1.40745991535,-7.19902678892,0.193269485415,99.09999999999864
380,0.401825675112,-4.92461204765,-8.24963639449,0.326881175671,99.09999999999864
381,1.01054383745,-2.90648736498,-11.5567261895,7.29078016095,99.09999999999864
382,0.164212074645,0.653030691126,-9.69104017634,-0.219021678898,99.09999999999864
383,0.116779752536,-0.314182410121,-7.59330420543,6.82193860478,99.09999999999864
384,0.135135118998,-1.86294898607,-24.1236760759,0.373226828803,99.09999999999864
385,0.281530977462,-4.21006099196,-5.16778945434,-1.52147074541,99.09999999999864
386,0.784838826917,-4.25471837204,-5.53946509008,5.48687533793,99.09999999999864
387,0.464834877324,-3.45905174513,-4.12801714297,4.85709552708,99.09999999999864
388,0.2425353585,-2.37491649284,47.752660722,-13.7743411254,99.09999999999864
389,0.602376921992,-1.69870046796,-8.7150233376,1.27706267158,99.09999999999864
390,0.243371149178,-4.97270922472,-9.97013926878,5.27412886597,99.09999999999864
391,0.313814312916,-4.24684540319,-5.460021809,1.89982471444,99.09999999999864
392,0.514584073663,-4.4825943266,0.623713552901,1.2808863117,99.09999999999864
393,0.132053294,-3.29962377861,-4.0494158794,6.46769660606,99.09999999999864
394,0.101947970376,-3.86091835416,-5.9397572524,3.17671835622,99.09999999999864
395,0.245323219098,-17.8255879819,-53.251195785,41.6777543725,99.09999999999864
396,0.160014220179,-6.77602448964,-7.2908065942,3.69861135101,99.09999999999864
397,0.448235737832,40.7605710086,26.4533044239,-106.824960131,99.09999999999864
398,1.2063351771,-7.68984302464,-4.67667721353,3.12830057834,99.09999999999864
399,0.176851728073,-4.31957915326,3.55597714648,-8.40240208634,99.09999999999864
400,1.19049986445,-2.37809616885,-6.70816414788,4.12542920754,99.09999999999864
401,0.124970060216,-0.69573722406,-7.63637395949,3.23769408834,99.09999999999864
402,1.12796532249,-6.87960331731,21.3288006375,0.05234810157,99.09999999999864
403,0.34369856046,-7.86126367924,-9.69386561874,3.89896523485,99.09999999999864
404,1.10598486611,-4.7253700193,-3.71107765314,0.503999378281,99.09999999999864
405,0.21490628282,-5.89147131463,-8.92835000506,-0.27984744861,99.09999999999864
406,0.150863135508,4.21103457982,0.286738003616,0.434886349142,99.09999999999864
407,0.573997300415,10.4199781203,2.05769599643,8.20856978841,99.09999999999864
408,0.140657000461,-5.00164492483,-3.75535156021,3.59815134621,99.09999999999864
409,0.478585787777,10.493774247,-7.6248459451,36.725760924,99.09999999999864
410,0.368486934744,17.7572771997,123.668513153,-51.7872832692,99.09999999999864
411,0.287935377599,-9.89799039959,-8.1885035326,-0.844082819073,99.09999999999864
412,0.103943854433,-4.21122646657,-7.15103464508,7.6194364103,99.09999999999864
413,0.112286860449,-7.87451542243,-4.77236246967,5.31958260389,99.09999999999864
414,0.326540372304,-2.34892932059,-3.51343748459,-2.18304377759,99.09999999999864
415,0.491290959757,-21.7938766648,-17.5004578327,16.3405705952,99.09999999999864
416,0.174037068153,-11.4285570109,-6.98990584021,4.91436594349,99.09999999999864
417,0.118278492026,-16.3968352918,-5.8876666192,6.08467297951,99.09999999999864
418,0.7527635362,6.16448315617,-7.32053576978,-17.9407793552,99.09999999999864
419,0.275434979072,-27.9569066816,-4.57872245352,48.4429678192,99.09999999999864
420,0.528241338522,-3.57061495765,-6.31314779699,3.60690326427,99.09999999999864
421,0.207752070084,-38.9738118963,-23.3618781832,-84.9592120405,99.09999999999864
422,0.126555918715,-1.54387705388,-8.0419816541,3.296149683,99.09999999999864
423,0.628777925908,-5.37971741411,-7.96730621785,1.51613175651,99.09999999999864
424,1.24193324299,1.05091162959,-4.17311435441,0.898651913304,99.09999999999864
425,0.219628768208,70.3563117119,-60.3484970796,29.0821903932,99.09999999999864
426,0.823189922519,-76.5977377961,-26.0243629415,13.5527228311,99.09999999999864
427,0.181614427777,-30.9261249473,-26.6993924642,32.2442216316,99.09999999999864
428,0.136940854832,-7.54573796102,-10.3655240096,3.84273420296,99.09999999999864
429,0.121545950712,-2.93880134655,-8.990086708,-0.650102798988,99.09999999999864
430,0.147575155133,7.55042833052,-13.4245228109,-1.83661377936,99.09999999999864
431,0.392016508698,-3.65514039998,-8.00850793998,6.55398505373,99.09999999999864
432,0.339841409508,7.70007165485,-21.3584598221,1.57202372536,99.09999999999864
433,0.157205603846,-27.6869768621,66.6464739242,-2.3929981421,99.09999999999864
434,0.251641399546,9.01193034557,0.481983766452,-8.17244571317,99.09999999999864
435,0.13224468636,1.96304104639,-4.11189596363,4.69693677375,99.09999999999864
436,0.495169301445,-4.20529321975,-4.95238100839,5.50302731215,99.09999999999864
437,0.109942829091,-4.06535023959,4.51066520716,14.3612047764,99.09999999999864
438,2.33194493893,-1.6849348668,-6.24125079113,3.93223935071,99.09999999999864
439,0.33016843729,-21.2025133898,-78.3996510694,-22.6410706066,99.09999999999864
440,0.142482122297,-5.93544840108,-4.88650887322,-2.65159029183,99.09999999999864
441,2.0743069143,-10.8336797336,18.4938495512,23.9632863459,99.09999999999864
442,0.338522315852,-5.5395647351,-14.6031100833,13.9589536905,99.09999999999864
443,0.122804140833,-7.78322711176,-8.37116230317,-0.289616874967,99.09999999999864
444,3.36419521606,-0.67764410661,66.754997297,-96.8816550184,99.09999999999864
445,0.918851671031,21.1464860111,6.75062846272,-10.0006172851,99.09999999999864
446,0.518557788983,-6.12883766574,-7.43990157624,-1.92106408851,99.09999999999864
447,0.236672949156,-6.73029871508,-3.14875582622,3.63512243407,99.09999999999864
448,0.220867382587,-4.56833774391,-7.52573115667,0.580004927732,99.09999999999864
449,0.105767714068,0.393303969944,-4.30799138867,4.12623025215,99.09999999999864
450,0.132750520926,-3.91579908869,-7.12998730596,-2.29281225262,99.09999999999864
451,0.139249066496,14.5719957227,-24.5297218643,2.9847502265,99.09999999999864
452,1.00539857812,-4.49215149632,-4.71644786703,-3.69238594243,99.09999999999864
453,0.616018335706,-4.80301959445,-8.96365946511,5.98858836101,99.09999999999864
454,0.36594759301,-23.2044424913,44.9443981643,-54.241668419,99.09999999999864
455,0.582788605507,-3.01536756782,-8.27432085531,2.69824129144,99.09999999999864
456,0.147436290989,-9.31711222529,-4.73264074925,-1.45289813463,99.09999999999864
457,0.117206050489,10.1041517054,-6.30062248178,0.213963281861,99.09999999999864
458,0.13657494844,-2.06514105962,-0.928981812216,5.2628849704,99.09999999999864
459,0.509686574081,-0.787858728873,-7.99647324377,2.22112891889,99.09999999999864
460,0.135669795744,-0.301363673843,-7.36234086476,2.30258978018,99.09999999999864
461,0.299985785844,6.08037518789,-34.2567384873,-20.1912178076,99.09999999999864
462,0.323259430535,-22.917975413,-49.9828544289,20.1372188035,99.09999999999864
463,0.803562891519,1.80522086144,-18.9945427306,-17.6293226832,99.09999999999864
464,0.102602201085,8.59890658749,-9.54772638381,10.4267427591,99.09999999999864
465,0.201406503663,-9.22450278869,-3.82297749262,-6.53542713274,99.09999999999864
466,0.105684347407,-1.39387362091,-10.2147081987,6.64952779528,99.09999999999864
467,1.17204826687,-5.19074709481,-1.38949109049,5.10571156451,99.09999999999864
468,0.269363497587,-0.652606382143,-11.1971883596,2.5313456772,99.09999999999864
469,4.12548760585,-4.12791369045,-6.87194124736,3.70142519043,99.09999999999864
470,1.67735743586,19.9485011452,6.88138531865,-5.7193239887,99.09999999999864
471,0.163557698766,-0.887199322543,-9.1057517279,3.15760882008,99.09999999999864
472,0.115316033115,-2.94827577624,-10.2378515114,-3.89117540803,99.09999999999864
473,0.439624692038,-19.3869619036,14.7049038963,2.93867561344,99.09999999999864
474,0.10732224047,-3.52055362435,-7.89191429784,4.23053383829,99.09999999999864
475,0.41085474044,-4.60798102875,-3.7685979751,1.55649294538,99.09999999999864
476,1.80450218477,-3.61644004719,-6.64288629949,-0.49172767209,99.09999999999864
477,0.428666608372,-5.13489303044,-0.24748164472,-4.49706320449,99.09999999999864
478,0.698503537043,-4.19694918655,-10.3442250689,5.32220088049,99.09999999999864
479,0.146837302843,-26.8338222557,-23.8338534424,-12.6520497034,99.09999999999864
480,0.762762236202,-1.45851992417,-5.98212818573,3.10585343259,99.09999999999864
481,0.327581153205,0.380450892682,-4.45030239751,3.96714340288,99.09999999999864
482,0.226497974528,-15.2349829598,31.4410465656,-103.19406051,99.09999999999864
483,0.793759977512,-3.78828359536,-6.34154070935,4.52585693889,99.09999999999864
484,1.14294322875,-1.47335063359,-6.58685326138,4.43029792624,99.09999999999864
485,0.134284569112,-47.1161976806,17.5879235554,-32.7386033661,99.09999999999864
486,0.139330310194,-26.4902446143,-38.9518536623,28.625567344,99.09999999999864
487,0.198725728009,-4.39720934969,-10.5809931872,1.62589640972,99.09999999999864
488,0.258580465289,3.28059608732,124.875384034,-31.5381139936,99.09999999999864
489,1.07102959619,-3.92909091485,-10.1629913598,4.56358418191,99.09999999999864
490,1.1602832834,14.1529107153,29.7885348736,-24.035667053,99.09999999999864
491,0.21666907741,-0.0721982590174,-6.32290936756,1.48829614417,99.09999999999864
492,0.101387446316,0.360430902412,-16.8218667022,-2.76974370424,99.09999999999864
493,0.116799219651,24.6363699893,-0.340994284676,0.0248866078237,99.09999999999864
494,0.329569117534,14.1010113704,3.28853955087,51.7368517887,99.09999999999864
495,0.257513014254,-4.88847418312,-7.47149619394,4.76400578982,99.09999999999864
496,0.416257999189,1.0513024679,-12.7907411786,0.440545802,99.09999999999864
497,0.307493691951,-2.43029282238,-8.25350232084,-1.57517455315,99.09999999999864
498,0.135153158507,15.6910110838,-109.755910732,30.5253187927,99.09999999999864
499,0.103587091657,-4.29136350141,-6.37356722999,1.96887147576,99.09999999999864
500,0.107895641262,-48.2058132686,9.44707838244,-53.1015758111,99.09999999999864
501,0.74422661301,-2.84708134634,-6.65119086743,4.72456858666,99.09999999999864
502,0.175347656503,-1.19647949883,-7.41308185159,3.40335878463,99.09999999999864
503,0.347206631483,2.50600384906,1.45694152236,4.77425898162,99.09999999999864
504,0.121706704839,-3.10175743212,-2.18037206243,15.3942189959,99.09999999999864
505,0.431176182482,-3.32056716868,-8.19221004341,7.20629675314,99.09999999999864
506,0.191902355866,-2.81711209689,-5.85293523105,3.49239168895,99.09999999999864
507,0.231934082417,-31.0044671267,37.3056144116,14.4943241757,99.09999999999864
508,0.107088567708,-9.11453512945,-9.2890916794,2.98053372674,99.09999999999864
509,0.493635073028,21.9809141315,-10.3096151358,7.84298100274,99.09999999999864
510,0.13929840554,45.4867555219,-85.13688149,17.3889966087,99.09999999999864
511,0.110747793958,-5.77452983678,-0.583020385621,8.6668837218,99.09999999999864
512,0.346572561756,65.9096514124,15.9603787176,-21.5297974341,99.09999999999864
513,0.623799552202,50.5969465683,38.813268216,-74.7766904775,99.09999999999864
514,0.461612220784,-7.69498558047,-29.145531343,-27.2085313528,99.09999999999864
515,0.816904748504,-4.54856617058,-5.34300299385,1.65686070361,99.09999999999864
516,0.17892392039,-7.32980642248,-11.2572603689,6.41748317948,99.09999999999864
517,0.39473491092,-9.48041908953,-6.36640456963,13.0966237346,99.09999999999864
518,1.17214340018,-2.7107000613,-6.57273656657,3.85596777266,99.09999999999864
519,1.51339799857,4.32321596836,-23.5959782734,11.4264885944,99.09999999999864
520,0.375175810017,-74.1979910777,45.8837112878,-51.9398256342,99.09999999999864
521,0.618913301168,-3.43382636536,-8.53809315086,2.93980237975,99.09999999999864
522,0.221919979431,-1.30631980787,-26.486753321,0.744004549901,99.09999999999864
523,0.125114426335,-1.07371930951,-11.5818311439,-2.80578753227,99.09999999999864
524,0.518291552988,-9.05867464016,-5.9760592092,3.40867745269,99.09999999999864
525,0.111188613012,-28.4877747362,21.126885174,48.9261888364,99.09999999999864
526,0.126250472226,-0.858302605365,-8.42125640031,3.90999723446,99.09999999999864
527,1.10105272095,3.73059206396,-9.31597475606,1.10200968975,99.09999999999864
528,0.413455543036,-0.556193337559,-7.17994247679,2.06484578925,99.09999999999864
529,0.563565758973,-7.21039185667,-3.73616921833,3.89554209444,99.09999999999864
530,0.176542493997,-2.00520397366,-11.6184819359,-1.13122928072,99.09999999999864
531,0.132230108464,-2.49687480779,-9.12004678969,4.88792501579,99.09999999999864
532,0.31433796265,6.01986896914,-4.5020743785,9.44948774452,99.09999999999864
533,0.218777000959,-1.26524553542,-3.5657905028,2.05082851246,99.09999999999864
534,0.177802164902,81.5000115487,4.50646926746,-2.69841055256,99.09999999999864
535,0.325423316258,-1.92405699426,-12.3530878288,3.04664576392,99.09999999999864
536,0.245811951767,-3.1795844881,-9.04409592144,5.92446697632,99.09999999999864
537,0.470833094194,3.59020435816,-7.84549507475,1.72665408931,99.09999999999864
538,0.312610035563,2.33625786709,-6.4902194198,5.21843974034,99.09999999999864
539,0.108915578272,-6.75715796885,-21.3356079521,34.633058114,99.09999999999864
540,0.467313176444,-6.80040590601,-4.39092516065,4.03707733137,99.09999999999864
541,0.247052211884,-2.97611777661,-5.43876419762,2.29978688131,99.09999999999864
542,0.18412687962,-3.23500179665,-6.49979586081,12.8028247179,99.09999999999864
543,0.131715993447,11.9546342338,-12.4601526528,1.45909208203,99.09999999999864
544,0.172463437327,10.2049168824,-12.7923490654,6.17458170104,99.09999999999864
545,4.52699919496,-2.65594975699,-0.547655675761,4.2087301007,99.09999999999864
546,0.488269356472,-1.84013968856,-2.75274173564,13.0344600144,99.09999999999864
547,1.37250909702,14.8165141374,76.6705627447,-11.7794689155,99.09999999999864
548,0.145975271596,-13.200350254,-13.8151169896,6.46169143513,99.09999999999864
549,0.152157620402,-9.41954108703,-10.8960470982,3.95854590724,99.09999999999864
550,0.357343165176,-4.0991668302,-9.63561446932,4.78110967549,99.09999999999864
551,0.620140502847,-3.65696347559,-0.568790122913,15.3583746898,99.09999999999864
552,0.189432773081,-3.96256109407,-4.75132681251,1.01631302014,99.09999999999864
553,0.231465241827,-0.553656170973,-7.26599755872,-39.7140685526,99.09999999999864
554,0.305353009922,-6.56613745351,-5.53457603125,7.73128166025,99.09999999999864
555,0.388018028185,-2.85225479259,-3.65802603958,-4.03111829517,99.09999999999864
556,0.606373211886,-3.39205447275,-9.8794255072,3.1327339802,99.09999999999864
557,1.19288790897,-1.50984591265,-6.31645008512,1.1290123173,99.09999999999864
558,0.30353672221,-16.7188990612,-77.5472323699,14.7981687408,99.09999999999864
559,0.290573646034,-8.98189058978,-14.3014476157,4.50749544614,99.09999999999864
560,0.193552838593,-58.2018896128,116.544676352,-54.3609881224,99.09999999999864
561,0.124404193463,-6.44318612013,-12.4917140151,4.59321844815,99.09999999999864
562,0.111293924995,-2.54877904425,-6.23177461,3.12600621284,99.09999999999864
563,0.288130389411,119.363476723,-26.5493756924,-78.6186429624,99.09999999999864
564,0.108905447909,0.965468859527,-5.01973029393,0.702106946072,99.09999999999864
565,0.14683095216,-2.97973418141,-11.5316814008,-4.42949548702,99.09999999999864
566,0.156979730566,4.08163038354,-13.6731452629,-0.279961023752,99.09999999999864
567,0.369386523136,-0.519029803019,-11.534661466,0.61401517614,99.09999999999864
568,0.205191716998,-10.0471161079,-9.78161515285,3.77444335716,99.09999999999864
569,0.377778349556,3.52944146826,-11.381728603,8.55180324654,99.09999999999864
570,0.411224493529,3.87656270237,-8.65323057665,31.0724330136,99.09999999999864
571,0.307554285708,-6.10404949718,17.304539465,-1.56881389395,99.09999999999864
572,0.235103010983,-1.2263011124,-13.6067689276,2.90628049967,99.09999999999864
573,0.2107461777,-36.9952742266,-32.959401072,74.5798175704,99.09999999999864
574,0.574866760282,0.505512502893,-9.88904371119,6.96577237739,99.09999999999864
575,0.153763503772,-5.37599398575,-8.72273470807,2.44322495677,99.09999999999864
576,0.207993029289,-1.35045800765,-8.84218707059,7.15426832367,99.09999999999864
577,0.315748200112,41.1210447486,7.38714166525,-24.2069936327,99.09999999999864
578,0.45531866681,-20.4171401714,-15.7665435322,5.81396565318,99.09999999999864
579,0.155494947833,-2.64602192899,-3.5336777676,5.5896279352,99.09999999999864
580,0.107482093274,-5.61315002596,16.7649030254,-30.9017229961,99.09999999999864
581,0.409934893428,2.81225653488,-5.63087927327,0.824953745955,99.09999999999864
582,0.140086765438,-18.345906804,6.51733127017,41.3153756019,99.09999999999864
583,0.430598259468,2.22360971568,-10.7815476885,12.2037299425,99.09999999999864
584,0.395540818337,-0.908456125792,-5.79906731511,3.68684729139,99.09999999999864
585,0.353734032812,-4.97447124424,-4.53727424225,1.90609557459,99.09999999999864
586,0.124424042532,-2.16677959025,-3.63852419202,0.634678816768,99.09999999999864
587,0.139725282382,-1.852071154,-13.3076650882,-5.47324578058,99.09999999999864
588,0.241573002326,-2.59209583335,-5.83223660459,3.09403534149,99.09999999999864
589,0.801081793284,19.9297019354,-20.3123941408,-8.32583738145,99.09999999999864
590,0.178333388363,-5.56729246952,-6.32579944407,-0.000489525535764,99.09999999999864
591,0.37899436408,-4.73724035803,-8.03080651833,5.06996381216,99.09999999999864
592,0.20075327068,-3.96412759394,-6.28004645686,2.52395650996,99.09999999999864
593,0.398776770943,-1.32425326417,-8.73822186344,2.75590213383,99.09999999999864
594,0.172511637493,-3.84084849634,-10.9192508772,-1.73480444494,99.09999999999864
595,0.188732662079,2.64875184351,-4.7536013207,5.76729333924,99.09999999999864
596,0.190613497682,-4.56343135256,-7.55810456408,7.64062518118,99.09999999999864
597,0.560129083582,-5.391106608,-3.46251592163,3.78493726608,99.09999999999864
598,0.117032168532,11.8440919197,-25.6091307376,0.188806786987,99.09999999999864
599,0.708266750445,-19.1877540204,-0.63478747668,18.660893416,99.09999999999864
600,0.134494271377,-2.18313063209,-9.07258396441,2.17540600689,99.09999999999864
601,0.80365296195,-2.26110587452,-7.7353981354,1.16810943413,99.09999999999864
602,0.15857487561,1.40741897731,-3.73676160863,3.85015769758,99.09999999999864
603,0.433663463278,-9.58346939429,-12.8613824698,-0.231739947852,99.09999999999864
604,0.44388064696,12.5918533439,-17.5902092699,-34.9212859392,99.09999999999864
605,0.109555722169,-3.92264112267,-8.04668013084,1.4367236439,99.09999999999864
606,0.655742886837,3.36246517176,-12.2377713718,2.31264393114,99.09999999999864
607,0.317962319095,-11.7517507624,-10.6660576171,-4.67780377104,99.09999999999864
608,0.572729351859,-14.2550672161,-13.0360495178,5.1769373096,99.09999999999864
609,0.853519298048,-8.22570329312,-3.35406568326,-10.6927870717,99.09999999999864
610,0.498016846557,-2.37888753619,-6.43255635274,4.00616156691,99.09999999999864
611,0.407265744621,-4.74935785927,-8.10131117017,0.447041800337,99.09999999999864
612,0.104116670494,44.6945197345,70.0584030859,0.713835106835,99.09999999999864
613,0.128823700214,-1.2604502753,-4.79200257269,0.956558889969,99.09999999999864
614,0.118704426948,-3.22034015039,-12.4888158888,4.40960044802,99.09999999999864
615,0.120955583131,1.17738458331,-0.522159844099,-1.60967633896,99.09999999999864
616,0.519684337022,-0.436201548704,-7.94311597738,4.70268358587,99.09999999999864
617,0.181045743326,-4.99156436563,-6.3339158831,3.271409509,99.09999999999864
618,0.568770740576,65.0814967248,5.40324127656,-5.9920708007,99.09999999999864
619,0.284154875382,-4.66888932153,-4.07789925158,3.08885555031,99.09999999999864
620,0.16204310038,-68.2899859802,41.7740120273,-67.4107439844,99.09999999999864
621,0.22917452049,-6.65029394705,-5.44614676617,3.22421129232,99.09999999999864
622,1.32986318451,43.1158104117,8.27198941725,-5.19641707465,99.09999999999864
623,0.260337620953,-6.08185541265,-2.40642025647,3.04434922753,99.09999999999864
624,0.308621318582,-14.2760403027,-3.8128882426,-13.1305055179,99.09999999999864
625,0.173116416518,2.50148739765,-12.5288795619,-0.640527941138,99.09999999999864
626,1.69220143129,4.38842942935,-13.5088684361,10.512960291,99.09999999999864
627,0.251078290316,-12.525616515,21.2909994341,0.0984662283176,99.09999999999864
628,0.660866879849,-0.830118854536,-10.7305593269,6.11262470525,99.09999999999864
629,0.178647113304,-4.883336046,-5.70876149199,1.84061857351,99.09999999999864
630,1.35925558418,15.1056595642,-57.6681977848,-16.0274667095,99.09999999999864
631,0.161602207995,-0.276152791392,-7.94143937977,-1.67365555643,99.09999999999864
632,0.353573954551,-5.88176141062,-9.29776783475,0.0143386880358,99.09999999999864
633,0.135564608822,-2.95441549645,-8.8881065288,5.97638089699,99.09999999999864
634,4.45155188953,-3.01184425854,-9.31639988184,5.37064521431,99.09999999999864
635,0.940297344065,-6.04012620871,-4.83860704916,6.04573515943,99.09999999999864
636,0.472029822098,-7.25836033905,-13.9340186126,2.83297191156,99.09999999999864
637,0.153276207215,-3.59109551727,-7.35361460523,3.61134711616,99.09999999999864
638,0.115270738204,9.60293394233,-17.4411274749,17.0753592232,99.09999999999864
639,0.456617374281,-3.43797558487,-4.86863658297,2.94244803455,99.09999999999864
640,0.301646539844,1.9776359362,-9.63442248816,2.99373498342,99.09999999999864
641,0.503078051733,32.3385688027,-40.0447848824,-4.14008326422,99.09999999999864
642,0.112098769614,75.7998695949,-54.9676402336,-58.2041667192,99.09999999999864
643,0.512853445124,-0.384311962378,5.623176747,6.4807414046,99.09999999999864
644,0.170762158282,-6.78490926456,1.66071724595,29.9812441866,99.09999999999864
645,0.339977247424,-4.92144306329,-5.20286412534,5.63281360496,99.09999999999864
646,0.105539554845,-6.65807043119,-6.43547508459,6.85809958308,99.09999999999864
647,0.244301718032,1.03528830531,-4.62956185229,0.378404788004,99.09999999999864
648,0.158718897597,3.45675822924,-8.46460603954,-3.13884966503,99.09999999999864
649,0.109932343465,-4.88622089095,-4.49956761837,1.81669461414,99.09999999999864
650,0.21498338213,2.49326522353,-7.87443869669,2.15813968856,99.09999999999864
651,1.17488106007,-7.89495105056,-11.8920603305,4.07542799652,99.09999999999864
652,0.132714889006,2.91981723061,-10.344631496,5.55212827276,99.09999999999864
653,0.102695207109,-4.99791308554,-9.09796805961,6.74406028009,99.09999999999864
654,0.421952662713,-4.9079375114,-7.86704936133,4.29846160946,99.09999999999864
655,0.102592892592,-4.33770920823,-7.26606564547,0.884446254666,99.09999999999864
656,0.333298853981,-0.714967575642,-5.56974350089,-1.36830477211,99.09999999999864
657,4.27112813389,-0.223985735263,-6.34988434978,1.19479086043,99.09999999999864
658,1.14267947523,-4.07675474605,-8.07216727869,6.89349115664,99.09999999999864
659,0.174419861619,-17.4029923606,-27.6130458644,-3.99800142691,99.09999999999864
660,0.1314270055,0.129981730237,-5.84034613972,1.02291148104,99.09999999999864
661,0.217354050144,-5.92594261932,-50.5127152803,19.2275089584,99.09999999999864
662,0.133621781585,2.03972432702,-15.6264893105,-0.761881365483,99.09999999999864
663,0.227524508594,0.723834662551,-9.64813622569,1.60666129802,99.09999999999864
664,0.133670119805,-4.555457908,-1.44983668384,0.353294449901,99.09999999999864
665,0.683766134602,-5.88617505697,-21.3734749964,-9.9858899722,99.09999999999864
666,0.6314935273,-41.5005988621,-8.43317249366,9.53754783361,99.09999999999864
667,0.566823688441,-0.86373006377,-3.3372389092,6.50912328681,99.09999999999864
668,0.111519968096,-5.05759381241,-5.79789360769,-0.151998729379,99.09999999999864
669,1.49423300342,-3.36890245905,-7.58514006143,4.25066158882,99.09999999999864
670,0.291727820667,-2.91073389745,-3.15662662093,9.03024820287,99.09999999999864
671,0.503283105982,-2.53203492684,-9.50847405173,2.92630490385,99.09999999999864
672,0.781507996356,-4.3737826596,-5.68202638148,11.9316856644,99.09999999999864
673,1.90735575233,-6.34134506946,0.940648436672,1.79857524092,99.09999999999864
674,0.166038520386,0.864099614178,-29.6138224946,18.0521920186,99.09999999999864
675,0.105506845125,-4.46717557857,-11.3233899211,3.51367282615,99.09999999999864
676,0.153447138206,12.7324635357,-23.1229332303,3.32682096731,99.09999999999864
677,0.4684389199,-36.5732871862,98.9640438889,-29.3473566034,99.09999999999864
678,0.89935644037,-4.7678945407,-10.0268917599,12.065646558,99.09999999999864
679,0.596588711765,-2.92306586833,-8.30713386061,3.68745563914,99.09999999999864
680,0.251394605326,-1.20307206332,-11.6754719993,2.52371915887,99.09999999999864
681,0.267751638021,-2.36848940523,-12.4900785962,2.12982537757,99.09999999999864
682,0.504358612739,-2.40024288796,-4.82068453596,-1.37482651431,99.09999999999864
683,0.2774765428,3.70391660885,-3.94746777431,9.41447685759,99.09999999999864
684,0.670148562776,3.1654596412,-5.31694290081,1.55428096122,99.09999999999864
685,0.320837893408,-17.2473104795,53.6100214041,-16.3238778892,99.09999999999864
686,0.444740118703,-1.98506951197,-6.66571094172,-3.13266218246,99.09999999999864
687,1.22144104227,-1.43794858591,-7.29921490612,5.4461178884,99.09999999999864
688,0.180055387694,-14.4930666613,-9.2601474558,13.3171843978,99.09999999999864
689,0.1504127473,0.358186230466,-1.04533540352,-0.0961796151978,99.09999999999864
690,0.219284447088,13.926173165,-2.25229271363,96.1799452746,99.09999999999864
691,0.392035611703,-4.72301969429,-6.46503352834,2.22895862486,99.09999999999864
692,0.135809178757,-35.4065926945,30.5756726325,-79.5336441982,99.09999999999864
693,0.26024349525,17.0788247958,6.36783315992,5.90676172757,99.09999999999864
694,0.682592489129,1.14787401936,-2.75223789573,6.07825575406,99.09999999999864
695,0.477155461732,-5.70751839689,-7.40034273179,8.34595261491,99.09999999999864
696,0.434783933059,-5.53834768455,-3.8171969479,4.99071471349,99.09999999999864
697,0.124151639166,-5.60024644659,-7.71259396177,2.72676210473,99.09999999999864
698,0.273829046842,-2.78175444138,-9.87733915392,3.16315863016,99.09999999999864
699,0.795751014636,-7.66006690285,-6.76495230868,5.32721500578,99.09999999999864
700,0.363575805648,-2.23487174556,-6.99103835938,1.67886004022,99.09999999999864
701,0.117521093149,-3.63198883431,-7.34387334967,2.51519980963,99.09999999999864
702,0.222044889193,-7.56604392172,-10.6569148217,3.60436272485,99.09999999999864
703,0.22526894137,-4.59618108816,-3.78662596391,11.1303242924,99.09999999999864
704,1.36915618348,5.75775694418,-27.2834201312,17.4065232581,99.09999999999864
705,0.706294526257,-1.60053721906,-7.46375101192,2.38926344345,99.09999999999864
706,0.393306122939,-4.95358393272,-8.18322430501,2.58733361867,99.09999999999864
707,0.159336373447,-6.70160808462,-8.43604882433,2.6225268052,99.09999999999864
708,0.255887228566,6.07569041202,32.8997015065,-6.37184616234,99.09999999999864
709,0.381180246827,-2.38301882927,-5.91866724361,7.37308659911,99.09999999999864
710,1.37869818774,-25.3379093885,-73.1707068209,18.9367262199,99.09999999999864
711,0.323014894059,-5.52116378007,-7.76195021232,10.6201392583,99.09999999999864
712,1.68940505258,-0.318226133232,-5.56469655049,2.60380360719,99.09999999999864
713,0.132829672011,0.258184614317,-9.35484853333,18.3316564333,99.09999999999864
714,0.27129231993,-5.45613101433,-8.79210437623,6.15268189204,99.09999999999864
715,0.200637707887,-1.48678136143,-1.39298249071,5.74666555498,99.09999999999864
716,0.154410895375,-4.80645441945,-6.87551385289,4.56453074852,99.09999999999864
717,0.108258456633,-5.49986727057,-6.97123804456,7.37675375771,99.09999999999864
718,0.460705962911,-1.87514634272,-6.42970391952,-3.81761984667,99.09999999999864
719,0.378700686112,-12.9961193942,-15.1514819421,15.117992994,99.09999999999864
720,0.285564681244,-5.57685264198,-11.5789421662,2.58648240119,99.09999999999864
721,1.11393192579,-4.54989750134,-3.88898131301,5.96331637002,99.09999999999864
722,0.163990826013,51.0363867154,18.4279485473,1.93390408821,99.09999999999864
723,0.150429819628,-4.73300918536,-10.339250379,-0.801250677042,99.09999999999864
724,0.228321005605,-8.92312352163,77.0203607782,-2.91512101697,99.09999999999864
725,0.103383868611,-3.26518827557,-8.22275518901,4.89130847462,99.09999999999864
726,0.310656674487,-27.363376218,25.5174939249,21.6753290499,99.09999999999864
727,0.6318446773,-9.7954720527,2.40685281566,-10.1532195998,99.09999999999864
728,0.295336791277,-12.7993743643,-1.87401133727,-2.18630653036,99.09999999999864
729,0.252534185542,1.57553045732,-8.42375340523,2.63300061398,99.09999999999864
730,0.46080207912,7.1468779686,101.221607985,-66.7391285538,99.09999999999864
731,0.419565738625,-2.85443744391,-9.82615100171,-0.995213041824,99.09999999999864
732,0.521112693918,-36.0095296573,34.0298273491,54.3042215308,99.09999999999864
733,0.237224269061,3.56544080652,-4.13366149776,-0.432450234688,99.09999999999864
734,0.628127648249,-5.93703762149,-4.28853372972,5.80992573752,99.09999999999864
735,0.406806045944,-5.74708743843,-7.08897191752,4.35390741682,99.09999999999864
736,0.153617955364,-0.231643493143,-5.64892803497,5.26106685617,99.09999999999864
737,0.157198706482,-17.1932522556,-61.2188486173,7.81812339203,99.09999999999864
738,0.480722065501,17.5146691577,-8.72177884711,-3.14731172133,99.09999999999864
739,0.214857050327,-2.33771351122,0.122437279495,-0.20973939243,99.09999999999864
740,0.137706542837,-2.46907924168,-7.03743117995,5.4436324123,99.09999999999864
741,4.29840744219,-2.50723354508,-10.320879424,1.0271835133,99.09999999999864
742,0.131507564443,-5.01970488525,-8.62078203393,4.87942722053,99.09999999999864
743,1.22489050862,-10.2869608421,-9.40164325379,-4.58674939036,99.09999999999864
744,0.131388999516,-20.4061659628,-3.41605833585,20.6521735715,99.09999999999864
745,0.466743343136,-56.57892154,-4.6066676319,-40.5124793274,99.09999999999864
746,0.102186999386,-3.56258493302,-15.4024881944,8.85794036518,99.09999999999864
747,0.116515456338,-17.6335878667,-5.94035142912,20.4864793977,99.09999999999864
748,0.193671724743,-0.38490498369,4.48177489116,-4.10831675772,99.09999999999864
749,0.197816573207,3.58286365578,-7.76694481435,0.270728763325,99.09999999999864
750,0.876665420527,-8.66712261301,-15.6539788237,-7.01225085999,99.09999999999864
751,0.271092558341,-3.3639116639,-11.8127315672,1.76875431376,99.09999999999864
752,0.11653252945,-29.0755494464,53.8869360487,-22.9742949574,99.09999999999864
753,0.309016878935,-7.9427075558,-10.3977196282,11.0525923356,99.09999999999864
754,2.37808283494,-5.86415143261,-7.69332468075,3.48308877273,99.09999999999864
755,0.225806856506,-2.83422654024,-8.49359532618,2.98564450226,99.09999999999864
756,0.330947668022,-23.3293784615,-7.88967445572,-8.76445906244,99.09999999999864
757,0.657733390724,-1.193102498,-7.69910737263,2.71860575259,99.09999999999864
758,0.814311060498,-7.73420396385,-6.84592550043,5.309758312,99.09999999999864
759,0.130713117614,-2.2084239394,-7.65405940463,4.16097067989,99.09999999999864
760,0.625456642107,0.832595472092,-13.0705286846,2.28680561847,99.09999999999864
761,0.395947776373,-4.94819305133,-7.45505527378,4.67864388581,99.09999999999864
762,0.466106946363,-2.05546633803,-11.2970795921,1.97301168694,99.09999999999864
763,0.10859441632,-4.26276364019,-7.94623154862,-0.0479452560286,99.09999999999864
764,0.104752421067,-3.92436945411,-8.42597144882,1.27563865662,99.09999999999864
765,0.16228443683,-2.52879830868,-8.80744345608,2.26431850268,99.09999999999864
766,0.156687452019,2.16069589286,-17.5295693778,31.4221304612,99.09999999999864
767,1.46008359578,-5.49430602123,-5.12978489844,0.404615080586,99.09999999999864
768,0.405940517898,-3.60201761173,-2.96133088079,-8.64657689134,99.09999999999864
769,0.41333435781,-2.47010571057,-7.97839242421,2.30079874916,99.09999999999864
770,0.248652698123,-2.18561677724,-12.7553673535,9.0208600257,99.09999999999864
771,0.220810055551,-148.866117224,-26.1238718415,-48.6065088831,99.09999999999864
772,0.224641194362,-0.553867943912,-10.3704217734,-6.93372923772,99.09999999999864
773,0.942589770843,-2.28633738232,-6.48627475475,0.232919344054,99.09999999999864
774,0.18066521649,-2.29219410147,-5.94295383625,2.97645526406,99.09999999999864
775,0.366547500007,-1.83177836871,-6.47821475332,5.74035259926,99.09999999999864
776,0.33932553871,-6.32965336856,-5.00588513773,4.99931630577,99.09999999999864
777,0.177538803916,-2.62359544406,-8.03166154475,2.86753722173,99.09999999999864
778,0.901217169777,-6.74642126782,-8.59206109849,4.38999201697,99.09999999999864
779,0.106333721638,-4.8876917057,-9.28584958193,3.2713242698,99.09999999999864
780,0.14713045724,-12.4437063856,-6.43612178144,0.0115753296989,99.09999999999864
781,0.215072936817,-5.50866644644,-10.0522118392,4.49641504116,99.09999999999864
782,0.418540239634,-42.9196759942,-8.19412299545,-5.63027471368,99.09999999999864
783,0.214105269087,1.50000610227,-4.95017343168,4.47996698253,99.09999999999864
784,2.78145200925,-5.25698539291,-5.48624311176,7.26023827693,99.09999999999864
785,0.386267917173,-6.34177401741,-8.1921675633,2.80669073298,99.09999999999864
786,0.610953460537,0.69776642071,-0.302340631111,-1.17495067414,99.09999999999864
787,1.18568256572,-1.35090319663,-8.93918186426,7.96208627701,99.09999999999864
788,0.256458875162,-2.07775914393,-6.88060293314,5.99339734656,99.09999999999864
789,1.35699894683,-2.74970710222,-10.519413239,1.54464983697,99.09999999999864
790,0.160817200883,-9.27489105705,-19.331807292,-0.540544481904,99.09999999999864
791,2.1302680881,-2.0948036177,-8.50130284344,2.81027935652,99.09999999999864
792,0.215817977059,53.2841173,1.53188825573,-6.85982997839,99.09999999999864
793,0.13657736189,2.02642310132,-1.50653413104,-3.47258691622,99.09999999999864
794,0.636832654602,-1.93023410629,-2.4645570399,0.219172866409,99.09999999999864
795,1.01204638835,-82.535232755,-22.4808423641,32.7991346199,99.09999999999864
796,0.221734589619,-13.574502405,3.16017133229,-6.46294216213,99.09999999999864
797,0.133245165419,0.316639846297,-10.1104537188,11.5540026372,99.09999999999864
798,0.49095758464,-0.84767395554,-16.637069221,1.24639367845,99.09999999999864
799,0.261098974631,3.44235476552,-11.657182731,5.20265201139,99.09999999999864
800,0.24182380473,5.62671080412,-10.9567111421,5.67339959428,99.09999999999864
801,0.254503704925,-0.160825612273,-5.71245559001,1.03295014679,99.09999999999864
802,0.130172621305,-3.80348716428,-5.84526961207,3.51444767067,99.09999999999864
803,0.286018752927,-2.09213336063,-9.64089089917,1.46238974959,99.09999999999864
804,0.189468995625,-2.58963419119,-20.0903942753,15.3101388599,99.09999999999864
805,1.9515540008,42.2510414038,-7.73217972461,25.4058713673,99.09999999999864
806,0.418451558624,0.993121709274,-7.19425354202,4.33750279785,99.09999999999864
807,2.2097221918,-29.0247459113,-95.4562057255,24.513510551,99.09999999999864
808,0.125482337728,-5.40353370591,-9.50226223955,5.83653084574,99.09999999999864
809,0.515296548647,0.592986789931,-13.2081597374,-0.677906982848,99.09999999999864
810,0.349252300379,12.7056372967,1.15218950498,-7.04711853184,99.09999999999864
811,1.18711955497,-0.891088872802,-7.94429835345,1.84226325169,99.09999999999864
812,0.367587192844,-2.82005674386,-6.01829091383,3.24393821725,99.09999999999864
813,0.220647392801,-3.23528913545,-6.27844485673,4.190427631,99.09999999999864
814,0.145287637517,23.8391145895,-29.6006676577,33.4911835314,99.09999999999864
815,0.301462657413,-4.92917017803,-0.832347738089,10.4867745618,99.09999999999864
816,0.180059716074,7.59954430952,-9.27471816455,20.7946779671,99.09999999999864
817,1.08481592845,-4.98825174649,-4.05929197811,4.57330514627,99.09999999999864
818,0.125045032292,-9.51117501201,-13.4719900482,9.91412170203,99.09999999999864
819,2.10373103214,3.11071632833,-12.9593649172,0.317563212318,99.09999999999864
820,0.567798147966,-3.25620462877,-4.63274282776,2.916072531,99.09999999999864
821,0.105990699507,12.0422933573,13.325911011,28.32768466,99.09999999999864
822,0.165452290664,1.99064327645,-1.6659090039,3.38366682212,99.09999999999864
823,0.452293829443,-5.23156091103,-5.54523862604,4.4219138774,99.09999999999864
824,0.124464332659,11.7721079162,-15.4300039775,2.63678632876,99.09999999999864
825,0.991171761238,1.73206326099,-8.16630540062,-0.113414322378,99.09999999999864
826,0.114766412034,-4.63213927518,-8.30617694256,2.14453859526,99.09999999999864
827,0.843042478322,-9.1364780613,7.01159317091,-1.49748386498,99.09999999999864
828,0.201241450222,1.70829233078,2.73335374605,14.1849853264,99.09999999999864
829,0.161728651156,-2.26932845845,-11.2884608978,4.51049787737,99.09999999999864
830,1.36801808237,2.11866913593,-10.198491842,-0.777032042659,99.09999999999864
831,0.385969178343,4.78271846821,-0.370047936156,2.01504411576,99.09999999999864
832,0.419180841862,-1.70517566036,-3.91097864823,3.45376291869,99.09999999999864
833,0.169587237612,-14.3584708218,-15.4026110195,9.18810167652,99.09999999999864
834,0.118766277981,-0.852040962926,-13.0529038523,4.38696541231,99.09999999999864
835,0.79631015873,-1.7035768443,-8.04095526285,6.35931215769,99.09999999999864
836,0.408978187349,-5.24654024235,-5.0401248575,6.34650454515,99.09999999999864
837,0.209905265126,6.39191498981,4.14206135981,9.33793071518,99.09999999999864
838,0.283754426708,-3.96731759382,-8.262376802,3.00609708565,99.09999999999864
839,0.464268579148,-0.0158475532245,-14.2057449061,-2.96957484027,99.09999999999864
840,0.192958254273,-5.2863320914,-4.26356219107,4.72715907047,99.09999999999864
841,0.144972899991,-9.39663732505,-7.93670097793,-5.91581676881,99.09999999999864
842,0.368052523346,5.14996359336,0.894554632226,1.59509888628,99.09999999999864
843,0.311274737959,0.370557209338,-12.0797563556,2.58119683868,99.09999999999864
844,0.235750533623,-7.5518081101,-11.7086834255,12.3419823449,99.09999999999864
845,0.134177035172,-9.09969109088,-78.636575022,48.6750499076,99.09999999999864
846,0.229788541829,9.86130525877,43.1423165018,39.3331377712,99.09999999999864
847,0.329087291378,-2.03417566633,-10.6652585766,-1.87306143878,99.09999999999864
848,2.44648250504,8.69753644815,3.22925988789,-3.79890272587,99.09999999999864
849,0.290143325747,-5.30463591155,-5.85703850591,-3.48667525452,99.09999999999864
850,0.175215727359,-6.86746453666,-6.19719518467,4.4804863641,99.09999999999864
851,0.711428829081,6.5609482817,-51.6784995175,11.3302773423,99.09999999999864
852,0.205380545198,-12.0938307472,-2.15986888739,1.8365842302,99.09999999999864
853,1.16831536045,-3.94216221312,-4.93101670895,3.35814195017,99.09999999999864
854,0.638448194187,-9.2757296698,-5.43263205066,0.646380372176,99.09999999999864
855,0.163242861751,-2.21006739781,-10.060367644,9.42752699601,99.09999999999864
856,0.172742885287,-2.38338828626,-8.49566029667,2.67335415915,99.09999999999864
857,0.370288336857,-8.51403388241,1.33921296874,8.61815193644,99.09999999999864
858,1.23876788472,2.41650964386,-8.85202191396,0.563896117808,99.09999999999864
859,1.85949591846,-4.46577425207,-5.77953255829,7.63239285824,99.09999999999864
860,0.654014079166,-4.59230714889,-9.41762420162,4.24008430281,99.09999999999864
861,0.144881843976,-1.2585336867,-15.2224594814,13.5601947096,99.09999999999864
862,0.404174258673,-1.22652069644,-2.37266993398,4.63994165548,99.09999999999864
863,0.120898666032,-0.941494302166,-1.1989198025,0.285048183623,99.09999999999864
864,0.647687070987,24.1890782873,-19.6803357022,-18.8360752509,99.09999999999864
865,0.303119532273,-4.10789628112,-13.1045387808,7.84767534483,99.09999999999864
866,0.206354623541,-2.95808227471,-1.20544652085,6.13376944313,99.09999999999864
867,0.34787508384,-7.8950598545,14.9637150137,0.0778661179281,99.09999999999864
868,0.105390031011,8.52644221727,-14.284720121,4.04012485405,99.09999999999864
869,0.478228172258,-4.81491372821,-3.15851916489,4.89616162717,99.09999999999864
870,0.412544461046,2.15561986397,-9.39815661718,2.2900593597,99.09999999999864
871,3.77403355451,55.6238586977,-10.888395764,-0.961530981289,99.09999999999864
872,1.27821643224,-1.79546649878,-8.88111351139,4.46826774981,99.09999999999864
873,0.585098261933,-2.79944796702,-6.23259963266,-0.718165580618,99.09999999999864
874,0.270744348048,0.472449933425,-8.16258163858,6.21666574675,99.09999999999864
875,0.169954533418,0.377354331147,3.45779866016,28.0270106963,99.09999999999864
876,0.150661792632,-2.53042007085,-7.16352710769,-2.33596340836,99.09999999999864
877,0.60696526962,-8.58683448781,-8.00480873427,4.28672196848,99.09999999999864
878,0.476798816692,-0.945515860467,-7.6499127973,2.48298171881,99.09999999999864
879,0.169762575212,-2.88711522031,-3.56107778264,3.08249719297,99.09999999999864
880,0.174563763873,-2.21614033082,-3.00488447958,7.69940545453,99.09999999999864
881,0.151991248598,23.7571817087,38.1040794507,17.2212551498,99.09999999999864
882,0.77461005083,-1.52234511309,-7.69369563835,2.33813494958,99.09999999999864
883,0.461837639167,6.26513212014,-6.54189914563,10.7778924521,99.09999999999864
884,0.296953511568,-31.06150151,36.3431544751,-3.91827989073,99.09999999999864
885,0.395895020043,-8.4587066222,0.309930380251,6.34614324845,99.09999999999864
886,0.138254151926,-3.04615039021,-7.63709818867,3.27063899498,99.09999999999864
887,0.354066305833,-4.69829339757,-8.91062584471,1.65458267544,99.09999999999864
888,0.141804565881,3.28597654976,-4.45065065815,9.43258233588,99.09999999999864
889,0.233645974985,10.2225239894,-3.31540791479,18.1573025831,99.09999999999864
890,0.304074060406,-5.5185670285,-3.88254809599,5.35862341381,99.09999999999864
891,0.202627808861,-0.31465801887,-8.23558910334,5.5704797313,99.09999999999864
892,0.880925554077,-0.386503381191,-10.4236117529,5.88401203258,99.09999999999864
893,0.297000815939,2.3285449708,-11.2780654523,-1.16380821653,99.09999999999864
894,0.235397613084,-2.12641821896,-6.39231872553,2.30955386651,99.09999999999864
895,1.29960243389,-0.182404176538,-6.07593142275,3.47174656288,99.09999999999864
896,0.144395033383,-2.56858648319,-7.34868152392,4.21101723815,99.09999999999864
897,0.929171419956,-29.8651176085,-15.2563318476,-2.57752268553,99.09999999999864
898,0.192606545871,-0.887258392627,-6.09294298277,4.3606280412,99.09999999999864
899,0.116962168885,70.7433190854,57.4271307195,66.7120559432,99.09999999999864
900,0.117111983077,-16.7959730885,-26.6910600786,-19.1079682331,99.09999999999864
901,0.406660751024,-1.06138796229,-7.8288956764,1.88926617538,99.09999999999864
902,0.17725535731,0.196210492576,-5.80161733859,-0.738820722646,99.09999999999864
903,0.2473820028,26.7773330025,-12.2020228894,-9.29958892426,99.09999999999864
904,0.217665294614,-5.69682807965,-8.3387728542,5.48107512578,99.09999999999864
905,0.329296057446,-5.47720621328,-7.21594395864,6.41978831508,99.09999999999864
906,0.484729072414,-2.07154754831,-7.28386321502,1.39812175803,99.09999999999864
907,0.125369055082,-2.79669686421,-5.67033672398,3.81126169842,99.09999999999864
908,0.130209400913,-12.0043196163,-6.35586777683,4.4830579103,99.09999999999864
909,0.295249340561,-0.37603172759,-6.48487100822,3.01698974272,99.09999999999864
910,3.34146826615,-4.01803702379,-7.02114935856,3.91712118983,99.09999999999864
911,1.20286285474,-27.1314677377,-33.7608462623,-11.5503342146,99.09999999999864
912,0.414559926137,21.8533704961,-6.99864277287,-1.79654083093,99.09999999999864
913,0.188624336528,-6.80807941972,-9.74068267732,5.25348443629,99.09999999999864
914,0.15443834473,-0.414065791909,-6.00253885885,4.74950148832,99.09999999999864
915,0.307989337143,-1.07402765855,-4.18638652838,-8.00457022062,99.09999999999864
916,0.100158983971,-12.6441339589,-2.98303754511,-0.7785526059,99.09999999999864
917,0.451230521299,0.938380930605,-14.8311323716,0.843022532387,99.09999999999864
918,0.370268689365,-8.86189100204,-8.914152575,0.979561793694,99.09999999999864
919,0.384890138045,-9.65165447348,-7.7756456998,6.07152945238,99.09999999999864
920,0.996883062547,-4.00979625649,-9.39256427149,4.97610865272,99.09999999999864
921,0.185003189351,-4.91833562926,-5.08834050042,1.47872900162,99.09999999999864
922,0.735433019424,-4.71276486663,-14.3783736911,0.105992188629,99.09999999999864
923,1.01220147026,-1.65273426764,-9.19659791375,9.09516117237,99.09999999999864
924,0.689427377114,1.17755674685,-5.17667276821,7.14087318515,99.09999999999864
925,0.209490481785,13.4410367927,7.49411736057,43.2685835958,99.09999999999864
926,0.322811217313,-4.91940926181,-6.16583512674,-2.39274123379,99.09999999999864
927,0.260154613817,-5.86820407198,-5.78086415753,3.2729394144,99.09999999999864
928,0.440801649785,-0.341497912949,-8.776761813,14.3438025327,99.09999999999864
929,0.489240463271,-5.40234180295,-5.17848765638,4.99250337443,99.09999999999864
930,0.171321587062,-3.23413489085,-11.0475454028,5.85346820071,99.09999999999864
931,0.217264921837,19.2794738523,-65.5533489519,-24.5393002899,99.09999999999864
932,3.67182528654,-1.52335761732,-7.67309723918,3.2208812213,99.09999999999864
933,0.916018209748,-16.85743877,9.71293252639,44.2702847807,99.09999999999864
934,0.180406844965,-9.11916984802,-6.83353312761,-3.13830601797,99.09999999999864
935,0.428169348667,-0.279438695834,-8.17193379844,3.37569235207,99.09999999999864
936,0.233143439762,3.20166501633,-6.57540157735,-1.50493437617,99.09999999999864
937,0.135123128008,-3.53412631575,-8.64225821623,-7.61254675717,99.09999999999864
938,0.141045152645,3.06555972607,-3.48263513053,3.73728804288,99.09999999999864
939,0.220207996941,-2.43081047225,-8.10751350929,1.71250211888,99.09999999999864
940,0.443003788753,11.535492329,43.3228054897,22.1973175704,99.09999999999864
941,0.5449177724,3.06240688537,-6.55283868056,7.30537478213,99.09999999999864
942,0.553995086584,24.5940190654,-36.4520357804,13.4895293452,99.09999999999864
943,0.876565506467,-4.89007519357,-3.45861042055,6.11974308138,99.09999999999864
944,0.148481610949,-7.72318779272,-6.41127902293,2.17653549368,99.09999999999864
945,0.417014113406,-6.41691341938,-4.694297981,-14.9483173556,99.09999999999864
946,0.103311462421,-5.43909468014,-9.08799515688,6.43446826248,99.09999999999864
947,0.111205593903,15.4133741887,49.7263009133,-6.34460542828,99.09999999999864
948,0.162030113044,-1.45980432537,-8.02002395273,8.35028340973,99.09999999999864
949,0.280400179125,-0.13417306014,-7.88975309617,3.02407550978,99.09999999999864
950,0.431836974786,-4.39659011714,-5.57560346228,2.68208583445,99.09999999999864
951,0.424683361734,-6.07585362723,-8.20051954464,2.09803198976,99.09999999999864
952,0.106547713795,-1.82178280959,-12.4733054496,7.63977571242,99.09999999999864
953,0.191656934263,-2.53425851928,-9.46230534133,5.20640366026,99.09999999999864
954,0.11310415095,2.10946047359,-4.31139029805,8.34035503635,99.09999999999864
955,0.141129185941,-1.11443257681,-7.87929401381,8.01995536234,99.09999999999864
956,0.375110421582,-4.93793094486,-7.69856644791,4.67746240539,99.09999999999864
957,0.353005078845,-11.2499975849,-11.4567432167,-8.90697486278,99.09999999999864
958,2.05779652159,-3.41747367535,-11.9842032178,2.95167063654,99.09999999999864
959,0.467385864224,-2.82707314364,-8.39646093602,2.68239138696,99.09999999999864
960,0.23251345923,-2.65635892831,-12.4564745103,9.91901963189,99.09999999999864
961,0.196669556673,-2.42535570249,-61.6340437697,51.6754165333,99.09999999999864
962,0.177906745727,-17.7526981493,19.5884095561,-43.0332947918,99.09999999999864
963,0.102307609298,-73.7595294325,-33.1652450231,56.401427199,99.09999999999864
964,0.512869492316,103.086738589,4.62310034794,70.41974279,99.09999999999864
965,0.210157762373,12.7592591877,-13.8519957307,11.2665367039,99.09999999999864
966,1.21254202288,-4.14621936827,-6.0413644319,2.92508825941,99.09999999999864
967,0.162381712936,-8.07547507795,-10.9941178712,5.71143927046,99.09999999999864
968,0.715141590083,-12.4485789256,-13.005619961,11.4159438633,99.09999999999864
969,0.179301168993,-5.99144063587,-9.55879547627,7.32309310135,99.09999999999864
970,0.106215454625,-2.22312219461,-8.93527780861,-0.336394764422,99.09999999999864
971,0.263124573231,-0.990986395481,-8.30387993027,2.79123254222,99.09999999999864
972,0.139256372744,1.03825274214,-7.64732290297,5.32036635893,99.09999999999864
973,0.18345552973,-16.6981936135,22.5822099729,-25.4308943244,99.09999999999864
974,0.113703592702,-16.6646116348,5.13529797688,-5.8366048213,99.09999999999864
975,0.145016648908,2.16718818953,-2.18936561818,7.25134109159,99.09999999999864
976,0.320117402132,-0.103598841693,-7.14934755019,2.99476213614,99.09999999999864
977,1.06649996227,-7.5211674449,-10.062843028,1.05996754912,99.09999999999864
978,0.142888913223,-8.68270325988,175.400723473,-94.1891497731,99.09999999999864
979,0.105969352155,-3.93800795572,-5.45902923155,4.88800213281,99.09999999999864
980,1.03600661742,-4.47557565987,-6.09193990213,5.16412755544,99.09999999999864
981,0.161399980834,0.460125742796,-5.94564367593,0.859512606963,99.09999999999864
982,0.976638295869,-9.90441329047,4.30721656437,7.12459172535,99.09999999999864
983,0.156413442015,10.4005266398,-6.28433544793,1.7550584796,99.09999999999864
984,0.122856290124,-2.96486367064,-7.42405490037,5.90478107554,99.09999999999864
985,0.301838325305,-40.6436838265,-28.0343278598,-50.7284032611,99.09999999999864
986,0.412577791799,-4.31700126266,-3.93656067193,1.17680671952,99.09999999999864
987,0.544778318762,-30.5191890713,50.4968605756,-90.548762486,99.09999999999864
988,0.575099935161,-2.01223884925,-20.6363669249,9.64366605207,99.09999999999864
989,0.724385454264,3.31514259729,-1.4890520149,-1.62768195734,99.09999999999864
990,0.234480634593,-2.59993729857,-5.46250817014,0.507842030089,99.09999999999864
991,0.900956745911,-0.268912074187,-9.32934835977,2.59209558689,99.09999999999864
992,1.34128290304,-18.7376658834,13.8038001108,0.794868639865,99.09999999999864
993,0.369571191877,-5.87679916297,-1.53210531792,-2.2262362879,99.09999999999864
994,0.243232518609,-19.0888867093,-20.701975593,19.5262293114,99.09999999999864
995,0.328018921427,-1.47684488331,-6.13985855615,9.49411538082,99.09999999999864
996,0.169497374476,-3.32304927031,-3.7684992436,7.18739740028,99.09999999999864
997,0.133096083197,-5.58243173969,-5.00050177228,5.30418711595,99.09999999999864
998,0.12242465583,-2.75953862813,-10.1302006275,4.81363859731,99.09999999999864
999,5.23581011269,-2.81787463828,-6.73063487149,4.55390762609,99.09999999999864
