Star_ID,Mass (MSun),X (pc),Y (pc),Z (pc),Simulation Time (Myr)
0,0.187501094192,6.36310112644,0.353199678231,-16.1301825063,74.60000000000004
1,0.234073475304,4.40446935275,-3.38973488997,-21.2042682341,74.60000000000004
2,0.121812219879,15.8264090096,-7.89335911891,-15.6749317044,74.60000000000004
3,0.448399618391,12.7747932575,0.946354939961,-20.2602101294,74.60000000000004
4,0.18486899709,9.05640239962,-1.44936215181,-19.3367661908,74.60000000000004
5,0.526638835351,4.6645007533,6.33235698453,-15.0897136969,74.60000000000004
6,0.268073194649,10.9191149748,3.36870263068,-18.7551795354,74.60000000000004
7,0.252048668865,77.0831994659,51.3110308307,-18.7366711136,74.60000000000004
8,0.44077252338,18.0773127124,51.1362358887,-20.6474282798,74.60000000000004
9,0.601924260326,-8.85334756922,11.9134569929,-6.40552941858,74.60000000000004
10,0.28361850828,9.84401014251,0.517214873555,-16.9620136072,74.60000000000004
11,0.72176268144,10.6558492408,-36.658715248,-8.66819839022,74.60000000000004
12,0.329821484786,6.6635557725,0.68410014309,-20.8254349601,74.60000000000004
13,0.122089477166,7.47810425991,2.46232895014,-10.3473533806,74.60000000000004
14,1.11347631586,8.34109770742,0.869807731095,-20.0682762107,74.60000000000004
15,0.110257319519,8.14961383814,2.88096632098,-17.8380212128,74.60000000000004
16,0.193148305693,10.9046731619,4.23950624355,-18.2677912089,74.60000000000004
17,1.18343233652,10.6928905125,0.842395443838,-17.7492026424,74.60000000000004
18,0.125406353016,9.73340921754,1.4661342537,-23.1577620991,74.60000000000004
19,0.281523581534,6.57435929793,-0.831090636504,-18.1694842194,74.60000000000004
20,0.302546327172,-24.1726477458,-65.6083565078,-5.71832778649,74.60000000000004
21,0.737317703333,10.1394869112,-3.66799760453,-21.2712532264,74.60000000000004
22,0.217835135634,-15.828696651,-30.4172469344,-31.9712126751,74.60000000000004
23,0.655643731568,7.5302376502,1.35702030006,-18.1547931321,74.60000000000004
24,0.14482761991,11.0641204648,1.75393085408,-18.5147445285,74.60000000000004
25,0.202100637352,11.8396791083,3.10749797523,-17.5138761011,74.60000000000004
26,0.123727177288,9.57471112374,1.84720382707,-24.3756651603,74.60000000000004
27,0.100873013862,-73.8700996825,47.0699676513,-74.6751576323,74.60000000000004
28,0.187832682532,15.4592145655,0.879068992712,-21.7286636239,74.60000000000004
29,0.195694699714,18.0179038715,43.3103196913,-32.0455786441,74.60000000000004
30,0.115057394346,8.59865611674,4.3291021206,-17.8448392231,74.60000000000004
31,0.103824251532,11.6843446526,-1.30050995033,-19.1115163346,74.60000000000004
32,0.272935341389,5.62169840347,4.41685111416,-16.3860646027,74.60000000000004
33,4.63375017386,6.31139183936,-0.693208562108,-17.9557854072,74.60000000000004
34,0.608888464148,18.0538219881,22.9338938358,-7.41589682761,74.60000000000004
35,0.253954083878,14.1586872449,1.90743718377,-14.5222971377,74.60000000000004
36,1.10791037092,-1.54029964316,3.6633828229,-16.984030073,74.60000000000004
37,0.103228026071,2.73921809667,10.5977305636,-15.313655165,74.60000000000004
38,0.298546221883,8.95563276609,3.10023066827,-18.3616318813,74.60000000000004
39,0.162528025634,5.65120561701,-0.513696104894,-15.1794826994,74.60000000000004
40,0.42529318659,24.8273785324,5.42170937161,-16.9537932402,74.60000000000004
41,2.95873593307,8.20602104655,0.697487542849,-18.7860146016,74.60000000000004
42,0.255792228665,7.1032939038,1.35352728407,-19.6263689412,74.60000000000004
43,0.200662519617,1.15230470179,6.67179261489,-7.98519303788,74.60000000000004
44,1.26798800512,-10.9933784711,93.3293870284,53.5015743128,74.60000000000004
45,0.280432578837,6.51591222773,3.33157219294,-17.9028405135,74.60000000000004
46,0.539729993886,11.6957054983,-1.51816110421,-19.982464894,74.60000000000004
47,0.515955590007,9.80463952045,-0.573435812456,-17.5995161195,74.60000000000004
48,0.105103964846,9.22266881527,-1.42198127816,-10.6944970126,74.60000000000004
49,0.178793371795,4.57214566304,-5.67381713748,-16.4653046212,74.60000000000004
50,0.128639027089,-9.57412231749,3.56247929562,-36.7657723776,74.60000000000004
51,0.154744391787,69.0605290803,35.9296868695,-19.8756698894,74.60000000000004
52,0.114010757861,5.94659332046,0.0844216115637,-14.925925436,74.60000000000004
53,0.517623637548,8.98258910154,-1.40473912435,-15.0532755888,74.60000000000004
54,0.127149623812,5.67187371493,5.95054474789,-17.87611219,74.60000000000004
55,0.10058726337,-2.54252378055,-16.2867428906,-29.0842112689,74.60000000000004
56,0.321723035848,23.8636690814,26.5120273505,-40.3857989828,74.60000000000004
57,0.119229115094,9.1738206506,0.599174406227,-18.5506221122,74.60000000000004
58,0.634285050729,-38.6746979267,17.7255727475,-0.736358964152,74.60000000000004
59,0.260864812069,2.85335427014,-0.348712927056,-12.8249204533,74.60000000000004
60,0.120434448303,13.7787807484,0.897459126926,-15.665177034,74.60000000000004
61,0.168188040862,-23.8718672214,33.5564121904,-12.9814336046,74.60000000000004
62,0.144372917766,6.67188041756,5.32118496907,-20.5706406769,74.60000000000004
63,1.47549969618,8.80830699588,0.973787678351,-18.6189653747,74.60000000000004
64,0.466998224609,-3.03696325362,10.6216309592,-8.50638220242,74.60000000000004
65,0.102981289316,9.37094719243,4.646710469,-12.7570921215,74.60000000000004
66,0.22186895214,8.91068245749,0.957246093996,-19.2583937504,74.60000000000004
67,0.217360750587,-7.06457643253,26.4468337094,-25.713205643,74.60000000000004
68,0.672215432117,11.9399942538,-0.836749042061,-13.1454309066,74.60000000000004
69,0.224177645763,5.06666488595,-5.09273497021,-17.7807092737,74.60000000000004
70,0.295161827863,5.46075385365,-3.05965654663,-21.6583914486,74.60000000000004
71,0.177998135015,14.0777344528,2.01246514842,-20.9991478756,74.60000000000004
72,0.14390620301,10.2072598741,-6.51286222099,-14.688714028,74.60000000000004
73,0.560487094229,-14.949429693,-7.67677874904,-16.4060343124,74.60000000000004
74,0.325622753109,99.7063571308,-69.029602874,-10.5343519001,74.60000000000004
75,0.43228235584,16.5066434753,19.1247567105,29.0759215087,74.60000000000004
76,0.214313821134,11.6098489518,0.0956272721172,-19.2890559308,74.60000000000004
77,0.608167795183,27.2407115781,-27.7364255719,25.3202841209,74.60000000000004
78,0.915716867571,17.8379721441,1.63649639812,-12.0666577439,74.60000000000004
79,3.53889119507,6.69033368236,-0.608381660547,-19.7066810717,74.60000000000004
80,0.32734731132,8.76828073959,0.270005377198,-19.6167154537,74.60000000000004
81,0.112817437154,-25.4488845387,-8.14793358178,-9.20505507794,74.60000000000004
82,2.38012665523,25.9044111891,-2.53883562992,24.8022621387,74.60000000000004
83,1.17885463357,10.5266783036,0.0183400218998,15.6212718882,74.60000000000004
84,1.42036701909,-12.7691211272,20.1856035188,-35.4154213018,74.60000000000004
85,0.128307681833,9.51427273641,7.73370925438,-13.7709910763,74.60000000000004
86,0.213215365954,38.5727089512,41.7264811001,-31.1441808702,74.60000000000004
87,2.76077211214,7.71148132639,-0.137182168367,-19.2124973276,74.60000000000004
88,0.740502061625,7.42546939476,-0.631190181281,-20.4406184343,74.60000000000004
89,1.37520091791,7.34588718335,-1.21916031931,-17.9278763598,74.60000000000004
90,0.141904869898,11.8474864821,-2.18886278088,-19.2755211733,74.60000000000004
91,0.896682029241,9.24840838158,-0.307274792268,-17.8583213977,74.60000000000004
92,0.130338188937,11.4534433711,-0.644500229958,-12.6792787558,74.60000000000004
93,0.872361523451,11.2990660605,1.39775616845,-22.0381198005,74.60000000000004
94,0.262193212863,5.9768976998,1.24946236997,-17.1852001917,74.60000000000004
95,0.592067791678,6.09396137331,16.0300352228,-16.5553982719,74.60000000000004
96,0.401885454848,9.30759500949,0.352295114221,-20.953780372,74.60000000000004
97,0.257268477641,9.08265353786,-2.34145253312,-13.8703967857,74.60000000000004
98,0.656130985665,-31.2286970427,-56.6219323769,-22.4044760009,74.60000000000004
99,0.307120020217,6.72632270508,2.55503106099,-19.1461315613,74.60000000000004
100,0.266784133675,8.69073001255,-8.02014619287,-9.3234046039,74.60000000000004
101,0.408640424038,10.6452411342,-3.67964617978,-20.6859477411,74.60000000000004
102,0.395043654462,11.0778517587,-0.713614283448,-25.7488783175,74.60000000000004
103,0.150214951932,10.3952181943,2.08325706506,-17.8831935824,74.60000000000004
104,0.439774978136,13.070106114,1.70173237824,-23.5778011184,74.60000000000004
105,1.92100250105,48.5832206811,12.304709562,-88.458966564,74.60000000000004
106,0.169835375216,7.84169341911,0.00642852360726,-22.6399216966,74.60000000000004
107,0.178134079145,10.0942994195,4.43377858083,-17.718085175,74.60000000000004
108,0.127480064936,17.3527018701,4.42313973182,-18.5133888624,74.60000000000004
109,0.171308719258,10.4167330958,1.77311583427,-17.5415440982,74.60000000000004
110,0.356598014085,9.19736638023,0.198952541145,-21.4902135878,74.60000000000004
111,0.265443256536,2.40665216722,-8.55177712667,-20.4832289909,74.60000000000004
112,0.124951396401,7.84883591982,1.89701663347,-19.8766774564,74.60000000000004
113,0.226346287387,-0.776573237711,-14.0617449049,-14.2941386736,74.60000000000004
114,0.263604051584,7.05385662173,2.80361228969,-15.0843961276,74.60000000000004
115,0.278485195889,6.90197208566,-2.84913214009,-18.9587552841,74.60000000000004
116,0.202948516367,14.3991040075,0.132008820081,-26.5494461034,74.60000000000004
117,0.765934471323,3.76838690246,-1.04946549608,-18.5121558532,74.60000000000004
118,1.40452976431,9.2432754473,-2.01244545691,-20.0829106325,74.60000000000004
119,0.242522940276,-18.781033084,-59.1999603547,-28.4854725159,74.60000000000004
120,0.327855202498,3.64413869346,3.31525255531,-19.9317485734,74.60000000000004
121,0.132283595734,8.93549557182,3.08418932368,-18.0565425377,74.60000000000004
122,0.477875317597,4.65833656347,-1.38590181629,-25.943182,74.60000000000004
123,0.216276680511,35.2638104102,-69.099082819,0.603647012179,74.60000000000004
124,0.131760853032,7.62868124893,-2.01160260193,-17.8396142832,74.60000000000004
125,0.139290833936,7.43953507928,-2.84025765487,-22.0302837396,74.60000000000004
126,0.130027139938,9.92670522752,-25.3591258573,-14.2634457205,74.60000000000004
127,0.492452666758,2.27134537445,-3.24697311433,-1.82422373187,74.60000000000004
128,0.197880746283,-1.76107358508,-0.947422294236,-6.54358502187,74.60000000000004
129,0.242798737212,-27.8847432476,15.4852869696,9.2486979888,74.60000000000004
130,0.690269347823,6.66474241849,-1.39332191654,-17.3115894226,74.60000000000004
131,0.499847838146,10.5222839494,2.59663880929,-18.6434852433,74.60000000000004
132,0.132921335458,10.4841333664,0.541389275592,-9.76354952997,74.60000000000004
133,0.100805216859,-1.25036813621,-1.08215657544,-40.1393444458,74.60000000000004
134,0.135404087493,8.17198161731,1.73469779576,-18.7100347762,74.60000000000004
135,0.167254791939,-18.7049786962,-16.7217858652,65.3186328197,74.60000000000004
136,0.111474270136,-48.9085540578,-36.4604076623,-31.6111700594,74.60000000000004
137,0.11309789741,15.5255822004,-4.15380423412,-19.1022528386,74.60000000000004
138,0.839445680121,18.5172693548,-4.61360023663,-20.7599242326,74.60000000000004
139,0.145658532587,8.8674771289,-3.97692787731,-14.6156262563,74.60000000000004
140,0.355308684925,2.71096921301,4.00273051689,-3.15310321822,74.60000000000004
141,0.166048658404,8.76983185295,-2.54346438299,-19.1314560928,74.60000000000004
142,0.298854621926,15.3443079713,9.87999921989,-26.1509080466,74.60000000000004
143,1.54498998856,6.45122939622,2.53358569234,-17.7414888676,74.60000000000004
144,0.388574375643,-48.3689226852,-37.9312449697,-20.8927229751,74.60000000000004
145,1.19648648279,10.3915887539,-2.29717061463,-20.8123635569,74.60000000000004
146,0.877148516588,6.55423865037,-0.239800735031,-10.4639321464,74.60000000000004
147,0.142568039398,-31.2056295325,-11.0315167947,-32.5093756879,74.60000000000004
148,0.424851749655,22.5860804091,41.0484278241,33.7494521069,74.60000000000004
149,0.788349385966,11.6929836454,2.18849302433,-17.4235740965,74.60000000000004
150,0.526447639172,6.15889250526,-2.41929207648,-21.8420994197,74.60000000000004
151,0.661455819484,10.7963446447,-1.03011266634,-21.7614292432,74.60000000000004
152,0.371084155109,1.39313063382,1.89866961422,-15.8624634918,74.60000000000004
153,2.67712865665,10.3999892526,-0.472955187298,-20.2591730338,74.60000000000004
154,0.182534758129,7.10957636726,1.46835674926,-16.5844028838,74.60000000000004
155,0.500351677633,24.6645421409,4.21492877769,-14.6273843234,74.60000000000004
156,0.134233707721,5.64514980817,-0.0914411363883,-20.167755136,74.60000000000004
157,0.147268716472,-59.6437259957,-7.32783461286,17.3054485365,74.60000000000004
158,0.179050664565,8.40278497148,0.878184653008,-20.2534566393,74.60000000000004
159,0.103652325568,13.3036167683,-1.03563724986,-19.0517567746,74.60000000000004
160,0.179584855596,8.1574944753,3.04367162047,-19.8646948376,74.60000000000004
161,0.663043980059,19.7786630556,5.58890630192,-16.1402829701,74.60000000000004
162,0.175145805454,4.8399062054,4.90572400461,-18.7907316825,74.60000000000004
163,0.244794497578,-19.0078835633,-40.2526023058,32.1241563933,74.60000000000004
164,1.01128986611,4.72308475042,-4.04409619402,-22.2038642937,74.60000000000004
165,0.15741986355,10.1603669002,0.512365992538,-19.5424131968,74.60000000000004
166,0.145926161109,-19.3295855367,30.1214223504,6.40965366698,74.60000000000004
167,0.258844012299,10.547354274,5.20129087412,-16.9512248181,74.60000000000004
168,0.653430052549,8.50288568097,4.54970774758,-23.719635387,74.60000000000004
169,1.87101179282,8.94982131926,0.350134231006,-19.2804058339,74.60000000000004
170,0.263089892191,7.59898150348,-4.99034056465,-10.4264918196,74.60000000000004
171,0.424666384548,13.2611642638,-7.52085182894,-18.1640920524,74.60000000000004
172,0.142499768115,12.2288344342,9.50650570163,-76.041370821,74.60000000000004
173,0.269650606919,9.22567280468,-1.70993854868,-20.3318212195,74.60000000000004
174,0.285063419169,11.5786939003,-17.3065548253,6.36990969651,74.60000000000004
175,0.14925800302,10.9650938285,-8.15542155192,-18.5842033841,74.60000000000004
176,0.865103061281,8.16372252296,1.96549142854,-18.1461750469,74.60000000000004
177,0.153466945664,-22.5244578411,17.5182376444,26.5832266111,74.60000000000004
178,0.290847048486,14.4315620545,4.43078810688,-6.08453266338,74.60000000000004
179,0.100774166663,9.56701718876,-6.31368649854,-6.10576006227,74.60000000000004
180,0.256119239266,6.12075593039,-0.715356548475,-20.2515500236,74.60000000000004
181,0.664554441123,11.4016933751,1.55894571842,-18.3155774152,74.60000000000004
182,0.854236357806,9.45966961973,-1.52290253155,-14.4531709799,74.60000000000004
183,0.106674591663,6.07166574976,13.1952730215,-4.98076870234,74.60000000000004
184,0.322588722038,12.4988240224,-27.5773322618,-24.0453659756,74.60000000000004
185,0.160534688758,10.4936084686,3.68086441667,-18.7689281367,74.60000000000004
186,0.120569553104,22.7951668373,10.203805674,-56.4077817688,74.60000000000004
187,0.701130440371,8.93600836662,0.381342348606,-14.2821172686,74.60000000000004
188,0.306049673081,5.34459909897,5.95424712469,-12.1076892931,74.60000000000004
189,0.564534265416,7.83451404842,1.11904508023,-18.2752277897,74.60000000000004
190,0.149118012787,8.59928689536,0.0876934262673,-19.3640161649,74.60000000000004
191,0.789051101996,6.40537142629,0.871961218271,-17.9916874977,74.60000000000004
192,0.877491900544,9.31914932162,-1.75639697585,-20.3994744203,74.60000000000004
193,0.755594913315,6.38661359125,0.908062030021,-20.660063284,74.60000000000004
194,0.105111138059,12.0647868528,0.630194886005,-17.0998136379,74.60000000000004
195,0.142094492201,-39.8511410612,-14.7790613822,-13.8488585201,74.60000000000004
196,0.133261688804,2.70219838584,7.76352226962,-14.1796773593,74.60000000000004
197,0.465692473447,9.82158817802,3.14706117937,-11.4491251141,74.60000000000004
198,0.129179839803,7.95570731936,2.02561869745,-18.9999219051,74.60000000000004
199,0.152772598117,47.7534377855,-29.7292716972,-6.17880596449,74.60000000000004
200,0.492835699902,4.80750423129,3.03213558525,-21.0845116279,74.60000000000004
201,0.461315437719,12.7193255211,-1.78718601412,-17.949976894,74.60000000000004
202,0.429588100469,8.91091299298,0.256851828361,-18.4727045022,74.60000000000004
203,0.246116033217,9.0706884011,1.05424598577,-15.8579623816,74.60000000000004
204,0.376228776466,4.89870749707,0.644771719571,6.53628785798,74.60000000000004
205,0.183610818579,8.11842829414,-0.000154643580626,-22.9498533626,74.60000000000004
206,0.142929885423,10.1378376777,-2.31652345319,-19.6216687832,74.60000000000004
207,0.222330498365,15.991540145,23.6684592942,-37.0451123439,74.60000000000004
208,0.361068594677,5.52897896559,1.22041915838,-15.0531984268,74.60000000000004
209,0.319915553998,6.46645284389,1.77695258902,-19.7617904058,74.60000000000004
210,0.210360490147,-2.14225402247,4.24807370546,-19.723813961,74.60000000000004
211,0.485513470575,12.2854105797,3.42892340941,-17.6772916146,74.60000000000004
212,0.221203744233,11.7889101588,3.37763726271,-19.4917621282,74.60000000000004
213,0.256189404144,11.5821713283,80.3282250808,-45.5592847376,74.60000000000004
214,0.454698728111,7.57905080149,4.48276002683,-13.9266914589,74.60000000000004
215,0.214993889096,7.9287517093,0.347158600409,-16.8583294037,74.60000000000004
216,0.9120372556,8.04531918376,7.17188538758,-15.8204512594,74.60000000000004
217,0.556315816972,114.031973525,-4.24539500615,76.7713409007,74.60000000000004
218,0.144720049946,-66.6838364498,16.6919203675,-4.61672482437,74.60000000000004
219,0.864710463804,8.90835899548,-2.32533340704,-19.9603069377,74.60000000000004
220,0.221380882816,8.03576929776,-1.40671133359,-18.3791621236,74.60000000000004
221,0.45763601079,-5.90641194272,-13.1986144636,-34.5480019872,74.60000000000004
222,0.306772510789,5.46861406208,-10.3870802951,-21.1156001172,74.60000000000004
223,2.27321085384,8.10805171393,0.478895524766,-18.923895917,74.60000000000004
224,0.930660080475,7.01166957307,41.4277097998,-60.6126933988,74.60000000000004
225,0.387554688913,8.68337642319,2.28397886588,-14.8314742291,74.60000000000004
226,2.31742846453,1.28432380788,4.12772261204,-9.68080292015,74.60000000000004
227,0.767747565975,-0.348176098771,0.164650324052,-24.5367776566,74.60000000000004
228,0.177166615151,8.0148429911,0.251771484178,-18.7079856924,74.60000000000004
229,0.362128634388,9.93606735796,-0.29144598513,-20.4670983221,74.60000000000004
230,1.79194002046,-2.29300634753,-0.382027727201,-40.7326820601,74.60000000000004
231,0.195689251793,8.20287084567,0.140445971717,-18.0451209156,74.60000000000004
232,0.435632926112,7.0208491187,2.16867346469,-19.7400550198,74.60000000000004
233,0.242252184107,12.9221048934,4.89104319635,-17.9370796119,74.60000000000004
234,0.120031120432,38.7253836539,11.8734189573,-35.3369909429,74.60000000000004
235,0.209322127056,3.88026302183,1.90487191498,-20.1926040842,74.60000000000004
236,0.4482893048,5.41970017166,-2.35162538271,-12.9196030059,74.60000000000004
237,0.649557218983,12.0831844339,2.5287066241,-19.7003550877,74.60000000000004
238,0.237588607039,11.4018915399,-1.76735214004,-20.2972136993,74.60000000000004
239,0.200091270882,9.16069849079,-0.143426934543,-19.2628218201,74.60000000000004
240,8.26484423705,8.6879217823,0.800462426932,-19.0321756897,74.60000000000004
241,0.126169219176,66.3005909084,28.3660322203,8.6793276969,74.60000000000004
242,0.581760302595,6.56106813072,0.0521651061931,-16.8955238681,74.60000000000004
243,0.723768628923,13.200248099,5.51218078133,-18.3361140285,74.60000000000004
244,0.282345655539,9.900230671,0.823606290668,-16.0549704067,74.60000000000004
245,0.340051949478,7.47882323361,2.54555281284,-21.8266519172,74.60000000000004
246,0.344117815896,11.9384856594,2.64278310418,-13.8084662155,74.60000000000004
247,0.187581326522,7.37857648159,0.316192845106,-18.466923794,74.60000000000004
248,0.172578146674,9.76246250022,2.6482940068,-16.8240479091,74.60000000000004
249,0.255542048843,7.51364280668,8.02544382846,-13.8856385987,74.60000000000004
250,0.10733889799,9.96650597172,-2.0192769406,-18.7932364141,74.60000000000004
251,0.11541655534,12.2317387271,-53.3540112558,-37.7938054068,74.60000000000004
252,0.738217879204,13.8853446964,3.23230955365,-5.5813715661,74.60000000000004
253,1.08223112079,4.49847238539,-3.45520046689,-19.2006256887,74.60000000000004
254,0.131845944079,-24.0970805727,26.9809597379,7.92631063816,74.60000000000004
255,1.58917958498,4.73862928754,34.4880623918,58.7215594439,74.60000000000004
256,0.253875682771,5.57081380681,2.64269338736,-23.9262128774,74.60000000000004
257,4.72364698594,8.46141333504,0.588905952547,-18.6000141964,74.60000000000004
258,1.12912425085,8.75899577872,1.78862192615,-18.8552667938,74.60000000000004
259,0.161425613257,-3.90924180694,-0.466383238399,-30.6280968717,74.60000000000004
260,0.302291289225,7.99892289708,1.25672400869,-17.255322615,74.60000000000004
261,1.1531719878,7.17380699634,-1.70858799099,-17.0104591095,74.60000000000004
262,0.737816255359,7.64222916509,-0.877236974121,-19.7629172127,74.60000000000004
263,0.184051833026,5.95321275468,-1.94228110846,-20.2110687351,74.60000000000004
264,0.519245428435,5.8241617227,-2.72308010379,-14.9417861543,74.60000000000004
265,0.395550590362,5.83426476239,-0.177111656828,-17.3684960704,74.60000000000004
266,0.123274387613,12.0453683304,5.14284979854,-16.6546446334,74.60000000000004
267,0.181950847575,7.06805482733,-0.235684306942,-20.9365925381,74.60000000000004
268,0.115506254169,12.6370422314,-3.82329265607,-17.9888816901,74.60000000000004
269,0.512691615044,5.05161761028,1.82329702904,-14.2470417338,74.60000000000004
270,0.520359987433,10.3454675939,4.05395429449,-15.4221300497,74.60000000000004
271,0.119196500714,8.86657163594,1.39418979502,-15.2867198121,74.60000000000004
272,0.105822807813,9.47565321314,4.59090665718,-18.3928925705,74.60000000000004
273,1.8061398421,11.285345964,2.6436448666,-17.6547439874,74.60000000000004
274,0.134984642709,6.95745373403,2.39178093613,-18.2423779938,74.60000000000004
275,0.125797741517,2.74049759975,2.3646479788,-13.1095625176,74.60000000000004
276,0.105436065302,9.53893112223,3.1360013585,-22.6435225386,74.60000000000004
277,0.695007907728,9.87301081091,-2.26172253777,-17.6350305297,74.60000000000004
278,0.1280173507,13.2803967157,-2.59111418238,-14.1965293852,74.60000000000004
279,0.224579396967,6.18589701063,-2.03742787132,-21.2823854112,74.60000000000004
280,0.354579077527,5.81292289002,-1.71056787432,-18.3708049718,74.60000000000004
281,0.385719663001,30.4266848821,-39.8694811788,23.6108990384,74.60000000000004
282,0.527770406033,9.99509672612,1.94136721994,-25.7854691759,74.60000000000004
283,0.334012215251,7.99788366077,0.748272996258,-16.280347187,74.60000000000004
284,0.189076758446,5.36086951121,4.05677737729,-14.0350998712,74.60000000000004
285,0.402781641936,-2.01174341966,-20.8546856447,12.0100240072,74.60000000000004
286,0.612666503593,5.31411879092,-3.18176830472,-19.4803484188,74.60000000000004
287,0.126031741816,8.44883179982,-0.266211573819,-19.1391800318,74.60000000000004
288,0.259306118636,8.70485049497,-2.0176865023,-19.9062988068,74.60000000000004
289,0.845070312451,-1.53488702586,10.5658542397,-27.1938513815,74.60000000000004
290,0.154516296588,3.85990280084,3.77207881479,-22.1819945428,74.60000000000004
291,0.197056416715,13.3297185191,0.0932398059689,-20.3999142407,74.60000000000004
292,0.779801919742,15.6082028877,1.27328492951,-19.5751725739,74.60000000000004
293,0.252774944118,-0.864073198095,2.90648374415,-19.7575973521,74.60000000000004
294,0.145306938423,4.66798877403,-1.64147961841,-19.5730111899,74.60000000000004
295,0.358777229054,13.0478877821,-0.425348394829,-23.3115866536,74.60000000000004
296,0.14855523972,8.56792218814,3.21104882182,-16.945159067,74.60000000000004
297,0.824867419005,-34.207390585,7.76249489646,-5.42495137051,74.60000000000004
298,0.19638572536,68.9363397274,-16.611728408,-112.831628354,74.60000000000004
299,0.545813929548,7.80388707835,0.045507987171,-14.427107662,74.60000000000004
300,1.68653214871,18.7651264829,-4.73101761722,-6.1765390401,74.60000000000004
301,0.185004633877,2.52399400276,6.35494677448,-20.7803515742,74.60000000000004
302,0.957038908234,11.8421012209,1.15453473263,-20.2507666985,74.60000000000004
303,0.207237195921,6.50357664587,-3.2450254401,-15.6846918483,74.60000000000004
304,0.143939621005,10.4578507492,-41.851567701,-5.30246975447,74.60000000000004
305,0.728119958504,8.80825314465,7.57496921425,-13.2282573234,74.60000000000004
306,0.285746949444,-27.9080967802,-49.5723796041,10.8864504795,74.60000000000004
307,0.360340598489,13.712128075,2.54605329287,-9.60469029781,74.60000000000004
308,0.292487347057,16.8519026417,-30.5535473949,-21.5826702608,74.60000000000004
309,1.29520436215,13.5488763768,-4.23746479478,-15.4747654243,74.60000000000004
310,0.323157393644,-177.30526571,-78.3727872175,16.5794067294,74.60000000000004
311,0.48176398537,9.45424686876,-0.182177240846,-15.4476797441,74.60000000000004
312,1.28829972827,10.8257487065,-1.47709123655,-16.205646623,74.60000000000004
313,1.31710141198,9.85628389707,2.49187765914,-19.4474952862,74.60000000000004
314,0.360620138184,9.31356391919,-0.787125759889,-17.8396166069,74.60000000000004
315,0.504910555258,-5.1345847741,5.4320618547,-30.6365776721,74.60000000000004
316,0.285766956257,6.14934312532,-1.29937760497,-17.1960031243,74.60000000000004
317,0.244352001382,7.82877864816,0.197511915823,-15.692471547,74.60000000000004
318,0.203203488199,10.2012240113,10.8267033034,-14.4467301097,74.60000000000004
319,0.562785333326,10.5817942373,1.97296658181,-16.6726019681,74.60000000000004
320,0.844809143717,11.3254253034,7.54790917302,-18.5885390509,74.60000000000004
321,0.100709659021,-6.64720258496,-24.4552878594,-63.2057720722,74.60000000000004
322,0.190108843143,8.29828766563,0.570823649202,-19.5650686809,74.60000000000004
323,0.193912704781,6.61114506917,-4.1006547295,-14.6141101071,74.60000000000004
324,0.336245026848,14.3783639182,19.7961097864,11.359992177,74.60000000000004
325,0.229556027189,-47.8946415928,-42.738568776,-85.3503595102,74.60000000000004
326,7.39503237774,8.43487346802,0.277003282479,-19.4612703805,74.60000000000004
327,0.163091523715,9.27912095905,-0.523770505292,-18.2487100136,74.60000000000004
328,1.21592903586,7.46516696292,-4.8589069728,-19.728817163,74.60000000000004
329,0.157953838815,19.650770604,3.58346929275,-20.2466581168,74.60000000000004
330,0.635782001197,8.08611953653,-3.10495347467,-15.9831973175,74.60000000000004
331,0.217464267116,22.7619307693,-23.9688015469,1.13990259601,74.60000000000004
332,0.239304796577,10.0097826612,5.39899359191,-16.1205746239,74.60000000000004
333,0.482694084786,1.34172561967,8.92514080726,-11.5530867146,74.60000000000004
334,0.107867849056,8.76045051031,5.02151653201,-12.524785961,74.60000000000004
335,0.529360119596,10.2670118519,-1.66479799053,-20.1199122882,74.60000000000004
336,0.312313226314,-6.35443798083,46.567864261,34.6865285176,74.60000000000004
337,0.288486320703,7.68311411819,-16.8576669346,-15.8089281351,74.60000000000004
338,0.115864009836,8.02915763823,-0.897330697715,-17.4535081835,74.60000000000004
339,0.216036029693,6.79310790402,0.0445434555976,-18.5462258611,74.60000000000004
340,0.322021895231,9.79595447425,5.09568400505,-25.5177109361,74.60000000000004
341,0.52370107713,8.61995050273,1.01098659672,-16.8647816247,74.60000000000004
342,0.409869581591,-50.0532637985,-25.5726103882,-22.6313887277,74.60000000000004
343,0.395225082977,5.37103889609,-2.85994453928,-14.1348548012,74.60000000000004
344,0.167471640934,7.80225351026,-1.5967761571,-18.8276035779,74.60000000000004
345,0.110885004793,1.08911538818,-14.9113240906,-16.3191940312,74.60000000000004
346,0.318521630684,10.7978303545,0.485065653491,-17.8745578012,74.60000000000004
347,0.100893451995,13.2308559529,-0.176955854549,-20.3045458942,74.60000000000004
348,0.408834535234,3.91415633641,7.22316067277,-41.8499900517,74.60000000000004
349,0.338187169553,10.4361489765,3.29330198467,-20.1085459429,74.60000000000004
350,0.117486722862,-14.8255831626,-11.9896462154,32.3953943621,74.60000000000004
351,0.206062769542,5.57348056287,-2.57122797684,-15.3928731908,74.60000000000004
352,0.102637783204,6.56031620087,-0.586265544072,-13.2829001241,74.60000000000004
353,0.189533557704,4.4265316116,46.0319369268,-66.2139685555,74.60000000000004
354,1.19916924728,-59.2688655522,-62.9197094341,-78.3733751536,74.60000000000004
355,0.105110643983,6.50687186622,4.7834514453,-18.9717753756,74.60000000000004
356,0.423619396961,10.4277809265,-1.56286897935,-15.4500927445,74.60000000000004
357,0.236849034981,6.45526026357,2.41695230087,-18.379927049,74.60000000000004
358,1.58950147375,6.64574764955,0.982986496898,-18.4693030875,74.60000000000004
359,0.18969465181,8.64523435548,0.0473484877419,-19.2292676476,74.60000000000004
360,0.749980959065,7.57272572106,-0.0857914127611,-16.6381598172,74.60000000000004
361,1.29882341152,15.6317308406,5.54803861386,-16.8026197268,74.60000000000004
362,0.122935598657,4.07583766761,-3.38689284072,-23.2824518401,74.60000000000004
363,1.26083226582,9.29136263129,0.824420642036,-18.4581123614,74.60000000000004
364,0.510889838078,7.65552733447,6.57230136718,-19.3814331662,74.60000000000004
365,0.111558508493,6.32410426957,-1.7608345218,-19.002410195,74.60000000000004
366,1.40532165938,8.1557915987,1.66786976118,-14.4214694439,74.60000000000004
367,0.1448808529,8.23562971236,0.899141308554,-16.0083943186,74.60000000000004
368,0.683785516879,8.360528514,1.01920062844,-19.5267299888,74.60000000000004
369,0.105695599447,14.8028647604,3.72734093294,-4.50248454068,74.60000000000004
370,0.253769620647,5.01030813137,6.52713057845,-18.9743308992,74.60000000000004
371,0.725229521908,10.2357307914,-1.61928926962,-16.1193240975,74.60000000000004
372,0.486752767448,12.1612701043,-0.0393063508205,-21.9378835459,74.60000000000004
373,0.32643914933,-6.0475438453,-0.0862294854938,-18.4142095278,74.60000000000004
374,2.24118165263,8.69811805179,0.60662311656,-17.4340365156,74.60000000000004
375,0.412036434509,0.24694973966,-0.91517586642,-12.1133405638,74.60000000000004
376,0.403318415959,12.1572343229,3.96020318537,-16.6860651723,74.60000000000004
377,0.270284066129,6.4258091953,-0.322622000214,-17.8492007694,74.60000000000004
378,0.543796156032,5.46110497964,2.86630973947,-18.3530161542,74.60000000000004
379,0.829638415995,6.94869680404,3.5616160298,-16.9183763915,74.60000000000004
380,1.07436281441,8.39477343398,0.385679392469,-16.7929815887,74.60000000000004
381,0.52906508325,8.34496833303,-7.67924275205,-10.3594252027,74.60000000000004
382,0.101739828705,9.6999458276,4.80284518274,-22.5664360818,74.60000000000004
383,0.200938385551,14.1917019722,98.1913447866,-36.0372292623,74.60000000000004
384,1.02137102739,14.6045837502,-2.4276388992,-17.8007797134,74.60000000000004
385,0.489727733373,14.9717575722,6.83004793327,-15.0106381065,74.60000000000004
386,0.691090933151,6.46294249596,-1.03196394179,-16.1190541997,74.60000000000004
387,0.119608386048,8.36391603102,0.193289091483,-16.8956117398,74.60000000000004
388,0.218718116675,29.3332964403,-17.7702966141,-117.115422186,74.60000000000004
389,0.125140959886,9.62020163622,4.00362294984,-16.8791285305,74.60000000000004
390,0.287353608038,11.0398477114,2.05101226686,-19.2232852118,74.60000000000004
391,0.278359389303,16.0142872547,3.60637001265,-18.5231545825,74.60000000000004
392,0.152294254072,3.66148240759,-1.48467595419,-22.0290600375,74.60000000000004
393,0.511792309243,6.96481360612,2.47518948746,-17.9356879019,74.60000000000004
394,0.208578718022,11.4419535855,-10.1724025222,-21.6946954234,74.60000000000004
395,0.194897812419,1.3017708901,2.20618572262,-22.7514483423,74.60000000000004
396,0.114754528054,11.0889782916,0.623348959879,-18.4812550998,74.60000000000004
397,0.190046447122,8.39417269422,0.949801216541,-17.8847940864,74.60000000000004
398,0.712158571263,3.06301045488,1.25841727756,-18.599751123,74.60000000000004
399,0.177892363789,8.47911880037,1.87683994936,-14.3590155666,74.60000000000004
400,0.590262796443,-12.565499739,31.5916509343,-1.75874980703,74.60000000000004
401,0.176428979763,12.1327055449,4.1781745361,-13.6262829075,74.60000000000004
402,0.554676342074,9.19666420028,-0.482561629597,-19.5485733745,74.60000000000004
403,0.105776602305,4.95383723652,5.76317548365,-18.0619411259,74.60000000000004
404,0.210742759712,48.0280693696,-23.0635886943,-10.2183152314,74.60000000000004
405,2.00142590534,9.91347850174,4.90543866762,-22.4743964889,74.60000000000004
406,0.920743852744,12.0256727209,7.32407509581,-12.849219299,74.60000000000004
407,1.10722571068,3.67237502253,1.691618906,-18.6430007636,74.60000000000004
408,0.250619285315,2.12341919694,9.76732070931,-11.5464331706,74.60000000000004
409,0.171676112473,7.45947849004,3.4901907198,-11.0698536294,74.60000000000004
410,0.102191265468,8.14625717993,-0.360813469925,-13.1848306876,74.60000000000004
411,0.103371917535,14.0272003437,-1.24774172455,-22.6032124485,74.60000000000004
412,0.323944823293,8.56659472667,-1.24782792064,-25.279096308,74.60000000000004
413,0.10706155056,13.8604356309,7.33601631814,-10.9864599964,74.60000000000004
414,0.241211782801,10.2082102193,3.24234834909,-21.7749273514,74.60000000000004
415,0.404077629641,6.80761841659,-0.414168364877,-21.509677755,74.60000000000004
416,0.193890814321,8.14374849958,3.86547124602,-15.2801531034,74.60000000000004
417,0.317183564609,5.93879009721,2.43175008104,-20.0119327538,74.60000000000004
418,0.108011970629,16.2092058337,18.4007718599,-21.6135888125,74.60000000000004
419,0.255167841122,42.9986741418,-22.6009736953,-93.4066672078,74.60000000000004
420,0.139448852935,6.88802396679,2.49052713341,-18.3813299152,74.60000000000004
421,0.329474019969,47.0224679529,-16.666644491,-18.0289427273,74.60000000000004
422,0.925629437261,10.8855191788,2.57794010083,-21.3293095945,74.60000000000004
423,0.549197430466,9.02702476441,0.521288754763,-19.933152914,74.60000000000004
424,1.01587717919,2.56253379328,-0.462225634984,-13.0892575717,74.60000000000004
425,0.249052164707,8.99243763147,5.34348380451,-18.9147032721,74.60000000000004
426,0.377207448527,9.81143068008,-0.984518015641,-18.5289105914,74.60000000000004
427,0.187827379188,12.2045738282,2.93047432648,-23.2525623993,74.60000000000004
428,0.55248011147,8.19859646115,-4.14733815402,-26.3053201423,74.60000000000004
429,0.147111587438,11.8944715787,-4.86510035687,-19.640018462,74.60000000000004
430,0.355047390717,6.21773416361,-1.08393608828,-18.6381370049,74.60000000000004
431,0.228268331075,10.8718849547,0.261731586127,-19.3843358461,74.60000000000004
432,0.144324581713,4.4760423067,1.78573279648,-12.8022888233,74.60000000000004
433,0.200672722266,37.260090655,19.8093874059,-15.5220394026,74.60000000000004
434,0.430531298116,3.47480986756,1.87638460998,-12.8421941078,74.60000000000004
435,8.23944081137,8.44540812803,0.814848311599,-18.7619055757,74.60000000000004
436,1.08568936787,-13.0955497291,-36.6061950591,-22.2535329259,74.60000000000004
437,0.231276193532,5.72862408338,0.790961300173,-17.3215956004,74.60000000000004
438,0.208029492775,7.65020890974,4.07303725893,-19.5483030696,74.60000000000004
439,0.491590003987,2.84655563094,-1.13838941422,-16.9560884131,74.60000000000004
440,0.336597625631,7.22945878503,-0.781884555533,-19.5015837422,74.60000000000004
441,0.274929468129,8.59241917694,0.21886245831,-18.0882397898,74.60000000000004
442,1.62210508409,-4.15124958019,-22.0369206675,-30.2853621742,74.60000000000004
443,0.138311169797,7.16002485363,-3.32044327943,-18.8670984448,74.60000000000004
444,0.200748051022,-117.28892475,-54.7158801417,119.610458944,74.60000000000004
445,0.737857645057,9.49650970226,-0.733638264126,-14.5222459266,74.60000000000004
446,0.124584232607,3.7664893459,9.15970428358,-17.1711426094,74.60000000000004
447,0.125865405385,8.59447423595,1.46064663365,-21.6942297905,74.60000000000004
448,0.688714859122,3.35536101618,-2.04407799404,-18.5829214172,74.60000000000004
449,0.614068767832,8.76206148155,-0.16529313879,-18.2666985484,74.60000000000004
450,0.127682506047,7.37904358953,1.41135758375,-18.2660628814,74.60000000000004
451,0.46652578179,9.2212333964,1.79913061243,-19.9624874327,74.60000000000004
452,2.23015315794,5.81100931401,3.91315921371,-12.8224695208,74.60000000000004
453,0.366548526634,4.28858442755,2.01770455249,-16.0738974444,74.60000000000004
454,1.57570549252,6.51504668695,1.27471861369,-14.882383,74.60000000000004
455,0.132929516557,8.33192143878,4.7027029512,-18.0295194875,74.60000000000004
456,0.18853063616,7.54827254568,-1.61997682581,-31.2267871617,74.60000000000004
457,1.31462853007,8.79406094585,0.851962407448,-20.2621276728,74.60000000000004
458,0.347919388152,5.39154622058,-3.99650950208,-18.1091598165,74.60000000000004
459,0.594921707474,6.58638422374,-0.21976491812,-19.2393881557,74.60000000000004
460,0.457070648338,8.22054943903,3.28793626981,-20.5890726176,74.60000000000004
461,0.894733855316,9.76541843716,-0.436539718555,-15.9290299533,74.60000000000004
462,0.173959979693,14.06678383,1.61201774192,-11.7981184765,74.60000000000004
463,0.694973796548,13.5293413677,-12.0113554946,-6.4549982906,74.60000000000004
464,3.32441621118,10.1311675766,-1.84732908024,-18.0419851005,74.60000000000004
465,0.139320335568,25.6458138137,-6.35848576324,-26.0195027653,74.60000000000004
466,0.485161588609,7.56000922551,1.43521795333,-18.1107842034,74.60000000000004
467,1.04017776582,40.3363218174,-47.3684393534,57.308262069,74.60000000000004
468,1.3119449683,9.11537168941,0.590753690956,-15.186404536,74.60000000000004
469,0.172300745021,7.85540805969,1.51264373042,-17.9043300152,74.60000000000004
470,0.154489981404,7.22083487807,1.25404358918,-20.4613358665,74.60000000000004
471,0.170741945257,16.7881330622,-3.95093468363,-25.4012610613,74.60000000000004
472,0.109388686251,15.0027965929,22.7123139605,11.8894671893,74.60000000000004
473,0.20112972305,8.84094085335,0.527946876567,-18.0203699248,74.60000000000004
474,0.141413458113,36.8616102243,-29.1102153918,-15.8897733231,74.60000000000004
475,2.14401711664,8.66413337228,3.85365501659,-19.010168073,74.60000000000004
476,0.729305693122,4.65715491838,1.84055646744,-17.8475223748,74.60000000000004
477,0.233326289327,4.07251981525,-5.40734821169,-9.17845007225,74.60000000000004
478,0.213581753215,4.3732002751,0.281821089985,29.6674022527,74.60000000000004
479,0.298579357726,8.03742238956,-0.863876823634,-23.709427377,74.60000000000004
480,0.10358019577,24.0384174563,18.6799344031,-23.4028758834,74.60000000000004
481,0.334049682122,7.70098010592,5.57834683952,-15.6015088016,74.60000000000004
482,0.107614467133,-9.09939624554,-21.3560872992,-23.3300161471,74.60000000000004
483,0.12381921596,8.97523556218,-2.390929111,-13.197020766,74.60000000000004
484,0.106436330246,7.58913551112,1.19205930518,-10.1649337159,74.60000000000004
485,0.913409723492,13.4489199978,2.07650963809,-20.5674032792,74.60000000000004
486,0.107782055143,30.7563757533,1.68766060653,-47.9669516148,74.60000000000004
487,0.155732881143,9.27036418096,-0.877080511821,-18.3436887072,74.60000000000004
488,0.346825864545,10.6388593603,0.560209606271,-16.2406141581,74.60000000000004
489,0.266855664333,11.6625795822,-1.79325562184,-19.9862058577,74.60000000000004
490,0.226119060988,7.24877713692,-1.06894956589,-20.0947596742,74.60000000000004
491,0.196066033835,14.418551871,2.20186559181,-20.0216665595,74.60000000000004
492,0.286539330996,9.65273686969,-0.333091215121,-21.6958146284,74.60000000000004
493,0.830173807977,5.92992388627,0.520911137347,-14.8388568422,74.60000000000004
494,0.108833502097,24.1605252066,-9.5430041534,-19.980952669,74.60000000000004
495,0.274145295024,11.2403848204,1.63988700482,-16.8197923256,74.60000000000004
496,0.140580473353,9.85183109495,6.0028288471,-21.5930104672,74.60000000000004
497,0.336935478092,8.09559298541,1.95589583498,-19.2972426933,74.60000000000004
498,0.985480492778,12.9572007739,0.657842473786,-19.2006227634,74.60000000000004
499,0.217402286708,-32.8039442783,64.4941396496,43.4760311642,74.60000000000004
500,0.268760324695,9.81818931979,-0.873070527896,-16.3022677784,74.60000000000004
501,0.308238366536,6.33406933355,4.98152751891,-20.7612689096,74.60000000000004
502,0.498658715403,5.04246399551,-1.00439777564,-19.1888552693,74.60000000000004
503,0.107005042328,36.0502957305,86.6600263177,-23.7054233647,74.60000000000004
504,0.337959146349,2.31265116316,1.67227264579,-23.4126502808,74.60000000000004
505,0.217394766502,3.81771832861,6.69356576949,-12.5795443123,74.60000000000004
506,0.107961148006,12.8373273354,1.83819658709,-9.76484587675,74.60000000000004
507,0.220453765465,6.71381118066,-0.817863600619,-18.0194161579,74.60000000000004
508,0.556094387929,39.664159238,7.47250893688,-6.53223030646,74.60000000000004
509,0.437048746666,10.1882144651,2.77334903123,-18.2649461894,74.60000000000004
510,0.177958442886,8.63648169536,23.6869467618,-21.9868450979,74.60000000000004
511,0.108745702886,7.823299552,-2.1822801475,-22.1148109343,74.60000000000004
512,0.176416850444,11.8258308837,2.10697775849,-18.6407393629,74.60000000000004
513,0.245392782384,9.54148999233,3.62340419951,-20.2811628141,74.60000000000004
514,0.181562228579,8.93795888724,-0.701523328124,-10.0117748284,74.60000000000004
515,1.01840219971,8.32795295562,-0.301915424104,-19.9553875173,74.60000000000004
516,1.20063233637,8.22472257571,0.719497522683,-18.651621159,74.60000000000004
517,0.108520373741,6.68742782408,-2.61428914367,-12.7207152723,74.60000000000004
518,1.00944308333,9.20698919384,-1.32054955712,-19.8434345688,74.60000000000004
519,3.45247376353,8.05880777153,0.970960860486,-18.7763828906,74.60000000000004
520,0.196895173132,18.3023267442,1.95738755342,-11.9747858092,74.60000000000004
521,0.213797542456,6.37504636901,3.6461774685,-19.1443176197,74.60000000000004
522,1.01409151034,9.65545947604,1.11654478095,-16.9821020978,74.60000000000004
523,2.45420397779,8.31686228223,2.681574854,-17.1551120023,74.60000000000004
524,0.160943077361,14.8954468965,15.2353087878,56.9933253656,74.60000000000004
525,0.35852557044,-33.2698791153,56.5061596734,-28.7079852333,74.60000000000004
526,0.265108647847,15.4617944703,-1.41687194225,-9.86333924934,74.60000000000004
527,0.124414940773,10.6712178945,1.19036148731,-19.913354833,74.60000000000004
528,0.189957704124,7.86455715797,1.24384660758,-18.043372857,74.60000000000004
529,0.186194103434,7.11128325509,-2.39877636799,-21.8015964529,74.60000000000004
530,2.42970606075,-35.4344497868,14.6847555174,-23.572482012,74.60000000000004
531,0.177082552591,7.830290406,-1.3446818805,-15.1418360332,74.60000000000004
532,0.13133544332,0.135192867039,-2.61943465093,-2.29088142296,74.60000000000004
533,0.252442063579,-5.72260426908,13.7059721136,51.9528503936,74.60000000000004
534,0.739247805119,8.30021911586,-5.01039107158,-17.8997525744,74.60000000000004
535,0.611252374369,8.96501398818,0.670066313245,-18.1910688757,74.60000000000004
536,0.176467704463,7.5653299534,-2.42947232663,-16.9647562679,74.60000000000004
537,0.757202488888,-5.79884284116,12.5673103228,-3.31810711517,74.60000000000004
538,0.271262676965,6.78468471439,-1.02405233405,-18.6243065119,74.60000000000004
539,0.17666061339,17.9804582228,-6.39264908396,-22.1382827782,74.60000000000004
540,1.39369311131,13.4988754429,0.980754000053,-16.7898634923,74.60000000000004
541,0.404512394936,6.07208223181,-1.20594276585,-19.475613762,74.60000000000004
542,0.123301539011,4.09347047263,0.168601520614,-14.45679745,74.60000000000004
543,0.518001163562,8.14329514349,1.04278730987,-19.6322076636,74.60000000000004
544,0.208160262149,10.4274855471,0.604733318892,-15.949522935,74.60000000000004
545,0.113450571086,4.95760074085,-0.916159670426,-20.1058892348,74.60000000000004
546,0.404738025271,13.341855318,2.0470765788,-20.5430792868,74.60000000000004
547,0.141123102694,4.97471769459,-2.23829304158,-23.9516505576,74.60000000000004
548,0.253507816006,11.1666727513,-3.88701528248,-17.5607292543,74.60000000000004
549,0.296350295223,8.45087366936,-0.430624179776,-20.7440082123,74.60000000000004
550,0.226252572339,8.04712839899,1.17765569633,-15.890407174,74.60000000000004
551,1.54831551216,3.0719608739,12.2259784553,-17.7243530899,74.60000000000004
552,0.199977428774,8.68967225392,-0.731204028414,-20.744744563,74.60000000000004
553,0.225762487184,8.236196106,-0.464421245978,-18.69701864,74.60000000000004
554,0.613240842155,8.69202723951,-3.25494064824,-17.2900782043,74.60000000000004
555,0.262679481977,6.44580761675,2.85070212374,-18.0318252427,74.60000000000004
556,0.170602652415,6.75667748532,-1.59492485559,-17.636070948,74.60000000000004
557,0.488768409756,7.04613105387,1.57772552583,-20.338866545,74.60000000000004
558,0.215422856282,18.9962451598,-1.79585451049,-24.8829326407,74.60000000000004
559,0.13875674393,6.1270838403,-1.06750319281,-17.6079327231,74.60000000000004
560,0.436161465629,9.62586645767,-0.255144319759,-20.3810697018,74.60000000000004
561,0.469406157121,10.4646059526,-1.38322541588,-14.5020614264,74.60000000000004
562,0.615977746123,7.02851311364,8.92598701086,-15.3845497274,74.60000000000004
563,0.12899106693,5.15033671831,-2.27275464331,-12.6939927119,74.60000000000004
564,0.669755102161,-5.63142491189,94.0505926049,52.6044935839,74.60000000000004
565,1.65746649431,11.4698008319,0.0543451653504,-21.1658368883,74.60000000000004
566,0.691205599861,4.81990207452,0.403547918852,-21.8755771818,74.60000000000004
567,0.210939626948,7.80833025329,1.35853057955,-18.7530034876,74.60000000000004
568,0.810383341953,10.1011326355,-0.296370891075,-18.9335047188,74.60000000000004
569,0.210088967336,11.0105888517,1.81553776889,-15.6921789884,74.60000000000004
570,0.151694694791,6.87585676866,-2.75605317771,-10.7866553894,74.60000000000004
571,1.34601328566,8.18560957471,-0.609687306769,-19.1067380165,74.60000000000004
572,0.841520632069,-10.5190209738,-22.7249602688,18.7683003172,74.60000000000004
573,0.131250192527,10.449751036,1.00130234284,-17.3631851168,74.60000000000004
574,0.12883302036,13.3702918802,3.65393405127,6.03752254387,74.60000000000004
575,0.149461470094,14.1398672219,4.21235684001,-16.7026027254,74.60000000000004
576,0.231442882308,-19.0927024635,-0.922626169388,-19.3989969238,74.60000000000004
577,0.110588188647,6.06422981426,-2.65394111045,-18.6103481971,74.60000000000004
578,0.313478475817,7.83247210421,3.61247328435,-20.4006199402,74.60000000000004
579,0.257927631897,8.20965968285,0.451306441522,-16.1227878814,74.60000000000004
580,0.113754276309,15.8962517115,2.69636519336,-26.3458288269,74.60000000000004
581,0.27336051948,31.7026563966,36.2796515291,-7.59612778654,74.60000000000004
582,4.7000020309,6.25609323738,-2.33316274096,-18.7980080036,74.60000000000004
583,0.271746957,6.49320046387,0.712800204633,-19.4168262001,74.60000000000004
584,0.186616258558,15.3219451406,-0.190743934612,-19.0493547698,74.60000000000004
585,0.132842155011,7.11418847899,0.739831703809,-20.2569361412,74.60000000000004
586,1.55926095567,8.13104899774,-2.27558993626,-19.0180512463,74.60000000000004
587,1.02695277157,3.49013722501,9.65933657957,-20.3869189837,74.60000000000004
588,1.0143518289,11.1738584165,4.08334083509,-14.5208157768,74.60000000000004
589,0.182898374202,14.0009190661,1.70940053266,-26.2439411179,74.60000000000004
590,0.599027599481,11.5686982485,0.241231526276,-20.0560066512,74.60000000000004
591,0.666660921063,28.7454541893,0.225171630014,-58.159180223,74.60000000000004
592,0.246481211823,5.97824441244,2.90922331297,-19.3697420335,74.60000000000004
593,0.120132159185,4.70075448115,4.80057219582,-22.3384692423,74.60000000000004
594,0.169748663906,5.62026500362,7.82280963891,-15.3523711228,74.60000000000004
595,0.118808747546,4.75970995226,-3.55503273663,-17.826242015,74.60000000000004
596,0.140441282509,9.15930983273,2.01996273474,-23.4015270235,74.60000000000004
597,0.454872914655,-6.54416079391,0.359708116619,21.3126409469,74.60000000000004
598,0.13180026342,12.718689949,-1.94016948977,-16.4546368703,74.60000000000004
599,0.786586546864,12.4396385665,9.33733514927,-4.57402350826,74.60000000000004
600,0.299660326083,-9.09779720484,-13.1131498414,-26.9627877268,74.60000000000004
601,0.448162324631,12.0722654696,0.587555545042,-19.3062107438,74.60000000000004
602,0.18378460371,12.6693849224,3.17802351624,-14.6357835441,74.60000000000004
603,0.373401745257,6.85203186164,0.392497156412,-25.629832552,74.60000000000004
604,1.43250287647,2.74441744445,-47.4544873653,22.2584206784,74.60000000000004
605,0.187754538368,7.5569997515,1.38643767667,-20.9506674428,74.60000000000004
606,0.926826272487,4.26798276157,1.28246698835,-21.8719354713,74.60000000000004
607,0.216527786323,21.4087943231,3.01026804065,-6.51396308064,74.60000000000004
608,0.213627460051,14.0437684653,33.6294070029,-10.3232091521,74.60000000000004
609,0.404032713642,9.02940384984,-0.441455245219,-17.378940242,74.60000000000004
610,0.164102161265,8.75852768193,1.51059549284,-17.7129855726,74.60000000000004
611,0.1551805039,15.7106208815,0.182376128024,-14.4453277742,74.60000000000004
612,0.960785183768,10.2843899547,4.01343576145,-16.8414650012,74.60000000000004
613,0.928190876655,6.22677495857,-1.33187480105,-16.2178526483,74.60000000000004
614,0.380302200086,10.0934665604,1.32297869351,-21.5911808264,74.60000000000004
615,0.245662128247,4.3698677579,-6.11657191247,-27.7066717474,74.60000000000004
616,0.273036529853,-0.193428131241,-14.4999688461,-22.0398438133,74.60000000000004
617,0.178162749336,10.0519202437,8.09561518019,-16.0887756936,74.60000000000004
618,0.544439254959,6.58696504804,-7.08016401338,-32.3162472139,74.60000000000004
619,0.133449222025,-25.0744046584,-0.849729769689,-42.2085355382,74.60000000000004
620,0.267198294512,7.79307600544,2.38817895608,-17.6795042886,74.60000000000004
621,0.418142773222,8.42055764509,1.69450793405,-19.2193359609,74.60000000000004
622,0.376153754323,6.97821682448,0.597653823205,-24.2377732076,74.60000000000004
623,4.79177768715,9.45625804467,0.689287436195,-19.1467756797,74.60000000000004
624,0.174942599857,6.55342751201,6.53130864972,-15.9197829825,74.60000000000004
625,0.195244157315,8.99743532429,3.24329474607,-20.5213784902,74.60000000000004
626,0.12106473256,13.9220909827,-28.4987504586,-1.99921449338,74.60000000000004
627,0.131640969077,5.28272880434,0.238533709982,-22.5368627373,74.60000000000004
628,0.268650305484,6.87369400459,1.77076703448,-18.5218627981,74.60000000000004
629,0.14860930383,6.58271217626,-3.74459852703,-27.8639526339,74.60000000000004
630,0.11471398992,9.38655070301,-3.1818740248,-18.3500476752,74.60000000000004
631,0.474118430986,8.60328934637,0.590611363823,-17.7006161663,74.60000000000004
632,0.221705368439,9.17265399377,19.5102919325,-21.369741458,74.60000000000004
633,0.222543826379,3.88106986706,1.27438680388,-14.8704487303,74.60000000000004
634,0.11381436753,12.240518639,-0.934787874285,-10.231841318,74.60000000000004
635,0.295215432954,5.21359367529,6.03937024442,-13.7862536531,74.60000000000004
636,0.425462740306,10.7195080101,1.22110596537,-21.1465336318,74.60000000000004
637,0.327120271139,6.34315335404,1.7836436339,-17.1553070795,74.60000000000004
638,0.521194314924,21.1787468332,-52.2645284251,14.0079981705,74.60000000000004
639,0.10493655113,15.8185135173,12.0949574297,-7.31526892418,74.60000000000004
640,0.276845622632,7.36467494288,2.81373858768,-18.5769713314,74.60000000000004
641,0.380377339198,42.3728012023,-77.2924357497,-50.2421805592,74.60000000000004
642,0.291874374894,6.4422058213,1.42909362588,-18.4689255344,74.60000000000004
643,0.615194329043,9.10291740003,1.95912102929,-22.6422548841,74.60000000000004
644,0.660628671175,11.0693801045,-2.92394182776,-18.8526621501,74.60000000000004
645,1.26756585442,-35.9432902555,24.6970149243,-1.28845020619,74.60000000000004
646,0.443366485692,6.82246274594,0.822750346863,-17.964612892,74.60000000000004
647,0.147793777452,8.44068453819,0.404095228922,-19.3197852138,74.60000000000004
648,0.215849846546,7.7671396422,-3.3931359185,-18.68103323,74.60000000000004
649,0.111162862317,10.4308818737,-0.453407917424,50.2195460186,74.60000000000004
650,0.158891095997,8.69315298703,-0.630944172314,-17.8620894719,74.60000000000004
651,0.144377092689,8.33666734214,1.79441017041,-21.6057354075,74.60000000000004
652,0.18739247576,10.4351761618,-3.47549698869,-20.5628557164,74.60000000000004
653,0.209578153943,6.44798937146,-0.0171315750028,-17.905251943,74.60000000000004
654,0.105658631639,11.6712405756,3.89235680736,-13.6131207339,74.60000000000004
655,0.831542265877,9.4564730552,5.89480723717,-21.0808499566,74.60000000000004
656,0.142052841073,0.275113311487,53.0135329489,-87.0854372097,74.60000000000004
657,0.243546072714,6.01636775016,0.705798513973,-18.2188431833,74.60000000000004
658,2.34641552698,6.91998301724,-0.234429415124,-18.7241062092,74.60000000000004
659,0.113436417851,4.29344912939,0.0631548178329,-19.7791705759,74.60000000000004
660,0.456664075414,3.72603957976,-1.74411699219,-23.6286349364,74.60000000000004
661,0.153856921904,8.22715807273,0.337488782237,-18.0596111279,74.60000000000004
662,0.438724810134,9.61321879031,0.43067043691,-18.2749941964,74.60000000000004
663,0.31773937794,13.9095341927,-5.12057181316,-29.3533181844,74.60000000000004
664,0.548404679268,9.12383527563,2.0552124426,-19.2719601378,74.60000000000004
665,0.150371806063,9.57596308815,3.2221801597,-18.9432152577,74.60000000000004
666,2.06259612295,11.9783959009,5.1769980526,-15.893959039,74.60000000000004
667,0.722855859815,4.7068306503,-4.08729927077,-20.5516005396,74.60000000000004
668,0.56785301671,12.2434123107,2.31376982035,-19.357449924,74.60000000000004
669,0.177893563645,11.0064414249,0.0726545452689,-14.1450899324,74.60000000000004
670,0.123259269438,4.91689909338,3.43273941547,-16.3323710146,74.60000000000004
671,0.704566912076,56.3332367201,43.941764367,-49.0636750523,74.60000000000004
672,0.101005863025,-74.0728758443,17.8680123856,-17.7114644202,74.60000000000004
673,0.432951220227,9.34991051404,2.20737745082,-17.0923742726,74.60000000000004
674,0.412894947755,3.06468939025,-4.62228847321,-18.0732546151,74.60000000000004
675,0.262414719775,-1.93906968125,-0.87545256156,-11.2331819398,74.60000000000004
676,0.110392933138,15.7926494007,3.41213630978,-15.7420807864,74.60000000000004
677,0.14017722013,7.69288756272,2.66389813028,-19.4804319541,74.60000000000004
678,0.230010723794,10.5623010413,2.79819422846,-20.0878308602,74.60000000000004
679,0.123534932711,20.4093873414,2.24714393983,-5.24078887968,74.60000000000004
680,0.4855425046,7.43999665602,-0.176305429282,-22.1539403341,74.60000000000004
681,0.128283079633,23.2817079306,16.4790680277,-8.84878052628,74.60000000000004
682,1.21189301,0.806571372735,2.81248536902,-18.3299986017,74.60000000000004
683,0.106392925765,102.151135419,67.4280866753,14.6857405001,74.60000000000004
684,0.194977226205,-0.101249583495,-2.89914037328,-27.8863733135,74.60000000000004
685,1.33283386123,11.0339060415,0.137267310856,-19.6102988698,74.60000000000004
686,0.105116949301,8.65140975658,-8.10788902076,-21.0889386863,74.60000000000004
687,0.847199174904,2.31707484586,12.3206070207,-22.1747558855,74.60000000000004
688,0.16602093913,13.020182289,-5.58986005699,-9.45793486554,74.60000000000004
689,0.300213267957,32.8216458904,11.4475940318,-26.6354582849,74.60000000000004
690,0.773713202806,12.5801468386,-2.34120212349,-20.5380993232,74.60000000000004
691,0.120210018532,3.08259572608,11.2054086262,-20.1317674656,74.60000000000004
692,1.17769982818,8.01506313093,3.36494773562,-17.0853409924,74.60000000000004
693,0.102642613242,-76.4937364869,43.4327496874,18.0635239902,74.60000000000004
694,0.799302816033,4.71909720968,-1.66941732012,-20.9517688979,74.60000000000004
695,1.26668806129,11.6834324484,1.0798864988,-24.8797973618,74.60000000000004
696,1.38171461739,116.88596319,-32.1202668039,16.0757479201,74.60000000000004
697,0.193771833027,45.9488173139,37.6422690942,-13.600149719,74.60000000000004
698,0.124906522064,5.90109555079,5.09694062721,-22.7646057566,74.60000000000004
699,0.340199121873,8.5332836199,-1.85530298693,-19.3625294876,74.60000000000004
700,0.210576524867,11.8940231865,-0.150863454731,-18.4555338194,74.60000000000004
701,0.112457240817,9.526469764,0.726521010001,-17.9730911606,74.60000000000004
702,0.717501289552,6.71519149561,3.47432048415,-24.2138084891,74.60000000000004
703,0.299732220925,7.17521793626,7.11682462028,-24.9753202323,74.60000000000004
704,1.58662307115,4.62256260071,-0.164908453075,-13.6505681065,74.60000000000004
705,0.506633718342,8.6377698951,-0.434215316994,-19.0633855431,74.60000000000004
706,0.334357685478,8.82847306317,4.13939291466,-19.456232886,74.60000000000004
707,0.254030866627,0.604643272939,12.7967413501,-13.0265569963,74.60000000000004
708,0.105902611088,16.9213764732,2.42561501647,-16.5194827654,74.60000000000004
709,0.293565745839,6.93788746632,2.23289569698,-20.9613321802,74.60000000000004
710,0.986764780835,7.85159708956,0.669508527902,-18.5397695814,74.60000000000004
711,0.275523186835,13.4810180281,11.8540347777,-18.1905458453,74.60000000000004
712,0.352177209857,11.2678965834,-2.266849417,-22.3376899362,74.60000000000004
713,0.265469174389,12.5129439632,0.0841025504568,-17.8178341703,74.60000000000004
714,0.477997483831,-14.5348410254,-84.6026524228,27.6213108408,74.60000000000004
715,0.384399641723,7.10824585872,-2.38136981798,-18.5085494435,74.60000000000004
716,0.12843930843,9.90238432561,0.921318210547,-21.5422611516,74.60000000000004
717,0.213123735702,13.143312464,-3.24325010198,-19.4018949689,74.60000000000004
718,0.214476814642,11.1603156941,1.21310961389,-16.6138255471,74.60000000000004
719,0.108659944791,-7.47431086826,24.7776825729,-19.3574281159,74.60000000000004
720,0.109974318438,6.31844417652,1.12912649848,-17.6894716879,74.60000000000004
721,0.384699314074,7.62203822406,-0.162476823158,-17.7995412951,74.60000000000004
722,0.859154899623,3.5581452119,-3.3999594653,-21.2040364559,74.60000000000004
723,0.362225025474,8.2229493876,1.64426982851,-19.0864632141,74.60000000000004
724,0.584594120009,3.9987377647,-2.54553553057,-19.7369015136,74.60000000000004
725,0.200133293736,5.71524717163,7.22151783545,-13.527353962,74.60000000000004
726,0.790056517757,4.19381398935,-1.59023517196,-20.6525002162,74.60000000000004
727,0.124544349976,17.5636680079,-2.72061497907,-69.9229897178,74.60000000000004
728,0.177090630195,7.53650116415,-3.76609411063,-23.8114333773,74.60000000000004
729,0.252964183239,19.0843874736,-4.52755143899,11.1073142819,74.60000000000004
730,0.497293191871,10.0018437488,1.1014481345,-20.2391191072,74.60000000000004
731,0.108868128608,5.96292156286,-1.65743243302,-18.8725873675,74.60000000000004
732,0.310106632315,10.2253493445,-2.19560944821,-19.6278600744,74.60000000000004
733,0.249722166604,12.2588589943,2.33595132407,-14.2926739443,74.60000000000004
734,0.563982446647,8.71074725053,-0.203747895928,-17.7503897924,74.60000000000004
735,0.853497813471,9.45579535401,4.63165700221,-14.2772670285,74.60000000000004
736,0.157011031533,2.34883651665,1.93024232998,-14.0610895155,74.60000000000004
737,0.280923031632,8.12473528782,0.315577012565,-19.4092739137,74.60000000000004
738,0.388181897731,7.66702211636,7.55714632808,-11.4318462856,74.60000000000004
739,0.226647254246,62.9169617252,-13.3419345882,-11.0877155689,74.60000000000004
740,0.275245873858,5.80912918289,-3.80298534849,-8.01761216537,74.60000000000004
741,0.265180752642,5.52115348399,8.24984234644,-15.426176343,74.60000000000004
742,0.106976121348,8.25243739988,1.78151159432,-15.5654025257,74.60000000000004
743,0.598283740686,-26.7753352939,100.673881202,-17.7576475665,74.60000000000004
744,0.172601332484,-4.96010505463,2.87670378798,-35.2297447088,74.60000000000004
745,0.270593004309,-24.3539880359,-19.1050334497,25.740642623,74.60000000000004
746,0.29865178234,10.7117288326,1.82174007371,-16.4061791093,74.60000000000004
747,0.275656046958,10.2552950963,1.32964901326,-20.9234332836,74.60000000000004
748,0.169407320332,9.29772530195,2.53983376403,-16.9011086341,74.60000000000004
749,0.197366653865,-0.621515307857,14.0471530099,54.1395386118,74.60000000000004
750,0.634722147515,9.69036660297,1.85093989195,-16.8604880416,74.60000000000004
751,0.116643119312,31.3465002129,37.4945381068,-15.948901902,74.60000000000004
752,0.230572881366,11.1436220851,1.97143842813,-18.7310281057,74.60000000000004
753,0.417654730239,3.57060935862,2.62797224148,-24.7842241748,74.60000000000004
754,1.75979918263,-123.605996532,-33.7767468455,60.7322291371,74.60000000000004
755,0.151744861875,8.42656500046,1.60273457305,-20.8892239613,74.60000000000004
756,0.144837316425,6.24735413639,-0.435561977104,-19.3904976932,74.60000000000004
757,0.150514412282,6.14150459164,-2.31538690838,-16.3782161065,74.60000000000004
758,1.82855997257,14.8042578529,-4.49626298743,-14.6689888452,74.60000000000004
759,0.380732634438,13.0314303732,0.71652954296,-26.9582430948,74.60000000000004
760,1.04200627717,6.68708223156,-2.29604989545,-18.7970107875,74.60000000000004
761,1.00881441427,7.40127731258,2.25946961009,-18.3815897912,74.60000000000004
762,0.116077959914,4.90492869229,0.405129416001,-21.6380562005,74.60000000000004
763,0.267892860291,14.1826800012,-1.86439668929,-17.3232744529,74.60000000000004
764,0.103933681749,12.2602343946,-0.670787564069,-17.6301704445,74.60000000000004
765,0.115636233473,16.3678884583,14.2693803716,-17.5865773586,74.60000000000004
766,0.252670474386,2.95725007238,-4.86009052107,-19.4382222174,74.60000000000004
767,0.126941615963,9.32889278336,-0.993370046893,-18.9250092037,74.60000000000004
768,0.11138337803,9.81024169844,-3.7348318596,-21.3708312363,74.60000000000004
769,0.662086469428,10.3120545891,-3.94690661352,-16.481405878,74.60000000000004
770,0.108916291395,6.99773837817,0.119767089736,-17.3594991113,74.60000000000004
771,0.132688152913,-31.6250874188,-7.19687843322,-22.1080960533,74.60000000000004
772,0.145079360184,3.62833361125,0.0105580099233,-17.9156952393,74.60000000000004
773,0.849389721241,8.319117202,1.41992292408,-18.5618903599,74.60000000000004
774,1.07831989311,9.13181619129,-0.312417396967,-22.42050274,74.60000000000004
775,0.650319952561,6.55879044189,0.344241999029,-18.2896146443,74.60000000000004
776,0.17148395411,7.15472087951,-0.763363665055,-16.5485552027,74.60000000000004
777,0.713093443814,7.27718034852,-0.628562753944,-18.6833829754,74.60000000000004
778,0.226206527849,15.941406923,69.8627987407,29.1789778004,74.60000000000004
779,0.862377391172,6.93971221184,-1.38751445331,-14.9931908478,74.60000000000004
780,0.193876530876,7.29724173839,2.2458128935,-17.4246770397,74.60000000000004
781,1.74722224077,58.8405193431,-31.5631385296,42.6558776074,74.60000000000004
782,0.259427483716,12.7999148111,2.3991888057,-16.6962327639,74.60000000000004
783,0.115780275203,13.0035828889,5.58923981415,-18.3840111806,74.60000000000004
784,0.146649331934,9.82495871382,1.67714446355,-21.7750065875,74.60000000000004
785,1.21892488802,7.52933429715,0.843673774823,-16.7688952824,74.60000000000004
786,0.101881362444,5.08439548687,-5.15331362047,-19.3784227253,74.60000000000004
787,0.443396207743,6.21169332586,5.4366065325,-14.602925296,74.60000000000004
788,2.33783965904,14.3102999525,-29.0748730756,-28.322514675,74.60000000000004
789,0.594068366955,8.65518580679,-5.06581057202,-23.601151419,74.60000000000004
790,0.212043205851,16.9586526023,-14.542387523,-17.2384916419,74.60000000000004
791,0.438966256577,6.29056810757,-1.57385905654,-17.569706392,74.60000000000004
792,0.228702305033,5.41085888275,3.88458151824,-17.8841453818,74.60000000000004
793,2.83308791074,7.43043726197,0.778156435025,-18.5825221341,74.60000000000004
794,0.625140716221,-8.65825424367,-9.266688246,7.18637195285,74.60000000000004
795,0.60556193308,7.35810423644,12.3713687233,-5.34745814218,74.60000000000004
796,0.418219606137,-20.0663015505,16.8628323852,-49.7502529796,74.60000000000004
797,0.174411405965,7.71365731642,-5.53332608279,-20.3827072558,74.60000000000004
798,0.534991359124,7.22006532756,3.09031409457,-17.2348905034,74.60000000000004
799,0.17495143315,7.10303018376,-0.750044605156,-16.4712898204,74.60000000000004
800,0.109551084204,-41.090902017,51.9822538594,-24.7652295314,74.60000000000004
801,0.361565786936,12.2862628178,-11.2535138925,-13.9073033794,74.60000000000004
802,0.42572107096,13.5358589099,10.9976393347,-16.6538657529,74.60000000000004
803,0.219557038498,9.904319117,2.14489941391,-19.7524225097,74.60000000000004
804,0.22495357657,2.60795238722,3.82165452896,-11.4613200876,74.60000000000004
805,0.103898894657,12.3031738275,1.84907618418,-14.5624551677,74.60000000000004
806,0.223923183926,7.71058580529,0.614929517145,-16.1836991017,74.60000000000004
807,2.54415672701,9.08979958235,0.134078308433,-15.5221998865,74.60000000000004
808,1.84695639194,4.52086646539,4.7828693723,-17.2196160855,74.60000000000004
809,0.166135516943,5.53218217669,-0.851527676962,-16.0905268668,74.60000000000004
810,0.255316498116,10.7394486194,1.62809420981,-16.0967684579,74.60000000000004
811,0.156203748565,-57.3308599287,71.1320302041,9.73580974225,74.60000000000004
812,0.130751203343,4.67187305069,1.37087701337,-20.2233512357,74.60000000000004
813,0.223221701602,16.3001328917,-12.3774066711,-21.3509222644,74.60000000000004
814,0.187216762005,6.33189044491,2.41705549267,-12.6479547405,74.60000000000004
815,0.186777485833,3.01450751609,3.32123444717,-20.817088812,74.60000000000004
816,1.23946826605,6.34835002872,-0.0902138336303,-17.7523461841,74.60000000000004
817,0.691234313771,9.82222142662,1.81700197599,-18.2270496994,74.60000000000004
818,0.19865335192,10.5911058211,2.19894724395,-15.0856510968,74.60000000000004
819,0.100720050788,8.29977835659,-0.601409114859,-19.7298481454,74.60000000000004
820,0.126289927231,7.56735647599,-2.61240851266,-19.5698103584,74.60000000000004
821,0.118466793784,5.58973084108,-0.916837029078,-19.8482241313,74.60000000000004
822,0.13172301339,-62.4506003649,27.1029097215,120.147342823,74.60000000000004
823,0.331183769407,6.40004441378,3.45981739584,-10.1609065298,74.60000000000004
824,1.23432774617,6.88237019435,-0.544599864051,-19.8456510882,74.60000000000004
825,2.00809028623,9.20364174293,1.90172702753,-14.0008982681,74.60000000000004
826,0.133391715095,5.71583426325,3.81935406637,-9.32652432059,74.60000000000004
827,0.111742927252,15.4478326322,2.93678128102,-20.4456513783,74.60000000000004
828,0.300758447866,12.4215404542,1.9984460137,-19.3879124718,74.60000000000004
829,0.106952877348,-2.26038769377,13.7533095804,-17.494266713,74.60000000000004
830,0.16672880521,9.70991864105,-1.39093434169,-19.2171117525,74.60000000000004
831,0.89236304629,8.53501692017,-4.54640699374,-21.7911273219,74.60000000000004
832,0.112010683189,11.3620478727,-0.522081859047,-14.7867058539,74.60000000000004
833,0.404033403786,-7.34784188219,9.31004720115,-8.19744039026,74.60000000000004
834,0.253940638993,9.41706950733,-2.66252168958,-17.8705725221,74.60000000000004
835,0.950473380825,6.85892344312,0.137679548363,-20.5359811207,74.60000000000004
836,0.356459664531,2.88781743369,0.209370286997,-13.7626420267,74.60000000000004
837,3.61738723054,8.02528567549,1.17668794484,-18.9058541446,74.60000000000004
838,0.111030138787,10.3776944895,11.8496939008,-12.4366277224,74.60000000000004
839,0.79206966412,6.55434616739,0.420899518082,-16.9468217114,74.60000000000004
840,0.171313180522,13.2993505644,3.36162459829,-22.7210619973,74.60000000000004
841,0.520849678872,9.72094094023,0.947996012338,-17.1484090512,74.60000000000004
842,0.329142150131,11.8196669264,0.365765414015,-17.8118708903,74.60000000000004
843,0.898966593245,7.18973641355,2.17215394375,-18.3030690404,74.60000000000004
844,0.108916653333,7.28673107086,0.354757961302,-17.9283595726,74.60000000000004
845,0.164838868059,10.8569457629,2.95968168528,-16.4244232061,74.60000000000004
846,0.122531307045,3.6447871125,1.67648315592,-18.940054782,74.60000000000004
847,0.122703678982,-15.7340210893,2.24232377447,7.82063040186,74.60000000000004
848,0.154558406933,46.1248232878,9.48947800975,-28.3362132851,74.60000000000004
849,0.268922109851,4.95107850343,-1.47637172816,-15.4159594344,74.60000000000004
850,0.188537045629,10.1255022035,6.61897937211,-18.9118048134,74.60000000000004
851,0.207123965771,4.08139105388,-2.36802839232,0.0489909979003,74.60000000000004
852,0.196036558363,15.0782564178,11.3566029949,-20.4651518958,74.60000000000004
853,0.332209808864,6.76702457809,6.84396906112,-22.4695814193,74.60000000000004
854,0.103669826698,7.16951428284,7.86483533194,-17.3892769675,74.60000000000004
855,2.84260567746,14.0090217673,-0.9431030512,-15.4327446313,74.60000000000004
856,0.112804269648,25.3847165378,-7.51557194208,-13.1647530689,74.60000000000004
857,0.165508489897,-35.8727612135,43.6559861196,-74.6591570578,74.60000000000004
858,0.433763624722,-0.418715114875,0.265982815957,8.43804583864,74.60000000000004
859,0.189562590783,10.2697493866,2.51404458467,-19.8829847825,74.60000000000004
860,0.200007568521,85.5289557718,-89.6398678565,-38.3397673058,74.60000000000004
861,0.241616610901,-1.92632828276,5.67914371027,-22.1578263981,74.60000000000004
862,1.07916058741,4.96081333338,-2.30652955225,-22.1118968077,74.60000000000004
863,0.413547394584,69.8166048258,3.26005960904,20.6095649255,74.60000000000004
864,0.308322090851,12.7790575596,-1.56781717301,-18.9626273951,74.60000000000004
865,0.124314226695,7.39714316815,1.7112045869,-16.1599468933,74.60000000000004
866,0.309248243528,-1.81372272398,2.01431359215,-11.9615983816,74.60000000000004
867,0.201634535826,7.55052142029,-4.45872914551,-19.3425227826,74.60000000000004
868,5.57694228672,7.75037283719,-0.0310814804389,-18.3005513364,74.60000000000004
869,0.932656121163,8.42780766832,0.410244455693,-16.6826184659,74.60000000000004
870,0.125671235175,10.4858058418,2.85147694327,-15.714288157,74.60000000000004
871,0.147335118401,8.04690838479,1.05372330169,-17.4531387904,74.60000000000004
872,1.03518604224,11.0177743385,2.31230388019,-19.5189195474,74.60000000000004
873,0.164714291149,11.2821123508,-0.921180983176,-16.7030476238,74.60000000000004
874,0.104046402938,-14.8094238191,6.16980248767,-18.5997603464,74.60000000000004
875,1.88280440629,-28.8245786295,-32.8681711581,-33.9814835774,74.60000000000004
876,0.20643684652,5.5001625344,10.1137498344,-9.61076278922,74.60000000000004
877,0.626435352445,1.23974455292,0.863189120804,-0.422479616306,74.60000000000004
878,0.144425246,-9.56703120632,-12.1685338817,5.44256390763,74.60000000000004
879,0.125551917153,11.5078100994,-1.20795361055,-17.3945167201,74.60000000000004
880,0.339912384335,6.31290086139,-0.470509780668,-18.1544245878,74.60000000000004
881,0.286596800064,9.28367516224,2.63343017824,-20.9233610849,74.60000000000004
882,0.116264783279,7.42083072386,1.71441175946,-18.9164854502,74.60000000000004
883,5.85800252336,22.3284900844,2.36120984776,4.91231668037,74.60000000000004
884,0.530732227813,12.4334250332,-0.105361264042,-13.9109213694,74.60000000000004
885,3.46170657273,8.51042977629,0.308898601675,-18.453210609,74.60000000000004
886,0.374327206088,9.67764574055,-1.31398639333,-20.7704657939,74.60000000000004
887,1.21640949233,9.19601285569,0.731096042872,-17.7084289007,74.60000000000004
888,1.04101856077,11.0341057673,-2.17426025075,-13.708148592,74.60000000000004
889,0.159589294853,-16.2796258592,21.6239085901,39.3064670967,74.60000000000004
890,2.18937754562,47.6902944866,25.6285734316,-18.9411233895,74.60000000000004
891,0.397213802489,6.7465890514,7.77478372728,-22.8393360229,74.60000000000004
892,0.147103062631,7.56082756957,1.0126021109,-17.9681284032,74.60000000000004
893,0.169742300569,17.0538482636,6.14750770517,-14.6361704337,74.60000000000004
894,0.159136487727,4.60120776155,0.570341929206,-20.727008976,74.60000000000004
895,0.38840503933,27.6177835831,-15.2022214568,-47.3712409392,74.60000000000004
896,0.134969886203,10.3036005806,-32.4625618645,-0.302303915788,74.60000000000004
897,0.488562535366,8.94894521214,-1.67815773374,-11.8687722909,74.60000000000004
898,1.2637695954,8.22862208343,5.42419074899,-14.8453686431,74.60000000000004
899,0.28115567565,10.063598407,8.62884081692,-35.1044272585,74.60000000000004
900,0.561087084117,10.2259724349,-0.92955690215,16.1592523022,74.60000000000004
901,0.981164173497,7.68460244357,0.188521183411,-17.0995117301,74.60000000000004
902,0.264335420959,10.6851736642,2.91711847237,-13.5028308498,74.60000000000004
903,0.373704867859,8.17201423193,3.27223168732,-18.7633878661,74.60000000000004
904,0.86014195666,9.21438612995,0.842921835674,-18.2166664733,74.60000000000004
905,0.229646216116,7.57823273335,0.347179457978,-16.8703952433,74.60000000000004
906,0.160355058559,51.3325081095,-26.6651358829,-15.8890748552,74.60000000000004
907,0.229072356163,9.67808108847,-0.283833435999,-20.5592615831,74.60000000000004
908,0.209764721623,8.64264517723,0.446306156561,-18.2146408742,74.60000000000004
909,1.33298203995,8.23566471764,0.463760942935,-19.1711902385,74.60000000000004
910,0.217722271543,13.7064379588,0.346566943953,-17.630464953,74.60000000000004
911,0.721241375636,7.75707001292,0.785896076145,-18.1417382194,74.60000000000004
912,0.176535348842,19.3263949016,-11.5367886261,-2.8812735273,74.60000000000004
913,0.157973257943,8.44591295828,2.55305143553,-9.41454108782,74.60000000000004
914,0.130507467689,-0.659635644975,-4.25678224255,-21.2187859414,74.60000000000004
915,0.56189455539,10.7923694118,-0.525871350022,-16.219187757,74.60000000000004
916,0.200391504752,7.11604347807,6.32250308539,-18.7059618468,74.60000000000004
917,0.197912520297,9.13090973324,3.24119409483,-20.2033102493,74.60000000000004
918,0.368668807923,13.6202316221,0.306548163277,-25.8039614416,74.60000000000004
919,0.151969424991,19.0032855301,13.1948169575,-21.6970306495,74.60000000000004
920,0.325820037324,10.441745388,4.80923437047,-17.6046903473,74.60000000000004
921,0.289953773831,14.7563371522,-16.9476299445,-21.8443052008,74.60000000000004
922,1.17031535187,8.57016065402,2.68945914656,-17.1332575588,74.60000000000004
923,0.7639991439,2.26496991233,-1.37358573862,-19.7430151924,74.60000000000004
924,0.444609875911,15.5466233905,-10.9561293983,-15.7406371384,74.60000000000004
925,0.111104327146,16.3107689405,14.9054179006,-17.6490917264,74.60000000000004
926,0.147026553232,4.01752681703,24.5266290195,21.7073902982,74.60000000000004
927,0.135235472507,-12.3288595995,23.2884416993,-15.607048775,74.60000000000004
928,0.347056764758,4.65521142873,-1.00847399205,-16.1231274708,74.60000000000004
929,2.2557129024,10.6024354081,0.0327310975738,-19.2618342038,74.60000000000004
930,0.424581226661,76.0744444955,-50.6449744773,3.77534968484,74.60000000000004
931,1.17809422844,7.04764619796,0.341212402532,-16.3941411804,74.60000000000004
932,3.48970794522,33.8069747661,-66.1778236423,22.7210667582,74.60000000000004
933,0.169608152226,4.97582869327,0.307807266709,-16.5627183838,74.60000000000004
934,0.75312265563,8.66032130908,-4.8474275989,-27.3384292165,74.60000000000004
935,0.17963883497,10.2389615438,-3.01188434991,-22.7172267951,74.60000000000004
936,0.590788601481,9.62971137147,4.11194985743,-19.7918168417,74.60000000000004
937,0.301721986759,11.1887342226,3.03676425584,-20.1834452134,74.60000000000004
938,0.363827164462,8.18615693638,6.51252336773,-15.9708892328,74.60000000000004
939,0.371443965169,11.8557837079,54.4897913861,-60.3521214215,74.60000000000004
940,0.109481917273,12.6600967202,-0.940011281163,-14.9423039745,74.60000000000004
941,0.392280602715,13.1177160728,-1.90828431119,-19.5446332967,74.60000000000004
942,0.508259506759,-8.35416801871,-26.3428122382,-24.7436239834,74.60000000000004
943,0.17765484206,5.54718018978,-0.168849184174,-20.5089121888,74.60000000000004
944,0.24509361909,13.0954585305,2.32142558316,-13.6969882045,74.60000000000004
945,0.341094695978,10.1056647398,3.4503541634,-15.3299472461,74.60000000000004
946,0.150464321105,-23.137937773,25.5150438948,-22.8783112271,74.60000000000004
947,0.276509418668,3.48603150003,-4.61536785131,-15.8976819482,74.60000000000004
948,0.219134842866,-35.1355912367,91.8702796205,13.6394607212,74.60000000000004
949,0.388730583194,7.86764045755,1.68880282919,-17.685261559,74.60000000000004
950,0.217292409074,11.3761431101,-1.60151139617,-14.7038257377,74.60000000000004
951,1.27703329299,13.3112481343,-3.95651697146,-23.3771670056,74.60000000000004
952,0.149120233741,9.88262746492,-3.20830860124,-23.8215620832,74.60000000000004
953,0.1298028027,11.6200925987,-1.66767289001,-17.0704146755,74.60000000000004
954,1.35311301578,7.9325860046,1.38466580446,-17.31798513,74.60000000000004
955,0.382676284996,9.69298954885,0.35629766591,-17.145339443,74.60000000000004
956,0.265040365521,19.7189573169,1.45881596149,-18.1529705962,74.60000000000004
957,0.144534925774,18.3009343883,16.1811448279,42.5405257383,74.60000000000004
958,0.115651682465,5.69718141325,1.91518946676,-20.3132345493,74.60000000000004
959,0.243440278283,22.8943429745,-8.37694431778,-10.4969125531,74.60000000000004
960,0.476547669886,-68.8574608757,-24.7328637015,-41.8521011003,74.60000000000004
961,0.45269309579,4.84956965393,-2.19740809954,-19.9265436222,74.60000000000004
962,1.25910299823,26.7116046764,-9.36598742788,23.9844692307,74.60000000000004
963,0.373810656262,7.41151149486,-1.9178491988,-18.5875510351,74.60000000000004
964,0.635481068142,3.33702296344,2.57004853656,-16.631245971,74.60000000000004
965,0.349852798348,7.18506847517,2.0748588501,-18.6813017067,74.60000000000004
966,0.495063538098,7.35072206741,3.0429580145,-21.6099629873,74.60000000000004
967,1.13943455732,7.81329309064,1.68306995706,-17.756120925,74.60000000000004
968,0.701348208471,8.75734637347,0.29844600266,-19.7299358795,74.60000000000004
969,0.327174921552,-27.2201408117,13.2553573069,-4.20801762488,74.60000000000004
970,0.235070137195,7.21064665281,-1.59839245538,-18.0533381878,74.60000000000004
971,0.1662951877,7.08207625496,-0.332671817025,-19.4319580161,74.60000000000004
972,0.150929324982,14.90378944,-2.47715449046,-18.1211259215,74.60000000000004
973,0.193504853099,4.93704654213,-0.885170950221,-20.6478002921,74.60000000000004
974,1.23925024827,5.61755943474,-0.372480185159,-20.6935507614,74.60000000000004
975,0.622157717184,21.1298238472,28.5502873832,-2.38897681702,74.60000000000004
976,0.210381425155,5.35242177952,0.695210989856,-16.1935986334,74.60000000000004
977,0.888528861317,13.7604511267,0.597209248476,-18.2356147834,74.60000000000004
978,0.515638781948,2.80136338951,-11.7571319003,-16.0847569779,74.60000000000004
979,0.332931020225,13.1211161649,5.13060816418,-17.4421294998,74.60000000000004
980,0.573295897371,-16.5093067272,35.5633387251,35.2475245038,74.60000000000004
981,0.468323668122,7.42462311243,-0.0656387458337,-17.7886175977,74.60000000000004
982,0.260218400641,7.21578313789,3.46277837573,-18.6009321443,74.60000000000004
983,0.224156872791,11.0658605555,0.363094236657,-19.2525479721,74.60000000000004
984,0.308335269016,9.97862347719,-1.73639988044,-19.4796870718,74.60000000000004
985,0.213142143417,10.0822946083,0.577014743647,-20.5840262823,74.60000000000004
986,0.449130142845,10.3573122101,-2.91243049591,-19.5782874818,74.60000000000004
987,0.388528703486,11.0421920529,1.99418084477,-16.834745222,74.60000000000004
988,0.113319806437,11.8052421776,16.8511893207,-3.19217655989,74.60000000000004
989,0.107518620335,6.39191942888,-1.13136813421,-15.5058619129,74.60000000000004
990,0.342349218481,11.3361146029,4.48443312427,-22.0995975077,74.60000000000004
991,0.683737552889,10.4778988962,0.87711146361,-20.2621834805,74.60000000000004
992,0.456223833582,4.77263410644,-8.44081971356,-21.7118328934,74.60000000000004
993,0.221358296549,7.14521959284,1.76199601459,-18.0847922285,74.60000000000004
994,0.151783297773,8.73214405146,3.06128540538,-15.533734283,74.60000000000004
995,0.107233764042,8.60022132492,1.28341699103,-17.7027366292,74.60000000000004
996,0.110985055205,8.44327475237,0.519654379416,-19.6446238243,74.60000000000004
997,0.149143797471,5.06723970927,-2.9553232283,-17.9995812234,74.60000000000004
998,0.453416979513,9.16696217698,-1.00468229912,-16.0129470164,74.60000000000004
999,0.355458808776,9.24122526734,0.743586223078,-18.5802383215,74.60000000000004
