Star_ID,Mass (MSun),X (pc),Y (pc),Z (pc),Simulation Time (Myr)
0,0.210772229098,-37.5138101,26.702485132,41.6037515224,94.4999999999989
1,0.66067245115,-10.5058756487,-11.7600209845,4.49503263181,94.4999999999989
2,0.278157100867,-7.39927421986,-10.5439573627,9.0939848673,94.4999999999989
3,0.275030663507,-10.691427485,-9.50921286695,1.38907972294,94.4999999999989
4,0.724321630582,-14.3285195401,-9.4436697086,3.63293332697,94.4999999999989
5,0.450449044577,-30.7500465879,16.3741174947,6.71511481785,94.4999999999989
6,0.448796040552,-9.57078360686,-9.97278462412,4.78865521258,94.4999999999989
7,0.207439624281,-2.33289953625,-6.11712827151,-0.558200435728,94.4999999999989
8,0.577390394361,-8.89323179295,-12.2992488305,8.06216448163,94.4999999999989
9,0.830351156727,-10.7284433469,-11.3834528747,3.16344107642,94.4999999999989
10,0.103811227191,-6.96676966507,-11.1933699765,17.8313829919,94.4999999999989
11,0.221367028213,44.0648459026,-16.8396528175,-1.06207863388,94.4999999999989
12,0.708439978654,-14.5516953437,-13.456115949,5.99554507433,94.4999999999989
13,1.79312861196,-3.01025901684,-14.2736320273,-0.065812384748,94.4999999999989
14,0.419875372254,-10.4673527419,-12.0602805165,2.37113194546,94.4999999999989
15,0.368856620442,-12.2094806053,-14.8917741707,8.2018262173,94.4999999999989
16,0.702018374727,15.9384084813,4.16977803102,23.7687403194,94.4999999999989
17,0.157768001518,-6.10309888729,14.2866530298,9.10844366384,94.4999999999989
18,0.193519072126,-10.4171192167,-7.53363944234,5.10020538352,94.4999999999989
19,1.02096418631,-34.2876655684,41.0436513561,93.9093693967,94.4999999999989
20,0.116082917131,-2.70672714628,-15.9138696046,-11.5118195541,94.4999999999989
21,0.494018031236,-14.1012735443,-16.2569083848,6.9783770563,94.4999999999989
22,0.640858744928,-10.5801789624,-10.332903265,7.72283290585,94.4999999999989
23,0.422208486919,-32.3314820312,55.4320802317,-3.042210465,94.4999999999989
24,0.385642244896,-10.3017224416,-6.20892791337,6.41886834482,94.4999999999989
25,0.330553973739,-4.72340628172,-13.4038672903,8.1059392476,94.4999999999989
26,0.25629812978,8.33696447235,-27.015948807,7.69967647167,94.4999999999989
27,0.257199123857,13.6395383596,73.0057162008,-0.272910658752,94.4999999999989
28,0.387132582122,-3.58993002278,-22.607378104,4.82458574054,94.4999999999989
29,0.179838621307,-5.40000171219,-16.1964985477,6.03574652143,94.4999999999989
30,0.494720161906,29.1760653277,1.1678780158,33.8328194259,94.4999999999989
31,0.343089288041,-9.66786561304,-15.9599000325,8.80179929532,94.4999999999989
32,0.156550268571,-10.8410135102,-16.360467086,5.43769960677,94.4999999999989
33,0.290712256073,-16.1304827772,-4.57222463267,-0.332880751149,94.4999999999989
34,2.0687882514,88.4335558175,47.3079950069,3.09961681613,94.4999999999989
35,0.346126154899,-78.4744782819,16.3992442254,21.2113639916,94.4999999999989
36,0.642035184844,-9.1858472511,-13.3952565865,6.37582310796,94.4999999999989
37,0.383029987661,-13.079766103,-11.3825253115,8.04136656176,94.4999999999989
38,4.95011507678,-11.6839965717,-11.6240321803,7.8085164929,94.4999999999989
39,0.297321283982,-5.03699156379,-12.4133458378,8.5172750543,94.4999999999989
40,0.157470808091,-5.21194777619,-3.11638918017,0.0429881648403,94.4999999999989
41,0.861422294505,-11.9357375192,-13.7286223085,4.16813229268,94.4999999999989
42,0.441774464504,-6.30153674423,-7.13112510117,15.8998966252,94.4999999999989
43,0.188820381605,-18.4314540381,-10.3620707944,15.5012550893,94.4999999999989
44,0.485588023884,3.15749304173,-3.9113315819,3.69608805618,94.4999999999989
45,0.841862569029,-8.17225413362,-7.88177042858,1.81404915622,94.4999999999989
46,0.614031184903,-27.8357566839,-6.14382994745,8.65457838051,94.4999999999989
47,3.70336922066,-3.93759521634,-0.546885754111,5.61900318303,94.4999999999989
48,0.181253588568,-8.81374402778,-4.88359789249,11.0522865761,94.4999999999989
49,0.207893707373,-25.2131728274,-4.60286797191,30.3120918447,94.4999999999989
50,0.102307017088,-8.91870754866,-11.0342843582,6.3138546617,94.4999999999989
51,0.167897820707,-13.7681791917,-40.8081859163,38.5986253462,94.4999999999989
52,1.6783092681,-15.1747720683,-15.2733094251,0.847144579733,94.4999999999989
53,1.04017585889,-8.30638820693,-13.7477348785,3.5060620018,94.4999999999989
54,0.202474456086,-9.59320527618,-8.14453168113,1.93732631357,94.4999999999989
55,0.100341373035,-41.2670864048,29.4574214593,-1.05172411549,94.4999999999989
56,0.167741323877,-15.0282641142,-9.26807263151,6.08822828776,94.4999999999989
57,0.167293473701,-10.1122173091,6.80610080205,57.8973626889,94.4999999999989
58,0.116469628774,-87.7484611496,10.4196963348,-26.1647870106,94.4999999999989
59,0.176487836593,1.6122695506,-18.7623860122,-2.0193527664,94.4999999999989
60,0.151555878733,-57.7391573528,-24.9983171985,-73.8150001931,94.4999999999989
61,0.164391154988,0.275074272544,-16.2956758995,-0.0981468629376,94.4999999999989
62,0.139911257906,58.9064318965,28.1643182607,1.59710569025,94.4999999999989
63,0.103951211521,-11.517561571,-12.0940028085,6.47571934721,94.4999999999989
64,0.460275021962,-9.45555312288,-15.1161562357,3.87816675773,94.4999999999989
65,0.373383650429,-8.84378454255,-15.8531301078,3.72992880458,94.4999999999989
66,0.449981180968,-12.6967807113,-15.7320690258,3.8608548297,94.4999999999989
67,0.162872080377,38.9561901082,-24.8819491524,-64.4157248888,94.4999999999989
68,0.10780547918,-52.640051245,-74.3614029716,-12.4986499568,94.4999999999989
69,2.28196206832,-8.06955515931,-12.1677275255,7.52935985234,94.4999999999989
70,0.34317273636,6.17318592098,84.4657298271,-8.97405407048,94.4999999999989
71,0.236609133682,-42.8667915283,-82.9896839878,-18.5489232107,94.4999999999989
72,0.128783253139,-7.59416003217,-13.6697704166,6.49351451951,94.4999999999989
73,0.133285213566,-5.43781600755,5.84965771383,-8.06786220108,94.4999999999989
74,1.31095003968,-15.1124889952,-6.89004090246,3.2435716695,94.4999999999989
75,0.403743126994,-51.6217562326,16.2954786514,4.87170401533,94.4999999999989
76,0.118602733434,-7.11509371613,-3.72737496998,19.2235740917,94.4999999999989
77,0.145618406075,-11.23495703,-10.7747626642,4.56169148341,94.4999999999989
78,0.18182078139,-15.0918603485,-8.56807797181,-9.81055958017,94.4999999999989
79,0.355586325225,-8.50042296313,-9.79319776586,4.64099069768,94.4999999999989
80,0.482929078834,-117.594577921,-5.289846252,42.5290098967,94.4999999999989
81,0.101309305523,-10.7692732043,-11.502570422,1.07895022582,94.4999999999989
82,0.234657427384,-4.47773831621,-15.7112422447,6.88464465991,94.4999999999989
83,0.305182432139,-9.25485974017,-11.991359989,4.532276624,94.4999999999989
84,0.37744242361,-20.9006493147,-30.0350576495,7.75785525323,94.4999999999989
85,0.124449935196,11.8315478329,1.84229378823,0.00978761890563,94.4999999999989
86,0.204645669675,-7.7557451148,-8.8533761035,-4.12276875631,94.4999999999989
87,0.442613061562,-8.95420158221,-10.4756651933,-10.397180115,94.4999999999989
88,0.15917523921,-6.56093972102,-8.69547456599,3.08851899244,94.4999999999989
89,0.193347503331,-5.9604476031,-11.7448021855,3.38071000738,94.4999999999989
90,4.42209720844,39.7115740637,-29.3699853552,-13.718343726,94.4999999999989
91,0.104708320066,-11.7101394165,-7.3031932381,8.67731111202,94.4999999999989
92,0.253220410511,-10.8208774401,-7.08667478705,8.61777274096,94.4999999999989
93,0.150229546897,-12.8572730506,-9.21365098343,7.46090206956,94.4999999999989
94,0.54186422727,-7.94581560263,-7.78893216596,6.17971301196,94.4999999999989
95,0.123853113713,-11.6699706694,-10.2292577796,6.53760890277,94.4999999999989
96,0.204382208605,-9.40591085386,-7.46380657158,5.83499448985,94.4999999999989
97,0.117637243746,-12.040681425,-8.21763388281,7.35603215306,94.4999999999989
98,0.23505228796,-23.56141795,16.1939729044,5.52258293461,94.4999999999989
99,2.35802433498,-10.2665241354,-9.25509474566,9.86586396118,94.4999999999989
100,0.373918326811,-3.79944393193,-10.3406996633,11.7102865574,94.4999999999989
101,0.245970659057,-7.10676698399,-14.6315274636,8.45535353144,94.4999999999989
102,0.137810536845,9.38835305388,-126.521710532,18.2220901288,94.4999999999989
103,1.86919510938,-10.2017545684,-10.101430327,2.7327438,94.4999999999989
104,1.01775687088,-13.5369337327,-11.9323282623,6.64557965581,94.4999999999989
105,0.201411932104,-1.91856687642,-8.37303721979,4.78403108888,94.4999999999989
106,0.328716068795,-13.2644710181,-11.1057349467,4.40465929061,94.4999999999989
107,1.70586836285,-18.4989409782,-25.9653374384,-87.6651228507,94.4999999999989
108,0.622831658698,34.8868174003,12.4033427218,96.4929002852,94.4999999999989
109,0.523699035217,-10.3642981723,-13.8206292709,2.55711351587,94.4999999999989
110,0.325570156247,-23.0028183193,-15.0957334111,34.0202043928,94.4999999999989
111,0.130780082592,-4.57978482662,-8.57672260091,-9.44365839426,94.4999999999989
112,0.612730616545,-3.93878896812,3.32047020642,17.1308205039,94.4999999999989
113,0.227931105625,-11.7001423897,-15.6483488775,4.87337879531,94.4999999999989
114,0.135581252269,1.19765469357,-4.37373440056,-8.44575740152,94.4999999999989
115,0.19387412519,-10.305113432,-11.3280079415,1.71180858407,94.4999999999989
116,0.705233351361,-6.39571478921,-18.2921044485,10.484003362,94.4999999999989
117,0.340141217797,-11.1253398446,-11.0833027476,5.41387494115,94.4999999999989
118,0.486696656247,-8.31099830298,-14.6771461269,4.21589640446,94.4999999999989
119,0.34036749523,-10.0693824332,-10.0961138474,16.0344515481,94.4999999999989
120,0.219849271527,-8.94001055743,-11.5925140125,8.69404868822,94.4999999999989
121,0.36882210797,-19.8445903363,-12.9863281561,8.93120597182,94.4999999999989
122,0.123959047218,-13.7530087987,-16.4092273793,3.83115686513,94.4999999999989
123,0.354941611152,-8.26523196732,-10.4581012158,2.75231874696,94.4999999999989
124,0.401835406335,-8.13796831337,-13.1534693901,5.99940519282,94.4999999999989
125,2.310252468,-21.0627311734,-38.5441404061,-83.2287524088,94.4999999999989
126,0.316492239858,-12.0755509074,-9.05207317289,6.17216002735,94.4999999999989
127,0.610288713002,4.75772291053,14.5535836681,-2.1616949572,94.4999999999989
128,0.668802074361,-14.3351217068,-8.33838076421,-0.407794036997,94.4999999999989
129,0.11141553156,-9.9150648809,-12.3719092537,2.90703208846,94.4999999999989
130,0.673221555192,-4.87437308627,-8.72698739489,17.3013272473,94.4999999999989
131,1.08413949777,-6.91950642612,-7.69537951806,4.40663746184,94.4999999999989
132,0.639949704765,-6.9201268319,-9.23444972368,9.13489065095,94.4999999999989
133,0.716778445438,-13.4227442056,-17.0471633312,4.85046969859,94.4999999999989
134,0.153982514957,-8.30988014817,-10.1519380117,4.52927206244,94.4999999999989
135,0.143299730561,78.2437118041,115.545345834,15.1354780635,94.4999999999989
136,0.124651580897,-12.5579439247,-10.2754410588,2.86596796799,94.4999999999989
137,0.417062429961,-10.5161729371,-13.7049526875,1.96648956502,94.4999999999989
138,0.101535703018,5.49614522664,8.78680007104,-7.75219470055,94.4999999999989
139,0.253084514635,-12.859415985,-12.6146833539,6.6447311191,94.4999999999989
140,0.140449763775,-18.7853257627,-9.74907469775,10.9399765681,94.4999999999989
141,2.55574969998,-8.56125798712,-10.7371647056,6.35059773089,94.4999999999989
142,0.24399693153,-8.13728970498,-14.1715746303,1.41910303447,94.4999999999989
143,0.163881535353,-5.83245007767,-12.8957417867,7.91656610441,94.4999999999989
144,0.284628426692,-6.09637788881,22.4144405204,80.3551322976,94.4999999999989
145,0.588999328653,48.4994269232,0.639100396395,110.392526059,94.4999999999989
146,0.185371751916,18.3305932883,-17.947185808,-51.2141851182,94.4999999999989
147,1.28170704756,-12.3475276037,-11.5118410785,6.19331828851,94.4999999999989
148,0.661393537205,-9.76422663063,-14.5983427697,8.22394608211,94.4999999999989
149,3.22310668705,-8.64106081215,6.5434399612,-40.1480129385,94.4999999999989
150,0.49685290651,-9.93326489924,-9.32237348007,4.02550697745,94.4999999999989
151,0.516946034142,-10.3383972591,-11.71344006,7.19248505731,94.4999999999989
152,1.20921794684,-10.6552092186,-14.7090366143,5.84893546838,94.4999999999989
153,0.124696736059,-8.13958639772,-5.80202330479,-4.92147236241,94.4999999999989
154,1.2086894191,-8.68691157508,-11.4154733495,5.85036280805,94.4999999999989
155,0.16276014096,-11.2594723633,-7.83461044933,4.75502824015,94.4999999999989
156,0.364076819712,37.6778606725,55.7549160883,59.5423203588,94.4999999999989
157,0.107640978781,-9.19387266759,-7.78812839521,3.37818831765,94.4999999999989
158,0.100006676985,-16.9249521149,-3.41716890985,-1.55689086437,94.4999999999989
159,0.434700492628,-38.252021223,-33.3456834074,-13.8155038036,94.4999999999989
160,0.166778896426,-10.2491180334,-16.1426792506,12.241156605,94.4999999999989
161,0.119664170281,-9.89952454279,-10.3452079128,5.62728756832,94.4999999999989
162,0.641242632641,-27.9769592616,-59.3159716485,45.7923534746,94.4999999999989
163,0.730761001821,12.1108224769,17.4876686811,24.3512529918,94.4999999999989
164,0.122486104054,-33.7371178939,18.0727261671,-8.27695702726,94.4999999999989
165,0.127249007258,-9.274043884,-12.2596583712,8.68486978654,94.4999999999989
166,0.107097144406,-8.48900742219,-12.6339202784,5.95799352757,94.4999999999989
167,0.443835598894,-10.0338645326,-11.915279063,8.87893184514,94.4999999999989
168,1.17146122177,-30.0875841495,-44.1096771001,1.56380168186,94.4999999999989
169,0.290741901966,-12.1022254476,-10.2217008692,11.1461118885,94.4999999999989
170,0.167094652677,-9.33126943933,-13.0076779747,9.97480632492,94.4999999999989
171,0.248904507864,-8.16699572529,-8.3644734545,7.46800795585,94.4999999999989
172,0.135437699856,-24.3157898746,-48.1854720001,9.11915247597,94.4999999999989
173,0.308785957892,-8.89518448874,-13.4659461141,5.7322867872,94.4999999999989
174,0.926115825798,-17.6947121491,-14.9583826222,-11.8396889766,94.4999999999989
175,1.54068639898,-5.93627340814,-3.34963472795,20.4216975114,94.4999999999989
176,0.197874900741,-84.9254905036,-39.6210418092,27.3293343582,94.4999999999989
177,0.209378915075,2.83900950367,-22.8170631568,-11.1738571927,94.4999999999989
178,0.244728448291,-8.44758744211,-12.1402279126,4.70185275315,94.4999999999989
179,0.584914633025,-10.6197186952,-14.7690162564,6.60598955764,94.4999999999989
180,0.506231952429,-10.8734635984,-11.7028041912,4.25860714694,94.4999999999989
181,0.338197876743,-7.93743579213,-5.58314333984,-2.43197821347,94.4999999999989
182,0.802658708875,-0.734404987128,-18.4932127547,19.7575099182,94.4999999999989
183,0.122871071381,96.9539582698,-124.133689247,16.274356402,94.4999999999989
184,0.402118864571,-9.43364979162,-5.38603894579,8.27886450147,94.4999999999989
185,0.833088588326,-10.5127066538,-13.8347548265,5.69657324643,94.4999999999989
186,1.2488707903,-11.6530284021,-8.6599513064,2.594861386,94.4999999999989
187,0.117120077348,-7.80982706246,-10.2676571823,7.78891758512,94.4999999999989
188,0.112232941448,40.6511419576,-27.640464642,-13.0632600692,94.4999999999989
189,0.119119953445,108.754368125,17.8894231566,-59.9435845677,94.4999999999989
190,0.202633055418,-8.38238739284,-7.9241141509,3.68553518535,94.4999999999989
191,0.32645613996,-14.2045449379,-9.23058592986,8.28737579482,94.4999999999989
192,0.332929079749,-10.3998435139,-7.46169698441,5.08023647725,94.4999999999989
193,0.14488775062,4.92911582737,23.2317412802,29.4872335113,94.4999999999989
194,0.705684216355,-10.7844712489,-8.73880813,4.40149997145,94.4999999999989
195,0.282008433034,-51.8940836749,123.649590009,11.384941473,94.4999999999989
196,0.764127939661,-10.1098838894,-13.0442342761,7.41408172329,94.4999999999989
197,0.163566492407,-16.5648312037,-26.6483467344,34.8896573795,94.4999999999989
198,0.318558039021,-38.2362753546,-19.777429871,48.5632474966,94.4999999999989
199,1.99001409762,-8.34786089911,-11.1398521681,5.01078163722,94.4999999999989
200,3.37663955587,-9.04031664146,-11.0013229981,4.47761593047,94.4999999999989
201,0.350068843531,26.3895032317,-9.42453137189,-19.5751507817,94.4999999999989
202,0.865579639509,-4.37868224737,-22.5009381842,-2.41930297923,94.4999999999989
203,1.19066948584,-10.6472711175,-10.2318613518,5.03195001057,94.4999999999989
204,0.107105256097,-8.4846814995,0.00791220265606,-8.09532835376,94.4999999999989
205,0.143508583365,-7.74016339994,-7.3016361001,4.29090877725,94.4999999999989
206,0.119224219184,-7.73265008556,-9.7612097965,5.46440121643,94.4999999999989
207,0.105298395793,-24.6550443708,-41.9573310449,15.6214422641,94.4999999999989
208,0.246885256284,-6.75297032624,-10.8569331323,0.480008856435,94.4999999999989
209,0.917186383334,-9.87270081486,-9.37750585348,3.96279985086,94.4999999999989
210,0.128202864744,-5.68570295955,-16.6262484707,-15.7981029819,94.4999999999989
211,0.14365564389,-7.57644153483,-17.7645044582,3.67467164838,94.4999999999989
212,0.221500978788,-7.8652019414,-21.2313063886,6.97681543161,94.4999999999989
213,0.215620184014,-12.7138504421,-13.7345773088,9.40138924215,94.4999999999989
214,0.74790076705,-9.56650270359,-10.9222077315,2.95695758072,94.4999999999989
215,0.173728932394,-64.5794041541,-71.167627393,69.6665696399,94.4999999999989
216,0.185748107054,-13.3830551572,-9.54441499051,6.81339042479,94.4999999999989
217,0.176656670723,-8.89089733288,-14.1796453956,2.37291210433,94.4999999999989
218,0.207607707203,-6.70568249085,-6.67816189301,1.15232544481,94.4999999999989
219,0.119290807957,-9.28370900831,-12.2750797572,6.22650301701,94.4999999999989
220,0.163497928607,-18.947352175,-19.8427849438,10.7739409748,94.4999999999989
221,0.451514006606,-9.33221808911,-13.0685354712,7.89843104229,94.4999999999989
222,0.721596574868,-17.2384606066,-13.6126882768,11.9164716071,94.4999999999989
223,0.240304396084,-22.9915057453,-45.5449442988,61.3688035147,94.4999999999989
224,0.194412429515,-11.6223240688,-11.2079165992,3.87040769732,94.4999999999989
225,0.226874326661,-12.2229705228,-9.09958453808,4.72941029601,94.4999999999989
226,0.341657640177,-70.9238752265,58.7017052927,22.2673551434,94.4999999999989
227,0.693947654738,-7.8946734909,-8.76137663764,5.50165132687,94.4999999999989
228,0.149682144106,-12.4928754627,-11.8676949594,7.8493780274,94.4999999999989
229,0.101081026739,-7.23215245633,-10.2806210634,9.76209600931,94.4999999999989
230,0.225951662371,-5.36876572971,-10.9625912727,13.5700673303,94.4999999999989
231,0.280649990664,-1.53708518454,11.1404966816,2.01980401252,94.4999999999989
232,0.409116030626,-12.198787173,-14.2984040364,4.42073935003,94.4999999999989
233,0.10245523839,-13.8551829243,-10.1680326744,5.31837840927,94.4999999999989
234,0.282181430302,-23.1827115453,-13.4415145216,7.86839106405,94.4999999999989
235,0.121753122913,-20.0783383571,-67.0470780937,-3.93730117091,94.4999999999989
236,1.25071487784,-1.74930300968,-12.5263327746,7.85077655544,94.4999999999989
237,0.413021321436,-2.34994231392,-21.4791539706,21.5908103218,94.4999999999989
238,0.1721411072,-4.91724682305,-10.3112762501,10.8268326649,94.4999999999989
239,0.224124588168,1.02118632537,-8.27846873115,6.66387162354,94.4999999999989
240,0.258625283879,-9.23258789994,-9.47483703203,6.74217651055,94.4999999999989
241,0.526992280739,-12.2403120257,-10.8329818467,5.10643115259,94.4999999999989
242,0.138002329538,-11.2648153803,-9.0784061894,1.39273482248,94.4999999999989
243,0.23280553422,-12.2941269288,-13.2266435615,-1.2692486335,94.4999999999989
244,0.222663094861,-32.9327130061,10.618592117,-20.6145016498,94.4999999999989
245,0.648630616517,3.3367095145,-10.8927176941,53.8090203674,94.4999999999989
246,0.400450889536,-10.7185907086,-11.2701423518,9.16706870836,94.4999999999989
247,0.202225011355,-3.17759266644,-14.6815800018,-50.5019433155,94.4999999999989
248,0.539290251604,-30.6405490338,16.3708643025,6.61100501055,94.4999999999989
249,0.122181972077,-17.6043695439,-14.1737714507,6.05249377661,94.4999999999989
250,0.275389541088,-12.2006814955,-17.913160008,10.7525383033,94.4999999999989
251,0.139288080869,-1.78010833489,-5.59965653511,-10.0772339864,94.4999999999989
252,0.109497147548,34.1124365133,10.7140813936,19.6750686381,94.4999999999989
253,0.191868203756,-20.9221546917,-22.5250122927,10.1965432265,94.4999999999989
254,0.104983518943,-24.3050884915,-28.144084927,28.7212294569,94.4999999999989
255,0.214127652567,-8.93515848575,-8.01396123291,5.39638447797,94.4999999999989
256,0.393110978629,17.3373331246,-19.2223896385,-9.77958281938,94.4999999999989
257,0.683470872818,10.1449085926,-18.3391032328,-38.00078298,94.4999999999989
258,0.379173817726,-12.1768715007,-10.5026410311,4.2331671756,94.4999999999989
259,0.105250663291,-10.9590278149,-11.8550223452,3.95135397764,94.4999999999989
260,0.107365442589,-6.29019629607,-8.25999638873,6.54704381475,94.4999999999989
261,0.122762552569,43.8574920481,-8.99011474145,-48.6396240458,94.4999999999989
262,0.48113531217,-16.6914330025,-22.8851321894,48.6784680824,94.4999999999989
263,0.463523898654,47.8078060543,-22.8913968223,12.5546048129,94.4999999999989
264,0.510124516371,9.82598438484,11.9025009391,-5.618030329,94.4999999999989
265,0.381038960121,102.524083971,93.1867071412,18.9031603132,94.4999999999989
266,0.725950587335,-15.7509076151,-6.51606366166,-2.44169860154,94.4999999999989
267,0.542833751658,-0.447201003034,19.2936020864,0.428501265449,94.4999999999989
268,0.104107720099,4.13469330396,17.0741992557,-1.70469952706,94.4999999999989
269,0.596879798311,-27.9471609529,-28.0453633353,-5.0155357318,94.4999999999989
270,0.948013199433,-20.8547226752,-41.1775186258,11.6456564399,94.4999999999989
271,0.560554100474,-7.94325264787,-10.3649447618,5.22968312208,94.4999999999989
272,0.397410703761,-11.2104659404,-11.6536403136,12.3109317433,94.4999999999989
273,0.122956765998,-14.2811968944,-21.5974907744,8.47307768961,94.4999999999989
274,0.482401140992,-23.3549960837,22.7100426816,-43.7914419722,94.4999999999989
275,0.141887014735,-10.1857292813,-14.0633415768,12.4188692345,94.4999999999989
276,0.140250075714,-10.9868954824,-11.0733329712,6.60180423309,94.4999999999989
277,0.162482693969,-7.98148833022,-11.2150242397,4.15391521322,94.4999999999989
278,0.962534216978,-9.46426974515,-12.3906478098,-3.38901399833,94.4999999999989
279,0.540531777452,-15.2269455436,-7.02818538376,10.5317477505,94.4999999999989
280,0.128342511605,75.4210190313,35.3375501808,60.2616575582,94.4999999999989
281,0.105321435872,-8.33362613978,-11.0717011626,5.94530755251,94.4999999999989
282,0.610707678048,-4.88440244446,-4.93860929523,3.7921458048,94.4999999999989
283,0.20248748468,-9.31005053066,-11.4519282739,5.44689651071,94.4999999999989
284,1.77273232849,6.58195752695,13.5894948265,9.62743009971,94.4999999999989
285,0.168498281046,-27.531696696,0.204437789377,-13.7547090667,94.4999999999989
286,0.477719240413,-9.18886690021,-9.78762734355,3.45887244393,94.4999999999989
287,0.176577810477,0.145352514849,-13.0493159926,2.69950381202,94.4999999999989
288,0.756739450186,-9.53792860597,-1.23645449982,-3.85808226413,94.4999999999989
289,0.123773850698,-9.51955376117,-12.672630178,3.1172508738,94.4999999999989
290,1.04865634938,-4.09899413853,-17.565057225,9.89783728652,94.4999999999989
291,0.326051593456,-5.50289664288,-13.6201149686,8.32428281929,94.4999999999989
292,0.17811518311,-19.8419423684,2.66636130488,5.53767032995,94.4999999999989
293,0.525945346916,-13.2790970288,-11.3306951022,11.400400048,94.4999999999989
294,0.286704201197,-6.67666742241,-12.4620093784,5.46372991746,94.4999999999989
295,0.20021057159,-7.21734910316,-15.2627707932,10.9178557446,94.4999999999989
296,0.660997744592,-16.6304043314,-6.02363822532,7.91554819584,94.4999999999989
297,0.229123917326,-16.1772348327,-15.4792919392,11.7257557798,94.4999999999989
298,0.111622142802,0.492913810933,26.5052931631,37.6983066741,94.4999999999989
299,0.300847623355,17.0380511426,-39.1833691163,-107.510364607,94.4999999999989
300,0.757115379259,-10.6404334573,-14.2979453473,6.8652380798,94.4999999999989
301,0.183980395206,-8.25462915621,-9.66923251342,4.76500372987,94.4999999999989
302,0.252502712447,-35.6375286135,-20.4462824642,31.6807852797,94.4999999999989
303,0.317893987296,-5.41031447432,-6.82076878574,10.0257536183,94.4999999999989
304,0.495623147542,-11.5851834959,-13.1614891037,4.93132467666,94.4999999999989
305,0.64884150539,-9.8583932174,-5.30995507516,-3.09366778513,94.4999999999989
306,0.601558657227,-9.77801463601,-11.1191205669,6.27845640393,94.4999999999989
307,3.81146800351,5.84454105898,-25.9057247479,-21.3046483934,94.4999999999989
308,0.121502583172,-16.3943072374,-13.3096867508,10.4802766579,94.4999999999989
309,0.155234464127,-10.1618786544,-9.80103980784,6.40041153795,94.4999999999989
310,0.178762207694,-8.42232095719,-12.5063925855,4.54603932608,94.4999999999989
311,1.33065537032,-4.3679031181,-9.77791413031,0.116457479285,94.4999999999989
312,1.86316566783,-14.2793277039,11.5212811804,31.7040336196,94.4999999999989
313,0.545752680406,32.766690566,-1.23125738049,12.0403403279,94.4999999999989
314,0.1139808463,-41.7431892772,-1.42071029314,8.80749261175,94.4999999999989
315,0.201847508096,-13.6944427259,-12.0386687356,8.03532926528,94.4999999999989
316,0.567968474006,-6.6204866515,-5.85965236319,7.86707876884,94.4999999999989
317,0.364909144138,-10.952004247,-10.9624667031,7.44646596212,94.4999999999989
318,2.60327232728,-8.5805649786,-11.0528679766,7.53131884974,94.4999999999989
319,0.137501854497,-9.76188218728,-11.4719559994,1.93499994561,94.4999999999989
320,0.162791169028,16.8538698026,32.845635657,24.3169455994,94.4999999999989
321,0.56939240919,-0.55101934071,-33.4535248875,28.4836271939,94.4999999999989
322,0.108457534913,-11.7110324389,-10.4833522438,2.04118346474,94.4999999999989
323,0.141934259136,-3.1732071043,-9.91818829276,11.0299097462,94.4999999999989
324,0.318512508746,31.6216884523,39.6504202069,44.9795890185,94.4999999999989
325,0.103703632103,-11.1910728768,-10.8158743184,8.46039164495,94.4999999999989
326,0.528436778157,-0.0501464811954,-23.2397466795,5.02427581023,94.4999999999989
327,0.167652335058,-11.8252674318,-12.6635933644,4.46935437793,94.4999999999989
328,0.157043468979,-9.90822022538,-7.91489286133,5.14920335282,94.4999999999989
329,0.254783221766,-10.5905072265,-14.0302736118,7.65632961572,94.4999999999989
330,0.841976487791,-10.8941022572,-11.2209484481,6.91835307342,94.4999999999989
331,0.41481666863,-10.8662776772,-11.6122269699,3.07062596665,94.4999999999989
332,1.19697361724,-9.5234282269,-11.2849470082,3.94376430275,94.4999999999989
333,0.679392335069,-9.75316634669,-10.6156095029,6.65738643202,94.4999999999989
334,0.120990025769,-9.95595667521,-8.65737266391,4.029547657,94.4999999999989
335,0.285257402996,-10.6313082149,-12.7905044026,6.47243325154,94.4999999999989
336,0.589613235523,-12.1303933477,-16.9160743177,8.98103892529,94.4999999999989
337,0.237299344177,-9.65385046764,-9.31867998747,5.11333713154,94.4999999999989
338,0.106910069007,-34.5206150637,-29.8572190405,-107.789362014,94.4999999999989
339,0.212741393217,-4.77048357136,-10.3278842757,3.66760133216,94.4999999999989
340,0.101372762008,-7.07458877718,-4.62838685292,11.0049510303,94.4999999999989
341,1.35503304357,-9.20541828449,-11.6143173106,4.60120127189,94.4999999999989
342,1.09984824408,-24.9023255014,-39.2309164042,42.6757824526,94.4999999999989
343,0.290720738835,-35.4472838807,-55.6307509359,31.0539903481,94.4999999999989
344,0.437932603648,-2.15167224637,3.45159605629,9.5810650739,94.4999999999989
345,0.810600653744,0.333556256039,-17.9953606853,10.6287923482,94.4999999999989
346,0.252854910212,-11.4733498195,-10.2598516352,4.78600414442,94.4999999999989
347,1.09325502788,-8.16380570419,-10.6660107841,4.67600468824,94.4999999999989
348,0.111108867821,-32.9919785985,-17.762585148,-16.0701390529,94.4999999999989
349,0.914492075248,-8.81821276035,-16.1572648239,7.3955571682,94.4999999999989
350,0.114072082507,-8.69284433499,-11.9256387463,3.7842654658,94.4999999999989
351,0.314998308426,-13.0742378082,-10.2904033625,0.0447348268321,94.4999999999989
352,2.02147984304,-9.22701998295,-10.4167441012,6.99465451431,94.4999999999989
353,0.147573703918,-9.30731408594,-12.9046740642,7.73751743864,94.4999999999989
354,2.13316399235,-8.82046301401,-10.4176433155,7.78618800426,94.4999999999989
355,0.732615635929,-10.3772060791,-7.5283544233,6.3765136234,94.4999999999989
356,0.300892400913,69.9822788845,31.8720120562,74.2005837198,94.4999999999989
357,0.524584808806,-9.36299321539,-8.9926266909,4.42832471129,94.4999999999989
358,0.625719953186,-8.77234573116,-16.188916715,1.40176257808,94.4999999999989
359,0.285232704329,-11.7859758187,-13.0338527005,6.12818469524,94.4999999999989
360,0.145850636285,-12.3249577876,-13.0466512855,12.6021269278,94.4999999999989
361,0.157116800491,-16.541415783,-17.8919868128,4.33761606326,94.4999999999989
362,0.191239551997,-20.21102366,-10.5521296947,7.62219312766,94.4999999999989
363,0.161551483236,-4.27754652912,-9.50289462253,5.2696282394,94.4999999999989
364,0.683926771399,5.34886206548,10.4488955892,-0.540594554929,94.4999999999989
365,0.103966044441,-9.24162246134,-10.6032829203,7.57999261732,94.4999999999989
366,0.259890549439,-8.37233882111,-10.3122729067,-3.43229593348,94.4999999999989
367,0.136650437256,14.1206083654,-64.2407717749,-4.09735310438,94.4999999999989
368,0.231631084344,45.1483227902,1.62437437409,12.2314680348,94.4999999999989
369,0.236630246202,-36.2253974728,-37.5462435301,-45.8219726877,94.4999999999989
370,0.232737032363,-9.96883972093,-18.7235508147,5.5634539533,94.4999999999989
371,0.204978161018,-8.35185996714,-7.90533770845,5.23845268232,94.4999999999989
372,0.123514684651,3.57796387572,5.86104210402,4.1440911856,94.4999999999989
373,0.147026928228,-10.6851868644,-13.1956826344,11.0634986535,94.4999999999989
374,3.88521351169,-10.4872203898,-9.68057949923,7.35544099632,94.4999999999989
375,0.208288439382,-40.9918804085,-26.495917969,-7.7031853796,94.4999999999989
376,0.229393416134,1.71080798374,-32.8777504525,76.9972435166,94.4999999999989
377,0.508664597977,-10.5835705144,-12.309431505,2.28485019624,94.4999999999989
378,0.525990406027,-10.348459518,-11.5507901093,5.24928072506,94.4999999999989
379,0.215121481703,-21.0849040026,-4.53584350025,16.1910073221,94.4999999999989
380,0.398536763973,-10.6576984921,-11.5132257563,5.19130588126,94.4999999999989
381,0.131900728344,-7.02488558787,-10.3590759956,4.3471536937,94.4999999999989
382,0.138832981059,-9.38749511087,-7.7225804694,13.7002010992,94.4999999999989
383,0.232566505182,-55.3059656783,4.51891629998,-13.5889413216,94.4999999999989
384,0.243360008198,-5.3172236869,-15.5281436941,0.690600967682,94.4999999999989
385,0.245779204912,-6.51213019355,-12.3623635107,6.3775728928,94.4999999999989
386,0.149815814641,26.5026070616,-0.398202367582,-4.9567951009,94.4999999999989
387,0.11400998169,-6.26030162585,-16.5089656381,1.19074273771,94.4999999999989
388,0.116968932591,-8.09710916205,-14.1052840857,6.17737710439,94.4999999999989
389,0.133930291893,-10.0902749234,-12.255133669,7.33184843815,94.4999999999989
390,0.68656012955,-21.6007898413,-11.1628446088,11.4467330018,94.4999999999989
391,5.32811968662,-9.98533077083,-11.0245128608,6.2621814904,94.4999999999989
392,0.222151936954,-4.90695883906,-8.70304934872,6.78893762167,94.4999999999989
393,0.155034910722,-5.35096635374,-11.6673538147,5.49719780244,94.4999999999989
394,0.563236147209,-15.8269158882,-10.2040765006,-1.41569823395,94.4999999999989
395,0.160483807554,-10.1901811839,-11.8782828582,6.092366118,94.4999999999989
396,0.18718931528,-29.454281443,-20.2121505452,30.5593641962,94.4999999999989
397,0.682282863268,-2.23120137956,-12.1378425752,3.6184362679,94.4999999999989
398,0.309916207621,-9.92675127141,11.2215323158,5.04882502094,94.4999999999989
399,0.183677077079,2.14966501066,-16.9759932013,-16.0865363517,94.4999999999989
400,0.153218795307,-10.4914210905,-12.9587198411,8.22218829463,94.4999999999989
401,0.885697367456,-9.34990078562,-13.3146026518,6.92685865976,94.4999999999989
402,0.7471238625,-17.8983843438,-2.68739982647,3.89693764503,94.4999999999989
403,0.223107215906,1.39926295807,-7.08138082722,-9.90327581676,94.4999999999989
404,0.506856783948,-10.1983283681,-10.2538672701,2.92400486945,94.4999999999989
405,0.13941932461,-8.42616847656,-10.6820385852,7.59010815331,94.4999999999989
406,0.2999640208,-11.3171514374,-12.0853490516,7.27372125953,94.4999999999989
407,0.296279504165,-10.9540145055,-8.17423527479,8.00269721783,94.4999999999989
408,0.259797487482,-53.1584953711,87.1431215739,35.5210306028,94.4999999999989
409,0.111080448348,-22.7705529028,4.30569422483,15.0315321091,94.4999999999989
410,0.349333033116,-5.20315329524,-7.24191454363,0.660171290121,94.4999999999989
411,0.19779328319,-15.263590188,-33.3546857933,-18.3351231097,94.4999999999989
412,0.21198640955,-9.65763532241,-11.1592045646,6.85428980724,94.4999999999989
413,0.274761169919,-10.2067226235,-5.57298396827,2.35111928151,94.4999999999989
414,0.778074002171,2.6414148123,-52.5886207236,9.9850399892,94.4999999999989
415,0.463557600396,-40.7223522975,-35.0865285119,14.0337819897,94.4999999999989
416,1.30493760632,-15.9374457359,63.8996101564,43.5030038513,94.4999999999989
417,0.855950358179,-12.1720688823,-9.07896172712,9.06872559809,94.4999999999989
418,0.421327317104,-7.3974054908,-11.8237039723,-1.18170335801,94.4999999999989
419,0.124810428619,-11.6600482375,-11.6884795679,7.86029997843,94.4999999999989
420,0.40044113302,-24.3388672313,-26.3381858415,-1.66737428939,94.4999999999989
421,0.245860638375,-9.04862208799,-15.3741013232,9.66832412913,94.4999999999989
422,0.275211548589,-13.009843948,-10.0303056468,5.56143950929,94.4999999999989
423,0.142149600211,-3.73823827688,31.0523580379,-113.884743764,94.4999999999989
424,0.279604467324,-9.42639656111,-9.27982458464,2.40939075049,94.4999999999989
425,0.213327964047,-10.3947649344,-9.77740924748,6.01383199846,94.4999999999989
426,0.230426895666,-0.190809918831,-9.2778674874,6.86299649288,94.4999999999989
427,0.196393767883,36.5567155663,18.2343106301,-12.72352518,94.4999999999989
428,0.238986900024,2.97317129206,16.3849616483,-26.1199400177,94.4999999999989
429,0.144144860179,-5.96806765072,-9.39197118271,4.98962710446,94.4999999999989
430,0.309625981314,9.94279340407,15.1855400723,-9.54179148496,94.4999999999989
431,2.65392618716,-10.1497774603,-7.89112814914,11.3565819912,94.4999999999989
432,0.425627481427,-9.15998807415,-11.5856347255,6.95398612109,94.4999999999989
433,0.22147201954,-73.1322843136,9.4782001208,9.40502890462,94.4999999999989
434,0.40848321501,-13.1241278148,-16.4828651137,3.78861862815,94.4999999999989
435,0.141060832264,-42.1976805094,20.8071602877,41.6170810663,94.4999999999989
436,0.722830602946,12.7978273212,-17.1082254291,15.3119495125,94.4999999999989
437,0.20454530109,-7.59061975285,-7.74931884878,6.96977104268,94.4999999999989
438,0.346175398445,-29.0835338251,5.78564633822,21.6813935865,94.4999999999989
439,0.231808937969,-5.12992358474,-11.0977452391,5.07285980139,94.4999999999989
440,2.59604128406,-13.5840119569,-22.1036554549,-12.4152721757,94.4999999999989
441,0.113102304866,-16.3384491457,-8.83225278636,10.6923356548,94.4999999999989
442,0.10294924982,-100.095556916,24.620317656,-11.4381373595,94.4999999999989
443,0.889123073594,-4.9689725588,-12.4931927018,10.4689522414,94.4999999999989
444,0.155608829617,-12.5820511204,-8.77989095022,3.53065190005,94.4999999999989
445,0.189233758988,24.4814822965,-2.99225445748,2.81816266747,94.4999999999989
446,0.155585604204,-6.78818559011,27.2103289386,-28.040073211,94.4999999999989
447,0.114619766545,-10.9177965093,-11.5737368473,4.17119254831,94.4999999999989
448,0.17637103599,-20.1607342158,1.93326302279,18.4767916624,94.4999999999989
449,0.554125654985,-3.82532571724,1.13662484307,-35.7406237901,94.4999999999989
450,0.185378538636,-9.83719594421,-13.0590797651,8.75696157303,94.4999999999989
451,0.558800790182,-12.9926119451,-7.42419883742,-0.620226233389,94.4999999999989
452,0.353927700269,-7.55186759695,-10.6728058914,8.75101285919,94.4999999999989
453,0.430903820484,-11.583500939,-9.39767577686,7.79821631813,94.4999999999989
454,0.107796441872,-8.88825754232,-11.5858392016,7.35086137033,94.4999999999989
455,0.505478802447,-10.1618644922,-9.63978412676,7.53314508305,94.4999999999989
456,1.42559952261,-10.0226197243,-12.8412828863,5.37668823687,94.4999999999989
457,0.108866276673,-18.8446536909,-17.0282081092,10.2324296886,94.4999999999989
458,0.161059537482,-2.11699869579,-12.8610638282,3.9327854474,94.4999999999989
459,0.314523936978,8.32487824202,23.0768416165,17.2909273498,94.4999999999989
460,0.22932669078,-11.3864987813,-8.37584232821,5.71409675347,94.4999999999989
461,0.142093414015,-10.8589493782,-9.96949704611,9.12073524418,94.4999999999989
462,0.430177955256,-11.3695584042,-8.63232000086,4.24357079233,94.4999999999989
463,0.31170054895,-15.4118851628,-14.1915751713,1.00468325994,94.4999999999989
464,1.62558513311,-9.80750031881,-11.547404331,6.53120872289,94.4999999999989
465,0.494072231727,-6.72854435778,-15.9580287729,4.35613610316,94.4999999999989
466,0.130650843685,-54.1667050196,12.5963363123,7.9099385143,94.4999999999989
467,0.266248443482,-27.9382097825,-21.9923611665,-12.8504965624,94.4999999999989
468,0.112351989326,-14.2441917776,-8.39037303554,6.15318468422,94.4999999999989
469,0.217970267634,13.1203126145,16.921640241,-2.02213584117,94.4999999999989
470,0.538580329955,-9.83464245496,-7.24724800858,-2.769921117,94.4999999999989
471,0.110463215495,-9.73863770374,-5.39343829916,4.86673884711,94.4999999999989
472,0.104501414318,-2.13893524118,-25.88341159,0.164203514086,94.4999999999989
473,0.266116217625,5.31511927797,-9.14091135029,7.48601608571,94.4999999999989
474,2.38479317713,39.6736889718,10.1522559602,-13.3610299408,94.4999999999989
475,0.912852811735,-7.67419549104,-5.73009182222,8.24960863435,94.4999999999989
476,0.2158229274,-8.85593546705,-8.9523412481,12.8092839491,94.4999999999989
477,0.357851093185,-7.21310510598,-12.0226166985,10.2787590221,94.4999999999989
478,0.36362157259,-17.4168027196,-17.1210230632,18.7469789531,94.4999999999989
479,0.263951499587,45.1463066129,36.5857967375,70.3607441044,94.4999999999989
480,0.155248637459,-6.35266413535,-4.03826445355,-0.754102167687,94.4999999999989
481,0.554614413169,-7.94782280471,-14.402589503,6.53295695466,94.4999999999989
482,0.152716170601,-12.4914070417,-10.2726502157,0.995289694621,94.4999999999989
483,0.639857984296,-9.68989602627,-5.06853663221,-0.436816256838,94.4999999999989
484,2.08960189479,-58.3298930564,96.5214972979,-3.18899421686,94.4999999999989
485,0.144210061747,-11.0121120075,-13.5224798339,13.7620558426,94.4999999999989
486,0.342537363677,141.445482939,-34.4365762978,18.0046521958,94.4999999999989
487,0.203309715738,-5.92088386486,-12.002787052,8.04119232796,94.4999999999989
488,0.485844324263,-10.2493791322,-12.3073154035,2.85254014245,94.4999999999989
489,0.256816510017,-33.5364579212,14.866596241,14.5239859958,94.4999999999989
490,0.192825727965,-11.556470185,-23.735373854,-31.0036165862,94.4999999999989
491,0.258805703042,-9.29849683073,-10.7016394325,8.71061407668,94.4999999999989
492,0.398227618941,-7.2331977706,-6.8027216378,17.2892686813,94.4999999999989
493,0.279680742922,3.99866890199,-20.6309697409,23.4739530453,94.4999999999989
494,1.41129592712,-9.79944089221,-11.5973574185,13.318435463,94.4999999999989
495,0.271229729004,-17.6705196271,-11.1604244004,9.53436277461,94.4999999999989
496,0.421881764204,-5.39629396665,-11.3711768261,-2.23711370636,94.4999999999989
497,0.326009799011,-7.06800979778,-13.8416980917,14.214757997,94.4999999999989
498,0.100046147353,26.607293156,-21.769422266,65.4841883977,94.4999999999989
499,0.211481002147,-41.2817265582,58.6632159332,-23.4839741036,94.4999999999989
500,0.572914612899,-8.2552192217,-11.6788729632,7.92439675311,94.4999999999989
501,0.133939950977,-13.6415126237,-7.90885481135,4.62861139,94.4999999999989
502,0.294974451809,-8.43653752803,-5.5888971654,12.2507901577,94.4999999999989
503,0.987838766903,-8.98272714691,-14.5653600095,5.8529422296,94.4999999999989
504,0.203336270215,-10.5155407043,-8.13225776163,5.46890237199,94.4999999999989
505,0.660396234893,-9.68595909514,-11.6552526281,8.89965914353,94.4999999999989
506,2.65169057301,-9.67969359193,-11.8576550414,6.40461457419,94.4999999999989
507,0.176133298683,-9.7744704681,-10.0684141436,5.31599356997,94.4999999999989
508,0.324160060195,-8.03227916111,-7.4925374651,7.64736929874,94.4999999999989
509,0.19651883402,-17.7092199798,-9.65237085506,-41.738116986,94.4999999999989
510,0.470404246831,-7.79734319686,-12.5323941836,1.45651554765,94.4999999999989
511,0.146348633518,2.00315651936,-20.5689319641,13.3238579403,94.4999999999989
512,0.944598875295,-26.8143996891,-13.8807027614,-0.536591905266,94.4999999999989
513,0.106742158126,-10.7548560287,-9.72047197913,4.17901385254,94.4999999999989
514,0.351682846417,48.0404463681,-40.3480151457,63.8256038103,94.4999999999989
515,0.478330396351,-8.64289286207,-11.9342818812,7.90968621498,94.4999999999989
516,0.129111560642,-5.55417416588,-16.4492803191,-4.21392282063,94.4999999999989
517,1.21784359888,-7.60973355997,-6.74311357612,1.07540739926,94.4999999999989
518,0.153197613382,-11.172021175,-12.8916908204,5.64620174156,94.4999999999989
519,0.550725847348,-10.2869591448,-10.6521993294,6.64545307886,94.4999999999989
520,0.160201928377,-4.77671106505,-5.28045738636,3.04445641189,94.4999999999989
521,2.48678838049,-9.14741082704,-12.7415131303,5.71437368902,94.4999999999989
522,0.111077013279,-11.1305100486,-9.27496930555,7.11253828078,94.4999999999989
523,0.38357713292,-11.7002136337,-12.0349836204,4.68082873824,94.4999999999989
524,0.373361221068,-11.5466706356,-6.75782818518,-8.04044174663,94.4999999999989
525,0.120123277158,-15.2969888452,-6.02567338088,4.2256736837,94.4999999999989
526,2.00902836822,-25.2310787795,15.6800611039,-2.81813140779,94.4999999999989
527,0.128797452112,-9.35076732159,-11.7908768121,3.21590305908,94.4999999999989
528,0.123014259578,-5.76185635261,-11.5513830415,2.75929937807,94.4999999999989
529,0.189680876575,-9.67375284497,-13.1584906354,4.48912914081,94.4999999999989
530,0.151773068865,3.53344431269,6.87982702259,30.0058844303,94.4999999999989
531,0.356019773652,-10.8399060131,-9.83855896024,5.39130970576,94.4999999999989
532,0.459154513981,31.778069563,5.43960944728,1.12717982311,94.4999999999989
533,0.21192790562,-8.05427889839,-12.8845547202,3.48355356157,94.4999999999989
534,0.274918772581,-7.22519801256,-12.9800654536,5.104536399,94.4999999999989
535,0.251846509207,-1.49493883411,-14.4662434569,7.94854521537,94.4999999999989
536,0.125371721175,-9.662533026,-13.0889722451,9.71235994022,94.4999999999989
537,0.33301099187,-8.16958053525,-5.14193483076,3.10292534745,94.4999999999989
538,0.42033136952,119.30296512,-40.4964224836,-56.3043556377,94.4999999999989
539,3.22056650446,-9.79411313469,-11.3819894138,7.05990731649,94.4999999999989
540,0.505084491353,-32.7277222588,-43.4470662249,-92.3946880563,94.4999999999989
541,0.246946659591,-11.7480960074,-9.70966513934,6.81912821872,94.4999999999989
542,0.190982943491,-14.9266254632,-6.11380000509,-0.449513400195,94.4999999999989
543,0.391836236976,-105.281659647,-33.4704803314,26.1931138491,94.4999999999989
544,0.784575364546,-16.3687761035,-8.8351795135,5.11096854262,94.4999999999989
545,0.851783009416,-7.55674342532,-22.4542033261,1.24860370159,94.4999999999989
546,3.11346156321,-8.74637595815,-67.5437779819,3.15939121441,94.4999999999989
547,0.355414884106,-10.5913748092,-10.9071571225,6.26947466816,94.4999999999989
548,0.659343802051,-10.3201884112,-12.4209881903,7.34856112717,94.4999999999989
549,0.104497378734,-18.9993071405,-12.2843862428,16.5916329745,94.4999999999989
550,0.501439504722,-2.52772880642,-14.8121150645,0.629301145724,94.4999999999989
551,0.148396921628,-13.1874704153,-19.1551922242,-2.82970418382,94.4999999999989
552,0.167322213956,-30.4939169077,13.2515852785,18.374478344,94.4999999999989
553,0.170640382342,-10.0953482501,-15.5629582987,3.94722193289,94.4999999999989
554,1.04333133168,-11.2503997829,-11.4473891619,11.3681145966,94.4999999999989
555,0.12864411149,-24.2582775367,47.9150662695,35.1420543378,94.4999999999989
556,0.10390954105,-19.6888566949,-65.7930039376,-63.1148706285,94.4999999999989
557,0.574234084657,-20.8269299121,16.1072199839,2.16333398097,94.4999999999989
558,0.243538830547,-8.92306019014,-11.147745406,2.6343160692,94.4999999999989
559,0.146090925181,-8.7739692364,-9.79013302912,5.64689181221,94.4999999999989
560,0.242958705902,-2.38148521732,-19.5208330891,4.69049307737,94.4999999999989
561,0.201730361126,-12.97852128,-8.88513133161,4.55207707017,94.4999999999989
562,0.117379023007,-11.2082088039,-11.249037835,6.21089761254,94.4999999999989
563,0.200195904586,-8.81042653229,-9.64984689119,4.05332766507,94.4999999999989
564,0.124849985922,-10.672796637,-12.2725601997,0.209568518534,94.4999999999989
565,0.10500223655,-10.275460804,-11.7813726413,5.45448462736,94.4999999999989
566,1.07418064657,-10.1536677974,8.74990489336,7.81911284161,94.4999999999989
567,0.118965123317,-10.0323390589,-8.93260641897,6.79446410547,94.4999999999989
568,1.91042349329,-12.035761903,-9.91220900764,5.15412925335,94.4999999999989
569,0.343232265796,15.9191093144,11.0843162385,2.36962440649,94.4999999999989
570,0.24148893125,-14.331245181,-8.62558825425,1.6596771294,94.4999999999989
571,0.234369786614,-11.5480344758,-13.3994167877,7.35933166864,94.4999999999989
572,0.294217705166,-11.8456450901,-14.6517661443,-3.48742889952,94.4999999999989
573,0.228858546015,20.8618541528,-50.6428743432,3.18144375124,94.4999999999989
574,0.368593987852,-9.53974663003,-16.4011296969,3.33035784651,94.4999999999989
575,1.13924672565,-16.0581843297,-1.82241726312,77.446011913,94.4999999999989
576,0.427980905661,-3.36923798584,8.31706688136,-3.7389423077,94.4999999999989
577,0.296582631531,-8.98131619971,-12.1893266029,0.263329105749,94.4999999999989
578,0.733491401138,-83.9069002976,-35.813408291,-14.6295253557,94.4999999999989
579,0.289472023919,-11.5063083841,-11.5749434294,6.48876537256,94.4999999999989
580,0.518695501152,-7.70012251466,-9.86543328084,7.35366856451,94.4999999999989
581,0.988870611478,-39.1754973084,-22.6863329924,26.5867022024,94.4999999999989
582,1.09880425791,-10.2987884989,-10.4313575636,6.66455135485,94.4999999999989
583,0.184266987047,-18.5146215696,-4.64202954069,11.0093340427,94.4999999999989
584,0.410115974952,-8.94234844472,-39.2284581952,47.4120182395,94.4999999999989
585,3.16117845178,-9.74815255008,-4.75217479295,12.5023382965,94.4999999999989
586,0.484040177733,-13.8310138032,-13.2454494764,13.442032155,94.4999999999989
587,0.257045358953,-13.8809555102,-10.738848173,-0.68307608374,94.4999999999989
588,0.171858203887,-5.15981613205,-7.59334837932,-11.4393334732,94.4999999999989
589,0.137879406375,-9.54765631831,-6.71542786562,7.96167839965,94.4999999999989
590,0.49739215782,-20.7577372781,-61.3713431846,64.8822901798,94.4999999999989
591,0.278319054091,-37.8761982437,56.0545869975,-38.8031447065,94.4999999999989
592,0.140764797734,-9.09463389194,-9.35208408202,3.95267274215,94.4999999999989
593,0.112201327613,-153.842905537,110.407843292,64.5564362702,94.4999999999989
594,0.104887261403,-8.27638831197,-9.41302621721,4.69015497703,94.4999999999989
595,0.106410541901,-14.0959756076,-15.76075299,7.46743491614,94.4999999999989
596,0.550568192847,-11.2118622315,-7.69698572164,0.649644038789,94.4999999999989
597,0.100522572345,37.1646522334,-32.6014125809,-2.9307986978,94.4999999999989
598,0.121330240738,-9.71438139799,-12.125938746,9.85089410401,94.4999999999989
599,0.390288125153,-9.36123160044,-12.9782696331,5.30209707452,94.4999999999989
600,0.13515715774,-6.42681748521,-8.64166326541,4.41218508441,94.4999999999989
601,0.511539903561,-10.3906483506,-14.228734449,2.06737570631,94.4999999999989
602,1.06855816663,-14.0416598026,-6.23776086895,-3.8244288515,94.4999999999989
603,0.177092917012,-13.7685565844,-9.14098832642,-0.689491958265,94.4999999999989
604,4.54938305606,-9.61470403392,-11.8099072944,4.70716432191,94.4999999999989
605,0.138754112536,-8.96609684369,-14.4299486607,-2.33445706644,94.4999999999989
606,3.76526455224,24.4888331579,4.42554312872,-1.34287529157,94.4999999999989
607,0.26766674249,-4.64673361593,-9.09815659459,16.1081324792,94.4999999999989
608,0.351863290289,72.627889284,43.6654518985,-11.6904206463,94.4999999999989
609,0.142001273162,-5.92483810581,-13.0610065376,6.10245951168,94.4999999999989
610,0.918338721258,-4.1502044508,-11.1497423798,10.5112122747,94.4999999999989
611,0.18056993415,-5.88579668103,-10.3766265143,10.0170359922,94.4999999999989
612,0.477959948552,-22.3993059529,-4.26259633258,-10.1509647936,94.4999999999989
613,0.833899373885,-5.13001514522,-12.842999401,6.58353701782,94.4999999999989
614,0.237670506792,-10.2177119473,-11.9733308963,9.65432579199,94.4999999999989
615,0.101070419139,-10.4501179838,-9.53759144645,5.19049863848,94.4999999999989
616,0.167914696309,-14.716583598,-12.5659566241,6.52970831728,94.4999999999989
617,0.168652787388,-11.3831903417,-8.77822896394,2.80396653897,94.4999999999989
618,0.298084342068,-10.29159481,-13.3368943073,8.65426558233,94.4999999999989
619,0.315305146921,19.9569401218,-109.687235457,47.0234959425,94.4999999999989
620,0.319865946395,-12.0708226447,-11.2301783392,8.36143915711,94.4999999999989
621,0.155090510093,-7.78135401637,-13.5351997137,1.68784414729,94.4999999999989
622,2.50755645824,-9.96323497823,-20.7658640571,5.07371055374,94.4999999999989
623,0.254859867594,10.7602904209,-23.5380302101,-23.2710863428,94.4999999999989
624,0.543005174366,-9.29875834665,-14.8235914513,6.22002514752,94.4999999999989
625,0.915140314936,-8.79422621212,-5.36239938439,-3.56009132391,94.4999999999989
626,0.215663177048,-20.7946218713,33.2452672372,-11.2970050542,94.4999999999989
627,0.911423508515,-9.05715659951,-9.02445197397,5.2265117544,94.4999999999989
628,0.143104219886,-13.104385129,-12.6526899208,3.92256745844,94.4999999999989
629,0.112429844254,-7.26318377966,-16.3677865014,8.00879474273,94.4999999999989
630,0.163679876146,-8.53776843783,-17.1518197869,1.87689286204,94.4999999999989
631,0.488862671087,-10.0639296317,-11.2966426672,8.40641801184,94.4999999999989
632,1.10815021122,-9.62943952381,-11.4735394327,5.64401768082,94.4999999999989
633,0.450768328466,41.8107540695,-86.824383419,16.6542340532,94.4999999999989
634,0.190115393737,-15.5388402438,-13.5951638302,0.340929305908,94.4999999999989
635,0.389828237389,-1.74519604684,12.4917063338,3.33939295267,94.4999999999989
636,0.117200582399,-9.8692694919,99.6397795767,-29.9629437375,94.4999999999989
637,14.0693999539,-9.78827195225,-11.1452485976,6.13847388239,94.4999999999989
638,0.919517026196,-8.24030124108,-10.3176944869,4.85990408946,94.4999999999989
639,0.243227325503,-3.34452527242,14.0928390929,30.2056750328,94.4999999999989
640,1.2201737535,-8.59563881496,-8.05190475691,6.83935456227,94.4999999999989
641,0.483181885385,-12.9215761366,-11.1585572661,-0.111952824215,94.4999999999989
642,0.127089400344,-7.36862827036,-9.95306404557,-0.915402815642,94.4999999999989
643,0.196074539315,14.6220171998,-8.50702062654,-21.2461028857,94.4999999999989
644,0.297434054441,-9.77735666923,-10.1900079425,7.79254476561,94.4999999999989
645,1.14068248082,-15.4914006528,-14.157327944,0.985034937567,94.4999999999989
646,0.217228490591,-11.6694337872,-13.2342658219,4.94246826129,94.4999999999989
647,0.813884002671,-7.09106469282,-11.5694801065,4.20330965383,94.4999999999989
648,0.507513323054,-13.7447543196,-13.6209685028,6.03054469186,94.4999999999989
649,0.27965543959,-7.33884471088,-16.965706921,1.83798990214,94.4999999999989
650,0.412895675714,-30.6317207707,4.36940475196,-19.3841500243,94.4999999999989
651,1.2432879377,-8.54119228953,-19.6413720275,6.94777849189,94.4999999999989
652,0.106789925995,-7.36489711237,-1.2890982239,-0.491353616298,94.4999999999989
653,0.356006948296,-13.0048325237,-9.07491694184,2.70165648036,94.4999999999989
654,0.233935048514,-11.7756281412,-10.2044569644,8.01614604004,94.4999999999989
655,0.117928827763,-8.86342939647,-6.98900899425,1.10547887392,94.4999999999989
656,0.133599286402,-2.66544854856,-13.3777375087,8.06003939208,94.4999999999989
657,0.130484033516,-18.2125996042,-67.6886449396,-72.4452296456,94.4999999999989
658,0.201525584144,8.08211038064,-17.3487189952,-21.5418745529,94.4999999999989
659,0.44978616507,-13.1468502984,0.622495687445,-5.75013016586,94.4999999999989
660,0.294188018641,-26.9366841241,-3.67361502337,-4.97548951956,94.4999999999989
661,0.532838209637,-6.92492615914,-44.1912535034,26.2863849025,94.4999999999989
662,0.232325913903,-7.30651812786,-4.29245790203,8.00197624968,94.4999999999989
663,0.162317873983,-19.7584166105,-11.5400013104,-0.288869015567,94.4999999999989
664,0.183752790401,3.60377535496,-5.88292225825,-9.0685778607,94.4999999999989
665,0.189504557222,-8.46598372461,-9.94948978509,2.37482447289,94.4999999999989
666,0.263365306177,-11.0985186628,-12.2788526323,8.57517172208,94.4999999999989
667,0.234904485859,-24.0502336579,18.9181863717,0.580721770933,94.4999999999989
668,0.256679192266,-7.18332946225,-11.8033960206,3.79031770494,94.4999999999989
669,0.20104647644,-7.29291787164,-10.0426157075,7.06315437744,94.4999999999989
670,0.700926241672,-9.91277515086,-12.3090300129,8.75936265922,94.4999999999989
671,0.498400499329,-11.2900382422,-12.5184042307,6.51317608858,94.4999999999989
672,0.51145407055,-11.2226786191,-9.86989913989,3.52645742484,94.4999999999989
673,0.426844693056,-7.87166439497,-11.8014773647,6.5612869231,94.4999999999989
674,0.115021777075,-12.1947876646,-5.99739649406,11.4891820868,94.4999999999989
675,0.560753181629,-9.78376822213,-11.8423469263,5.28710547314,94.4999999999989
676,0.326890516312,-8.64437610596,3.09447460263,15.2553968376,94.4999999999989
677,0.138723837307,-2.68397720436,-7.91151824151,0.876489346556,94.4999999999989
678,0.150465673492,-10.9828958846,-7.09666125445,7.51124932521,94.4999999999989
679,0.446964431577,-7.69384272839,-6.33278947162,0.739751428427,94.4999999999989
680,0.692530577632,-4.58562180604,-11.5811980092,3.62298800959,94.4999999999989
681,0.239616391319,-9.06882955193,-8.52703883933,5.30447223381,94.4999999999989
682,0.29676524874,-43.0107300423,20.414525048,-2.37243788851,94.4999999999989
683,0.49536182294,-16.6138279737,-9.66807952141,7.12224940361,94.4999999999989
684,0.147178732927,-21.4717814025,20.0292772759,26.5373529437,94.4999999999989
685,0.2480879268,-8.82437610223,-10.0201074039,4.667934753,94.4999999999989
686,1.19007150252,-30.2144252613,15.2552681563,7.43794028667,94.4999999999989
687,0.116776976284,-16.9061210851,-21.9125332215,5.93032890708,94.4999999999989
688,0.131830143041,-1.26435573102,-8.37393309035,25.5811722134,94.4999999999989
689,0.116451864084,-12.0874438608,-15.0046960037,7.73976519046,94.4999999999989
690,0.949728661791,-9.9715700529,-16.5590065797,8.07790369747,94.4999999999989
691,0.160487849275,-9.10051467059,9.75013736951,-3.30643472182,94.4999999999989
692,0.177606025976,-10.4338544364,-11.5297994746,1.70961974961,94.4999999999989
693,0.124840585752,-19.8356475972,-11.0724593662,17.4899609785,94.4999999999989
694,0.178185427768,-51.7697720542,-50.482476132,7.84684182387,94.4999999999989
695,3.40320888603,-10.3476147103,-10.163946419,6.11896532324,94.4999999999989
696,0.60049918693,-10.7871130522,-12.8959462222,10.0936159531,94.4999999999989
697,0.467889532528,-5.10203905797,-5.31560752358,4.91577020094,94.4999999999989
698,0.173870306688,-9.78643563312,-11.4732107361,-0.427576979839,94.4999999999989
699,0.127896145645,-93.9359277095,26.3927772102,-19.0945622852,94.4999999999989
700,0.399859276115,-10.9758565584,-10.9165981088,4.52307441963,94.4999999999989
701,0.676296438269,-7.05213936303,-25.0789049864,12.0400891673,94.4999999999989
702,0.155002339576,10.0615307368,-14.6111378494,16.3922371226,94.4999999999989
703,1.05121855394,-10.2687381904,-11.1937866013,2.70507281998,94.4999999999989
704,0.102859593367,-12.0766192459,-14.025094033,5.41857899242,94.4999999999989
705,0.183273424056,-26.8916515784,-17.6759696334,19.6301865637,94.4999999999989
706,0.117569478066,-10.7485041587,-7.93072086909,3.14386873234,94.4999999999989
707,0.900001636785,-10.663854692,-12.0246252873,7.29970020117,94.4999999999989
708,0.155935359937,-14.0219555642,-17.2576046872,4.93961576584,94.4999999999989
709,0.596498901622,-3.16034367549,48.1848904413,12.5821726035,94.4999999999989
710,0.117892223431,-8.26576756539,-11.3643345564,15.4291021778,94.4999999999989
711,0.215817847443,-5.31730456053,-11.3524637862,7.15067575926,94.4999999999989
712,0.784177618756,-12.3325510477,-11.162550326,6.25323570669,94.4999999999989
713,0.148710621834,-7.53635389661,-6.15399902571,9.21598041412,94.4999999999989
714,0.18670840341,-12.8454498254,-64.7051108705,-8.64056405573,94.4999999999989
715,0.653146332216,-31.3511078134,31.0119954295,10.1348501578,94.4999999999989
716,0.467011486759,85.6085105997,81.350248969,-9.26504637066,94.4999999999989
717,0.128595037977,-40.4804370897,-35.1411101683,13.8566818522,94.4999999999989
718,0.343010514705,-9.89767840026,-8.9564911445,6.28737050562,94.4999999999989
719,0.108364995058,-9.08508249377,-13.3683254934,4.33874489079,94.4999999999989
720,0.149207495873,-6.96011963365,-13.3645194919,7.81198665759,94.4999999999989
721,0.154619986508,-13.3442356466,-12.6682503088,11.6366197211,94.4999999999989
722,0.297522029749,-10.2752024459,-11.1666652816,2.80726498938,94.4999999999989
723,0.111327086411,-33.4129456777,-46.3119349794,-72.5003142649,94.4999999999989
724,0.120150783987,13.2364183177,9.40711335772,0.868104088112,94.4999999999989
725,0.156423189697,-2.69382197816,-5.72051420112,23.4756206717,94.4999999999989
726,0.256379722003,-9.83966572953,-11.2993181761,6.95728327162,94.4999999999989
727,0.431390210374,-21.259126791,-10.4290359671,2.15734069915,94.4999999999989
728,0.299383838943,-8.55899504236,-17.1814410607,4.89871949793,94.4999999999989
729,0.444616017683,-7.58494686286,-10.5905559186,6.29603851236,94.4999999999989
730,2.49157512172,-9.8534113173,-11.150693442,6.966896407,94.4999999999989
731,0.24752179489,1.71968813398,-11.2899660679,19.5973508909,94.4999999999989
732,0.400118726055,-4.80018211372,-21.9307050943,11.7160114791,94.4999999999989
733,0.392427345944,-9.12086771131,-11.4786428389,4.37861407838,94.4999999999989
734,0.194397699321,15.5310089526,5.51707390625,47.3788013306,94.4999999999989
735,0.103417106664,-11.1903786137,-11.6681293861,7.17722039709,94.4999999999989
736,0.128345632094,-10.2989025632,-35.413503137,-35.1836320654,94.4999999999989
737,0.112007625046,-4.48089624506,-13.7576387802,6.34586609295,94.4999999999989
738,0.316846233122,-6.61391807843,-12.8645760634,-2.45870684301,94.4999999999989
739,0.935216363502,-9.74527179694,-10.1750295012,5.31666207548,94.4999999999989
740,0.284671831856,-13.0971023757,-7.98086459216,2.82506859711,94.4999999999989
741,0.11882375376,-18.4853789685,-8.90076069013,13.1874796647,94.4999999999989
742,0.183888619712,-11.1620094656,-9.85875384639,-1.91113074514,94.4999999999989
743,0.182000108268,-12.3449324204,-7.76055469401,1.86815029531,94.4999999999989
744,0.21109900325,-9.08205298575,-8.79757027637,0.194767638594,94.4999999999989
745,0.216774336097,-11.4283972798,-16.1592869976,7.19827732566,94.4999999999989
746,0.665598040084,2.09880761571,-2.49492336944,-6.51212518878,94.4999999999989
747,0.762532996187,-12.7182344141,-2.2580922212,4.62366949779,94.4999999999989
748,0.616344390786,-8.55755432034,-11.5321372764,8.02437457001,94.4999999999989
749,1.08321916137,-10.4953413327,-11.721787128,4.49355879513,94.4999999999989
750,0.341648492747,-9.43931514111,-10.4937089334,6.37888480911,94.4999999999989
751,0.223127442927,-8.15306130325,-17.4959834243,6.99123838733,94.4999999999989
752,0.538269277609,-8.83760483491,-11.1922083225,1.23793034144,94.4999999999989
753,0.313656532605,-9.34738565334,-12.3761266039,7.61598210027,94.4999999999989
754,0.2235790121,-15.7740877555,-14.4434860332,8.15932322638,94.4999999999989
755,0.432039812665,5.91464423344,-25.9423940051,-21.2682593417,94.4999999999989
756,0.174298527986,-15.1698200772,-7.14105667507,3.2341720859,94.4999999999989
757,1.02374453724,-10.2617925482,-11.0745668117,6.92693803772,94.4999999999989
758,2.42718622961,-9.87570046704,-10.9384575778,5.35401875999,94.4999999999989
759,0.265677658196,-13.0257133711,-3.67992395735,1.40583117819,94.4999999999989
760,0.109041082946,-8.5136948539,-8.73967587888,2.83361940803,94.4999999999989
761,1.15320937993,-39.9049530639,8.88390631489,-21.3046695825,94.4999999999989
762,0.400862225085,-8.79693532657,-10.2882653333,3.01909056929,94.4999999999989
763,3.48971959674,-9.64537874982,-10.853595063,7.43195843242,94.4999999999989
764,0.551366270091,-12.5563547206,-14.5427645264,0.117032385616,94.4999999999989
765,0.120502881667,-41.1782700537,40.6942959943,66.0952408699,94.4999999999989
766,0.121475773257,6.13455267976,-8.71785348524,-11.7884180671,94.4999999999989
767,0.138324688445,-12.7051778144,-13.0949982759,-2.83158868009,94.4999999999989
768,0.323273910491,-8.46529342119,-11.7369477517,7.96209374501,94.4999999999989
769,0.576246661501,-8.61985488835,6.53750771754,-40.2998474702,94.4999999999989
770,0.142920815681,2.92249106857,-17.1135514839,-3.92459079068,94.4999999999989
771,0.107556621285,1.69385088139,-5.58031938547,9.26598868598,94.4999999999989
772,0.220611869245,-9.42707509432,-8.93317240255,14.0886322449,94.4999999999989
773,1.98663280355,-4.06132427962,-11.0864273731,-2.06584867883,94.4999999999989
774,0.251582381096,-10.8433545312,-14.0829328691,7.39074227283,94.4999999999989
775,0.215793010256,15.7524530663,36.1767242602,63.9836877432,94.4999999999989
776,0.16985873075,-11.5687428072,-8.10150376375,5.12149445047,94.4999999999989
777,0.175396186469,-6.38902397469,-12.6287425078,4.11531000519,94.4999999999989
778,0.103983380937,91.8449406468,-43.9787826536,-34.7992281962,94.4999999999989
779,0.105394793959,-22.6849358051,-26.383020986,5.24056413581,94.4999999999989
780,0.106651143987,-9.88407671942,-12.3283229724,4.63018616294,94.4999999999989
781,0.102102366566,-8.71989694044,-8.50142889055,3.34499826111,94.4999999999989
782,0.262665774485,-4.11698551577,-27.483701665,10.029328562,94.4999999999989
783,0.113262300532,-4.44717890446,-11.4851732897,11.6575582506,94.4999999999989
784,0.435331975604,-9.40683316349,-11.2613598662,9.28878041261,94.4999999999989
785,0.372036828512,-8.48276152346,-13.2056671031,3.63400153487,94.4999999999989
786,0.940689856674,-5.87543646783,-13.3480011554,-0.126531709604,94.4999999999989
787,1.03350082526,-8.37931629936,-11.6311948948,4.48491932972,94.4999999999989
788,0.465665045894,-10.3353196468,-12.8210472793,6.64429192707,94.4999999999989
789,0.163403766351,-5.71056569641,-24.0181326397,15.8769945586,94.4999999999989
790,0.158570557589,-12.0591497716,-15.5494920787,8.25227464007,94.4999999999989
791,0.495999949456,-11.9127181681,-13.6638804209,7.02423052112,94.4999999999989
792,0.316810679517,-36.6087677667,48.3428444035,7.09910669077,94.4999999999989
793,0.22695544831,-17.9971915692,-9.27397923776,-0.832580438944,94.4999999999989
794,0.192123160325,5.45210217883,-0.215488999967,23.5135318483,94.4999999999989
795,0.112141417841,-25.4334370131,-51.84585709,-2.07212962175,94.4999999999989
796,0.116017346601,-23.9604651855,-11.2944230011,-3.04821784349,94.4999999999989
797,0.128650659957,-5.78133863523,4.54143251924,19.3193955365,94.4999999999989
798,0.314619197771,-16.76137174,-15.7943500369,6.33682347226,94.4999999999989
799,0.103967038128,-27.3339710402,-4.3951941934,5.43406384411,94.4999999999989
800,0.52874649687,-11.5789333685,-7.82906700209,6.07361186775,94.4999999999989
801,0.850273178381,-8.84098677286,-11.4946542753,6.87064889821,94.4999999999989
802,0.190311143189,120.36779799,-57.8568702177,-6.93912633342,94.4999999999989
803,0.224704429255,-6.85070942293,-8.1507119026,12.1413478257,94.4999999999989
804,0.10324523937,3.07502607095,-19.3878224825,14.6003984505,94.4999999999989
805,1.32820669431,-7.65403903015,-9.19494233673,5.74241670267,94.4999999999989
806,0.366544502221,-7.55280132087,-9.56170273014,3.85667260442,94.4999999999989
807,0.153857769845,-6.31952169495,-13.3531123634,-3.47307062959,94.4999999999989
808,0.244547357596,-9.77290674904,-8.01906338877,9.0376690622,94.4999999999989
809,0.149125475448,-9.47945207383,-12.034555146,6.13546079135,94.4999999999989
810,0.102823527712,42.5607788588,-9.34774823791,8.17923236202,94.4999999999989
811,0.321183534641,-10.0655697502,-9.13498992982,6.19359900406,94.4999999999989
812,0.719664391318,84.7521750159,-6.52233639151,41.9761322877,94.4999999999989
813,0.189995938815,-1.57451118437,-6.94597001727,-7.00988763863,94.4999999999989
814,0.238147480474,-7.58069459651,-8.60646840682,8.038961422,94.4999999999989
815,0.215517366707,-9.62339812486,-15.6994024555,3.02777753631,94.4999999999989
816,0.144977805235,-9.63643940023,-13.2544955399,4.68341833078,94.4999999999989
817,1.00073775446,-12.2028032268,-10.9371362498,6.94434724478,94.4999999999989
818,0.141576455246,-0.934771919975,34.0380651677,22.6701219309,94.4999999999989
819,0.594289783928,-10.6337243955,-12.6069407142,6.428172207,94.4999999999989
820,0.207209672934,-56.4142263917,-17.2111947527,16.8613768959,94.4999999999989
821,0.28905648179,-9.58219350424,-9.54219131386,5.08454868786,94.4999999999989
822,1.28186100783,-9.23438046445,-10.5146669204,1.95754141221,94.4999999999989
823,0.117099301988,-29.3138543228,-73.6394042213,-29.4863017449,94.4999999999989
824,0.136518085692,-9.76474892514,-12.1109215156,9.17490483127,94.4999999999989
825,0.376002653063,-10.9081141369,-11.6535041372,3.43390896168,94.4999999999989
826,0.769848068417,-8.00018814079,-28.3674245753,6.26090514332,94.4999999999989
827,0.174165976973,-8.43318919614,-10.6811546223,6.52202095566,94.4999999999989
828,0.11954586207,10.0189370522,22.7300587266,-30.0378179416,94.4999999999989
829,0.132262565914,-7.66928877738,-7.56076220683,17.7423199907,94.4999999999989
830,0.138137927325,39.0601488599,4.9014581894,-9.41575012227,94.4999999999989
831,0.102709551612,-24.3300016079,-5.50056415747,9.02191695204,94.4999999999989
832,0.170553336308,-14.7399900536,-17.6037501531,8.0015898795,94.4999999999989
833,0.307977646961,-7.65982673964,-2.70645545748,-7.7456446031,94.4999999999989
834,0.1454364305,-12.5049636154,-7.50475109541,-2.28888859316,94.4999999999989
835,0.788548313603,47.6559526588,168.944018303,32.2519680219,94.4999999999989
836,0.182257353493,-5.89186048229,-17.35216901,5.04247015005,94.4999999999989
837,0.333616668976,24.2717696647,-20.0143497607,23.7573703262,94.4999999999989
838,0.142489977086,-9.87674663802,-7.07225361881,7.49175803209,94.4999999999989
839,0.390193601414,-3.8418472828,73.382932018,-3.7428511649,94.4999999999989
840,0.199200391765,-52.9158809896,-66.4758378767,-20.6548102392,94.4999999999989
841,0.496761968046,-11.7383636843,-12.15639988,6.09340407356,94.4999999999989
842,3.51229653521,-33.122495972,37.8058779863,6.78344419026,94.4999999999989
843,0.351216071823,-13.7105454597,-36.5011512307,-3.25842599397,94.4999999999989
844,1.731310572,-7.56086689299,-17.0975427195,4.57170535205,94.4999999999989
845,0.323233953768,-24.5814695805,93.8931569852,-50.9701515118,94.4999999999989
846,0.559025849697,-15.3471737043,-10.8997399673,12.828620674,94.4999999999989
847,0.595400449756,11.8907883457,-23.2384451919,-50.5630793157,94.4999999999989
848,0.303194179745,-5.39720601398,-11.3405268355,2.55314550842,94.4999999999989
849,0.216699455085,-12.6232759876,-5.04900998224,10.4077729846,94.4999999999989
850,1.00700627114,-6.51701840827,-25.3812385728,-31.8957550007,94.4999999999989
851,0.607887090127,-10.3738260638,-7.36352529924,7.02222413202,94.4999999999989
852,0.153461532622,-13.2554662722,-7.36787755646,3.00093252802,94.4999999999989
853,0.513951996468,-10.064872683,-14.0539153128,7.32489058199,94.4999999999989
854,0.117406226411,-8.66056184911,-13.0175553773,5.99994481697,94.4999999999989
855,2.05656139274,-11.3662141286,-11.690386803,6.38582316276,94.4999999999989
856,0.215802297414,-9.89345589344,-11.6642600698,5.66260807602,94.4999999999989
857,0.151407207621,-9.70431577027,-11.1927325927,10.7007608415,94.4999999999989
858,0.121257334883,46.3415592434,-20.1078210193,38.4240576432,94.4999999999989
859,0.10258353735,-9.50392925387,-13.3923998062,11.8600423629,94.4999999999989
860,0.161131860179,-10.1054377207,-6.85881616842,1.58566104665,94.4999999999989
861,0.283773669219,-10.8801231507,-14.4122233155,7.5299481034,94.4999999999989
862,0.372723631366,-17.249058952,4.42780698791,10.0987277899,94.4999999999989
863,0.117437132212,35.6065017233,-46.2081543921,11.5579976642,94.4999999999989
864,0.165765941164,27.2353863199,-52.9514560543,-48.9465825682,94.4999999999989
865,0.643181174287,-5.88195300896,-6.9840713356,-8.96488650039,94.4999999999989
866,0.239038259502,11.509264873,-30.7920974875,18.6835903324,94.4999999999989
867,0.130253656535,-4.2534183961,-13.9320044506,2.18504517239,94.4999999999989
868,0.336134804185,-70.9150210827,11.5561312807,38.1305506356,94.4999999999989
869,0.219954516306,-9.00308036563,-11.645462883,3.75188654584,94.4999999999989
870,0.431964377081,-12.5967856504,-8.71642555508,8.05732850655,94.4999999999989
871,0.169795432458,2.05535123328,-16.3045240843,5.02855626893,94.4999999999989
872,0.127404371374,-12.2731577686,-10.7574134302,7.30548281746,94.4999999999989
873,0.232196997709,-8.74337569412,-12.4079448285,12.6302991738,94.4999999999989
874,0.100414595798,-5.53431324372,-6.99571748841,-8.72697383722,94.4999999999989
875,0.671508900001,13.9156485244,-21.4275321506,6.26743420423,94.4999999999989
876,0.16215909865,-4.55073165484,-12.7784602738,4.32914189205,94.4999999999989
877,0.105175477618,-1.08378789907,-23.5277130492,9.55526944707,94.4999999999989
878,0.526570721957,-10.6793444261,-11.4898620079,6.1591451867,94.4999999999989
879,0.191053172719,-9.32358174424,-19.3532030543,-12.8450318237,94.4999999999989
880,0.104386496671,-7.23035308494,169.799892568,31.8843145851,94.4999999999989
881,0.29402155514,13.9935359067,-13.9759611628,14.547893108,94.4999999999989
882,0.106593130363,-9.81613802277,-12.1414133851,9.79823763455,94.4999999999989
883,0.30175202515,-9.5650304875,-10.409266277,7.26525977564,94.4999999999989
884,0.200111143483,1.97904545773,18.3603705266,3.29327074261,94.4999999999989
885,0.156434482975,-7.56949406974,-8.91903378505,-1.33890894625,94.4999999999989
886,0.220220170508,-8.68653468807,-12.054874357,2.7358241443,94.4999999999989
887,0.27729183672,-15.7597834281,5.01215638228,46.4273546154,94.4999999999989
888,0.127361471595,-9.13497385323,-8.8628864283,9.29318456648,94.4999999999989
889,0.389908502993,-18.5243388944,-11.6617209825,0.508601492495,94.4999999999989
890,0.961680026209,-12.1001152296,-3.94362802676,-8.57750915335,94.4999999999989
891,0.340736616629,-7.35223129842,-12.4414009756,3.40123073256,94.4999999999989
892,0.109014111964,-12.4635965306,-6.85192935838,5.76909760505,94.4999999999989
893,0.502972601935,-0.747935890346,3.08984836895,-2.9710121701,94.4999999999989
894,1.07603266275,-12.6117919198,-10.9449910936,9.52969910172,94.4999999999989
895,0.309219162316,18.7131851265,-12.3407954098,-17.2013304322,94.4999999999989
896,0.103727498861,-10.7759657711,-9.48620007055,5.40526572175,94.4999999999989
897,4.88138415617,-9.81388494947,-15.3372004816,4.97094712074,94.4999999999989
898,1.78054780607,-10.1961285102,-11.3916069139,12.758852254,94.4999999999989
899,0.100471147994,-20.2655252747,-34.3610606477,5.20923073573,94.4999999999989
900,0.234932107813,-9.75574054632,-9.65935760363,7.07095170016,94.4999999999989
901,1.4312795951,-16.9810975363,-15.8736412764,7.32145875426,94.4999999999989
902,1.13716469921,73.8417382414,-19.2539653148,23.4521841934,94.4999999999989
903,0.145929822369,6.73492345687,15.8585016727,-4.82553510843,94.4999999999989
904,0.438015734157,-31.8278220325,56.7240284376,-59.6125397491,94.4999999999989
905,0.116159563092,-10.6702958472,-11.2517775628,5.2732715227,94.4999999999989
906,0.504450961309,10.3851153973,19.884038333,-37.7080179795,94.4999999999989
907,0.151664060414,-12.9914611067,-14.9809872685,5.440277534,94.4999999999989
908,0.159515076703,-14.2870649692,-18.8426720042,5.89532675945,94.4999999999989
909,0.182714783059,-12.7820333986,-8.33593479075,7.75274259844,94.4999999999989
910,0.217180942082,-9.63706907709,-8.96626729396,3.32746072365,94.4999999999989
911,0.333280139734,-17.2507130369,-6.508576092,8.94307830589,94.4999999999989
912,0.370868021423,-8.60327020851,-10.293905457,7.18224019718,94.4999999999989
913,0.842396380732,-13.3846589374,-10.1544653097,3.67143744578,94.4999999999989
914,0.873228937474,-6.79688527071,-13.7393057023,6.87046477342,94.4999999999989
915,0.561642613405,-8.52047636118,-11.462180655,6.68328266667,94.4999999999989
916,0.526462645068,2.63023527344,12.3016062578,25.5169548779,94.4999999999989
917,1.29027978856,89.2642389573,34.0073983239,69.3581549746,94.4999999999989
918,0.441647881254,-9.57309709531,-15.7631560715,3.90738354707,94.4999999999989
919,0.587671927728,47.8656451706,20.2293885896,-16.2029040215,94.4999999999989
920,0.153825588557,-6.40320363654,-7.78566772146,13.0317231592,94.4999999999989
921,0.885464464045,-12.2919009334,-12.0537710099,6.25363595266,94.4999999999989
922,0.207745686737,-1.10795920811,8.40632007167,-39.8834573841,94.4999999999989
923,0.56169641088,-14.4217615011,-15.1796418447,0.162848911945,94.4999999999989
924,0.508259234643,-8.49141595659,-4.67383858096,9.76483714425,94.4999999999989
925,0.441525973941,23.0850431849,-35.4431024246,-96.332677823,94.4999999999989
926,0.102267870184,-11.4872773072,-9.04940370665,4.78216174846,94.4999999999989
927,0.250481934149,-9.21801375435,-10.3094484509,7.45512137989,94.4999999999989
928,1.56747808766,-11.1698077699,-8.90941093261,3.7445065877,94.4999999999989
929,0.32389457975,-10.0713258841,-11.789437909,6.96672335385,94.4999999999989
930,2.26716145673,-11.3495763549,-11.8456975268,6.09022557097,94.4999999999989
931,0.345699548175,-9.05699409246,-13.0047078206,4.33983028613,94.4999999999989
932,0.15053788611,-113.625137809,-25.2546999939,-26.7063175537,94.4999999999989
933,0.296032161511,-3.64735002664,-14.3203962806,6.94037226904,94.4999999999989
934,0.165785748024,-16.5594247025,-10.1313135707,-2.55926217861,94.4999999999989
935,0.559635463321,-15.6196051025,84.0430895803,48.5956327175,94.4999999999989
936,3.98266400467,-9.58864053694,-12.8203177172,5.70431230213,94.4999999999989
937,0.17670819039,-20.782693189,-38.2955986756,9.94792697708,94.4999999999989
938,0.148992706834,-24.3915694063,97.9389530423,-34.207197604,94.4999999999989
939,0.307078346683,-3.07594954418,-35.3537966054,19.9982210955,94.4999999999989
940,0.362677256003,83.7050356674,-24.2655141222,0.476242328355,94.4999999999989
941,1.42559788307,38.1511412923,-45.0665194712,-56.910531292,94.4999999999989
942,0.23986896814,-19.1385202901,-14.5828426165,11.3958105467,94.4999999999989
943,1.01940752017,-54.3310181183,57.8992263385,13.5418012569,94.4999999999989
944,0.291419424209,-8.84730145513,-14.3352162668,4.91250177371,94.4999999999989
945,0.181866560039,-12.6976693613,-10.2926069057,9.25374300942,94.4999999999989
946,0.133918080019,-11.383144939,-10.7133233103,13.4963545771,94.4999999999989
947,0.523835427899,-9.17639696194,-11.769442145,5.20597684425,94.4999999999989
948,0.516007266997,-10.4743115623,-11.00001851,5.95487476892,94.4999999999989
949,0.384987835129,-11.3353667932,-5.73609939538,10.6505145847,94.4999999999989
950,0.208902122495,-12.9973523038,-16.0416206426,-7.88751993579,94.4999999999989
951,0.449924570662,-11.2304368887,-9.28415287551,8.3617600686,94.4999999999989
952,0.106254988055,-5.44160111717,-10.528712337,-9.83099909372,94.4999999999989
953,0.429184711098,-10.1027299344,-10.2236169935,3.88750208128,94.4999999999989
954,1.08228608423,-9.64183312979,-11.0375983958,6.19186083042,94.4999999999989
955,0.443836393746,-15.5514513652,-20.379050684,-57.6297324457,94.4999999999989
956,0.429106738003,30.2196271223,-11.9439107048,23.2170393917,94.4999999999989
957,0.35779583458,-41.2558539602,-28.9807151557,35.4804345517,94.4999999999989
958,0.129409826333,-12.8938854296,-10.4270283536,3.89851825067,94.4999999999989
959,0.244025188144,-53.0322899617,78.9615732757,-1.92141489486,94.4999999999989
960,0.177689614541,-14.8100924914,-13.4283285535,1.34493563966,94.4999999999989
961,0.31046128271,-13.6303998847,-9.91333923564,6.38674223536,94.4999999999989
962,0.316714765362,-10.6988520001,-11.8873629803,16.7992833109,94.4999999999989
963,0.14501505281,-9.35059209814,-7.86453121184,12.1288004928,94.4999999999989
964,0.104996329009,-30.6292118779,-16.2457838809,-14.3155154569,94.4999999999989
965,0.276432555507,-7.83403953769,-7.29032900794,7.79629046553,94.4999999999989
966,0.125962028044,52.6937916261,-36.9926341127,-57.1869183212,94.4999999999989
967,0.329998145659,-23.4861192223,-74.5901001875,-23.9965837038,94.4999999999989
968,0.102804564193,-7.09269853893,-13.0162307861,13.4034261806,94.4999999999989
969,0.175108702943,-10.6924735889,-5.13151241408,7.38936172083,94.4999999999989
970,0.136483464822,9.81730093878,-8.66213362598,-2.70949996659,94.4999999999989
971,0.570891570453,-10.3981780569,-12.5060168974,3.57009320802,94.4999999999989
972,0.271262909943,-138.733121914,16.0797267287,111.15307685,94.4999999999989
973,0.132735755047,-9.98782173947,-12.3075679518,6.25142900873,94.4999999999989
974,0.271030473677,-5.1489259445,-11.2296119367,-0.292777238669,94.4999999999989
975,1.49598363107,-4.77911623648,-6.72594923686,3.1003975572,94.4999999999989
976,0.462079402467,-16.0186277619,-10.0639013474,1.33505509162,94.4999999999989
977,0.929900955629,-10.2276438815,-9.738301324,5.86441350603,94.4999999999989
978,1.09843768508,-10.5164641162,-10.9746218451,4.56506189417,94.4999999999989
979,0.440282780919,-8.56155309924,-15.5339079076,4.37893331739,94.4999999999989
980,0.734974328665,-7.7707115999,-12.6908726893,3.81941657569,94.4999999999989
981,0.170169253558,-11.0792889869,-12.3444918148,7.99452769796,94.4999999999989
982,1.14700407022,-11.7247419921,-13.8601227084,7.65784679204,94.4999999999989
983,0.313649935794,12.8598819056,79.5229924898,-68.3451403517,94.4999999999989
984,0.161207653328,-11.5657773629,-48.3213900521,12.4285444496,94.4999999999989
985,0.18981254055,-9.81701769589,-7.06311704068,-0.382554701494,94.4999999999989
986,0.190862929604,-9.45012067004,-11.0515802832,5.41351318463,94.4999999999989
987,0.323357458962,10.9364412561,5.94204326497,-3.40184873935,94.4999999999989
988,0.292987842937,-10.5403698972,-11.8078137588,9.15252854708,94.4999999999989
989,0.296346845454,-14.9298568725,-13.2554171362,11.2522294597,94.4999999999989
990,2.25298465882,-10.1810730641,-9.34747432628,4.96465068435,94.4999999999989
991,0.691712113236,-9.83938651373,-11.8287008703,4.60950718955,94.4999999999989
992,0.124591225617,-4.02359024698,-12.7264284061,7.38501993145,94.4999999999989
993,0.102199948467,-7.6218304162,-5.64828701492,2.35807920172,94.4999999999989
994,0.387517798292,-8.60113737921,-9.09315961685,6.53293529821,94.4999999999989
995,1.25646942997,-9.76826446137,-15.2486189058,9.2450656552,94.4999999999989
996,0.171332218337,-21.5412418678,-19.8581553855,-10.1615787169,94.4999999999989
997,0.44928463268,-24.2529436496,14.3449972055,7.02319975483,94.4999999999989
998,0.335456278412,-8.19170900474,7.30084390544,-39.9981415609,94.4999999999989
999,0.489246693609,-9.77346738513,-6.77046082784,27.3697757083,94.4999999999989
