Star_ID,Mass (MSun),X (pc),Y (pc),Z (pc),Simulation Time (Myr)
0,0.732824062174,-6.61765850805,0.290730340725,7.955255479,38.300000000000274
1,0.720783188185,5.91993093759,1.37054128955,7.97689839932,38.300000000000274
2,5.50664879483,1.03003036897,1.06072457287,5.44943472891,38.300000000000274
3,1.16994828528,0.968299011533,-0.0192783252365,5.08774918018,38.300000000000274
4,0.29735597798,0.00440708196539,1.43032578663,5.89263086603,38.300000000000274
5,0.231536585383,0.533282650172,1.19974331306,7.44859386667,38.300000000000274
6,0.555654968325,-1.93061401003,-6.90220084148,0.46164865364,38.300000000000274
7,0.370986765112,3.12935622657,0.0543999263261,6.25978340411,38.300000000000274
8,0.128041784699,-0.705550634122,1.91870090203,7.58758035526,38.300000000000274
9,0.302694677972,8.86345468794,-26.0524386409,0.190928603081,38.300000000000274
10,0.374968009462,6.87878162767,5.89526619096,2.18719990943,38.300000000000274
11,0.308435545403,3.530005093,-0.687399970517,7.62806292398,38.300000000000274
12,0.323177677327,0.445102237683,0.391780699238,5.8688949692,38.300000000000274
13,1.80580913387,-15.1633606999,31.3939032912,39.3085601119,38.300000000000274
14,0.216899624885,1.69724204204,0.555221694303,3.57916518223,38.300000000000274
15,0.226722003387,-16.3844188799,0.622486052916,-30.1092654087,38.300000000000274
16,0.129064971322,8.01850207062,-0.421089091166,8.16690587045,38.300000000000274
17,0.133809767035,1.46433628464,2.62776771112,7.09173244706,38.300000000000274
18,0.381769286035,-16.2464373467,12.3454191161,5.3041539491,38.300000000000274
19,0.417641957704,1.67673012754,0.444865787744,4.94318671711,38.300000000000274
20,0.920134609068,-0.68637143809,22.6215115358,-34.3769235155,38.300000000000274
21,0.119117155002,1.75654556824,-0.491391198454,5.17390462785,38.300000000000274
22,0.106747669514,-14.9880962966,14.5618749465,-22.7143234534,38.300000000000274
23,0.29168035879,2.56528304917,2.45835519642,6.4080525283,38.300000000000274
24,0.323454891027,-1.90206860698,-1.86379398561,5.66912227286,38.300000000000274
25,0.192370712151,1.18131994284,1.11492446066,5.61956275476,38.300000000000274
26,0.122869516727,3.33054505145,-0.788900889394,4.54549836015,38.300000000000274
27,0.196908755867,-4.33181162658,5.1674728141,-30.364275354,38.300000000000274
28,0.670104185499,2.59923744932,0.99331136331,6.26073077569,38.300000000000274
29,0.121676140356,-4.14773018049,0.303880326924,4.27107150843,38.300000000000274
30,0.52989931942,-3.00386281513,1.9513156274,7.81574985597,38.300000000000274
31,0.105464409437,-22.0337943032,-18.0582349606,34.3022336166,38.300000000000274
32,0.258472828237,2.3677071595,0.242804177197,5.00813270475,38.300000000000274
33,0.112574218474,0.368544901682,1.62221934172,3.77868388135,38.300000000000274
34,0.188943583339,23.1614659472,6.9326610235,-10.4315612433,38.300000000000274
35,0.395698951924,6.31441155247,-3.52237471945,4.29374085733,38.300000000000274
36,0.113115605923,0.855328066132,-3.37956351419,6.42864632621,38.300000000000274
37,0.314116179792,0.0803060929026,4.91304767293,9.47994275443,38.300000000000274
38,0.120699843613,22.6287512666,-17.8623683631,-12.3741085092,38.300000000000274
39,0.704771249778,1.3625888164,1.65252774518,5.7159987557,38.300000000000274
40,0.267493829258,4.57933135297,8.39264622712,18.3670153878,38.300000000000274
41,0.810123467771,-22.0361725464,8.79314362587,5.32811525067,38.300000000000274
42,0.131313456418,20.2471225856,-34.7415911813,-31.1887339408,38.300000000000274
43,1.01178790919,1.29848081598,-0.602637031862,4.82785655582,38.300000000000274
44,0.686095624637,1.99546897687,-0.608996986679,2.34111345002,38.300000000000274
45,0.102273771111,-12.6058020067,-31.9027776271,42.0132651429,38.300000000000274
46,1.45835212065,0.15506931708,3.18443302736,0.443968392399,38.300000000000274
47,2.96827181865,2.02899606065,-2.5116346521,5.11878224608,38.300000000000274
48,0.506885961489,0.473040807103,1.59550650895,5.1715685364,38.300000000000274
49,0.493063925975,0.598535254881,-0.0526049045256,5.91944128634,38.300000000000274
50,0.121850907939,0.74140592259,1.35080296459,6.18310384348,38.300000000000274
51,0.284398527919,0.887197899671,1.92792491033,7.63603406436,38.300000000000274
52,0.208433934334,-3.57999244359,4.99964318486,4.66849527197,38.300000000000274
53,0.125547583937,-14.3875124569,-0.0343088735484,7.30728160658,38.300000000000274
54,0.126108821603,-1.35023229681,2.4100494313,6.22379874053,38.300000000000274
55,5.53895890877,3.04941542135,-1.20843109974,5.31113104236,38.300000000000274
56,0.627217177162,0.485137085458,1.56091837196,5.83009175981,38.300000000000274
57,1.28216568544,1.34267540265,0.486713973307,5.89190462553,38.300000000000274
58,0.925308372703,-10.1697821272,16.1043884947,-6.84276049451,38.300000000000274
59,0.327354647641,-0.640521280958,1.81777693854,6.43195133709,38.300000000000274
60,1.52969631655,-12.8770799767,-10.0065893985,-18.7975120937,38.300000000000274
61,1.01782402472,3.44974459167,-9.00494936989,1.90929541692,38.300000000000274
62,0.10160541441,-1.63679025154,22.5820558693,-0.716435180003,38.300000000000274
63,0.387011044211,2.44993022167,-0.435474114509,7.48098429441,38.300000000000274
64,0.385073165889,3.32245501541,1.43783775728,3.66121336256,38.300000000000274
65,0.353274931043,-0.0231578284532,-0.25303902877,3.69187016732,38.300000000000274
66,0.105124278141,2.13560237089,-1.05372979023,2.92042512977,38.300000000000274
67,0.869867572095,-5.16916766522,-30.2359804144,3.42458775682,38.300000000000274
68,0.213343117102,0.777733317029,0.0280089404721,4.17645395986,38.300000000000274
69,0.229760957899,8.32201249349,0.103000669303,7.97024344986,38.300000000000274
70,0.268556549534,3.48861240971,1.62055433942,-8.66741597658,38.300000000000274
71,0.217741232269,1.51746315863,-0.766891551675,6.99184309251,38.300000000000274
72,0.237990609612,9.72774188008,35.7203486474,2.16214624795,38.300000000000274
73,0.695431483688,-12.2923788519,-6.15086760945,18.1516255612,38.300000000000274
74,0.195055115724,0.772723751345,-3.47483546249,5.89581917775,38.300000000000274
75,0.151527654988,3.61695583858,2.48227797232,5.00463119972,38.300000000000274
76,0.575388363678,3.37655948231,4.22512949518,6.09119861616,38.300000000000274
77,0.228188940671,14.7575845455,-12.454045318,-11.0929040265,38.300000000000274
78,0.138752987359,-0.605662684742,1.37193762087,2.97311888485,38.300000000000274
79,0.740373231017,1.2154668891,0.171592048977,6.59451638727,38.300000000000274
80,3.15700058305,-17.8344215516,-20.0950817065,-39.9886100275,38.300000000000274
81,0.110876381332,-5.38780870497,4.30642456718,0.115595506794,38.300000000000274
82,0.204037395308,12.1502175266,-23.6799334949,-8.22912052978,38.300000000000274
83,0.12801065277,-1.7682103887,1.26813923853,5.02262201893,38.300000000000274
84,0.109874409677,-0.35609361885,-1.64930112957,4.75220620075,38.300000000000274
85,0.349360039888,-5.31892548749,23.5018718953,-11.4149588864,38.300000000000274
86,0.665791065394,1.88254114704,1.09448671742,5.6388844193,38.300000000000274
87,0.133316656075,27.7765811717,-4.27650802013,9.70894296873,38.300000000000274
88,0.203875159052,-14.4461396861,-9.71556702343,5.55391747641,38.300000000000274
89,0.198698847851,1.08508856197,0.884069080059,5.51715398348,38.300000000000274
90,0.131080614732,-0.18910568472,-1.96185294092,8.01400805412,38.300000000000274
91,2.24658813136,5.50885563236,2.88694444038,12.5906211173,38.300000000000274
92,0.899382794183,15.0577221703,18.5065977017,-20.1027761034,38.300000000000274
93,0.134380299901,1.31054387109,6.16133420237,8.49127412586,38.300000000000274
94,0.290062322508,2.13374909004,0.668853639991,5.73594938741,38.300000000000274
95,0.195529643251,1.46672199865,-1.34750999361,5.23954531623,38.300000000000274
96,0.164584808385,-1.27913649951,1.44441361747,6.11143236267,38.300000000000274
97,0.106528226768,3.51843544628,0.0382371931308,4.58658270478,38.300000000000274
98,0.217807517639,-2.37854313821,12.3144141725,15.1730063115,38.300000000000274
99,0.709921802144,-21.4725771471,9.63550750443,-9.96091820625,38.300000000000274
100,0.243348566122,-0.38963090266,-2.09026765848,2.8134554317,38.300000000000274
101,0.193886468845,0.347753353008,-1.47488965508,4.60077232486,38.300000000000274
102,0.177147931144,2.20205356351,1.65522126884,5.69310208225,38.300000000000274
103,0.724772435532,-2.99905368118,-0.185599649919,7.74422682243,38.300000000000274
104,0.497705460823,0.00910766138413,0.352845432716,4.32161457972,38.300000000000274
105,0.215759905302,1.39839722725,0.15783880473,5.43592071663,38.300000000000274
106,0.165959522635,0.983585328381,29.0640644289,-5.30254183784,38.300000000000274
107,0.24851929849,0.306429271496,-0.458039332831,6.01775270658,38.300000000000274
108,3.44095969436,1.22803854955,2.03871954074,7.23029541328,38.300000000000274
109,0.125515166291,-1.3892559808,-13.8768593773,5.73252829872,38.300000000000274
110,0.434003520192,-0.0560156228859,0.608064948775,2.07821985973,38.300000000000274
111,0.117376975373,-0.891841487525,7.31506550192,7.10478568343,38.300000000000274
112,0.147699976669,-14.9719243703,21.9768331341,3.32462497682,38.300000000000274
113,0.22924353862,1.78217765965,3.2536358495,5.55939583185,38.300000000000274
114,0.173800583674,-1.85203505586,2.68643646269,5.67447337624,38.300000000000274
115,0.147702567484,3.35972924197,-0.151813340812,2.77229381229,38.300000000000274
116,0.73340186475,-2.20517991852,1.14981794173,3.73138217924,38.300000000000274
117,0.127479569411,2.76750711418,2.7395077658,7.56004822955,38.300000000000274
118,1.17075387132,1.2379332958,0.831391861511,5.47206710531,38.300000000000274
119,0.149023323213,1.0808528274,-0.844696332056,6.18454460415,38.300000000000274
120,0.192731383554,-0.326734038685,0.553636356155,7.35455913587,38.300000000000274
121,0.250271428454,-24.9264931188,0.337086378977,-11.1603691003,38.300000000000274
122,0.224945817173,1.17568087505,0.404388140516,5.57965397735,38.300000000000274
123,0.138501218624,-0.26613795298,2.01728508912,6.40253412348,38.300000000000274
124,1.88617869239,6.74084938702,-7.48514998171,30.333907133,38.300000000000274
125,0.555883624556,-1.64222082386,-8.07630698738,-5.46201758121,38.300000000000274
126,0.14826235019,-1.40784860152,6.09477949027,10.6348890933,38.300000000000274
127,0.418891909106,0.780332766231,1.73125179542,5.74890633467,38.300000000000274
128,0.418296756055,3.36702741727,3.96617266974,7.94552181134,38.300000000000274
129,0.393965657301,0.585002718578,-3.63353134923,-0.766510394068,38.300000000000274
130,0.398705544085,4.84537283558,1.89706997126,9.32499528399,38.300000000000274
131,0.551935257093,2.61127049921,2.05260356353,6.34781653821,38.300000000000274
132,0.286706731846,20.8639310564,-2.40536726497,-39.8097690592,38.300000000000274
133,0.188190591905,0.222180134573,-12.927563902,8.20230378044,38.300000000000274
134,0.105784485385,21.8909013229,-34.6866246426,-28.0794649558,38.300000000000274
135,0.483151944619,-2.2518566176,-0.611373779089,10.7551984218,38.300000000000274
136,0.306240581756,4.234236128,-0.619431167347,3.95192823172,38.300000000000274
137,0.424047084907,-1.19551954919,1.81782631768,6.12476028126,38.300000000000274
138,0.387497897132,4.67442491302,1.72170853129,5.00713879455,38.300000000000274
139,0.376633341262,4.03390799204,2.01963433414,6.18648346269,38.300000000000274
140,0.253880351176,7.23967294652,-6.68786267921,0.739283464947,38.300000000000274
141,0.588742171822,-7.58178463137,-3.73128948878,-8.4566607254,38.300000000000274
142,0.358874854398,-1.30853016266,-0.86605820751,1.98885866647,38.300000000000274
143,0.334106982287,1.85732482881,0.961720141109,5.90777644721,38.300000000000274
144,0.118694018498,3.56209198381,-0.41886300414,7.81474039392,38.300000000000274
145,0.107399708418,-3.37585293798,0.916921163362,-10.4492887168,38.300000000000274
146,0.307742747289,6.54124524081,-24.8491770974,3.88176435442,38.300000000000274
147,0.131200194324,17.1399631505,-28.867930308,12.5899374739,38.300000000000274
148,0.142824712247,0.0710319413653,1.73789163122,3.36532787428,38.300000000000274
149,0.380156794025,-1.67429730747,6.89773455155,5.07073233488,38.300000000000274
150,0.212809152648,44.3208978528,-17.4369671949,11.5779124843,38.300000000000274
151,0.208909275158,1.49697792611,0.563649114565,6.39943145693,38.300000000000274
152,0.162571931805,2.3180764585,0.732778617398,4.64807495209,38.300000000000274
153,0.626302644346,4.31952237896,1.7361452755,2.25252521043,38.300000000000274
154,0.145768885831,1.45304912565,-0.935509213847,5.38676030161,38.300000000000274
155,1.28747541149,1.16573991624,2.76291880463,-1.35706721848,38.300000000000274
156,0.364100485952,4.41959677982,0.170936617191,4.93508466468,38.300000000000274
157,0.413874316435,0.147854482922,0.0890458544666,6.29724308985,38.300000000000274
158,0.122664404999,12.9065298424,31.4783444414,40.8791839751,38.300000000000274
159,0.115606378226,0.576408343541,1.43016428515,6.91738451627,38.300000000000274
160,0.198068540827,-3.62992489683,-8.34177584794,0.804857244499,38.300000000000274
161,0.15519726507,2.94192631122,3.54237947247,5.56416603728,38.300000000000274
162,4.42577532195,-3.5671080149,15.1593495245,5.46425300111,38.300000000000274
163,0.195891351398,0.310100034292,2.12915243832,6.37260433186,38.300000000000274
164,0.496149937274,4.45309825284,-0.779216192243,5.70051457191,38.300000000000274
165,0.380702938661,7.04787624315,-3.30307558773,8.36693161542,38.300000000000274
166,1.80603847089,5.16669094724,4.1416004786,6.37491372915,38.300000000000274
167,2.39094957047,3.20270769076,-2.74929894636,3.50980226109,38.300000000000274
168,0.364597606627,-0.243190495965,-1.07050025165,6.47757131139,38.300000000000274
169,0.500299644117,5.10081922551,0.740838699011,6.32803346245,38.300000000000274
170,0.402952403059,-1.00811383636,1.59328366818,7.06644932651,38.300000000000274
171,0.12139242951,1.25366314557,2.52337536135,4.41014620067,38.300000000000274
172,0.189153820522,18.8049493988,-1.62458518324,25.0175961328,38.300000000000274
173,0.221529534099,2.38702590304,4.64408093221,0.997236382723,38.300000000000274
174,0.674118401591,-0.629625593224,1.86487418517,4.91767160154,38.300000000000274
175,0.542301594104,1.52914399494,1.17516956071,0.448442439859,38.300000000000274
176,0.402275261041,-1.03037868232,-0.0620209940662,-2.56147021745,38.300000000000274
177,0.217102261794,1.94309906722,-0.521555429738,5.14957641943,38.300000000000274
178,0.11991879117,-34.2068983973,9.30778162582,-3.75741537125,38.300000000000274
179,0.401163288609,-29.9387385057,6.93417712382,12.3634079504,38.300000000000274
180,0.359188420602,11.1147749019,-7.74287722532,35.9161191936,38.300000000000274
181,0.35459344189,1.8325995012,-2.46023929427,4.09574918281,38.300000000000274
182,0.988334788037,5.89554440317,1.41117450552,4.10209963498,38.300000000000274
183,0.116315518817,-0.204513753585,1.46454701672,6.87903214572,38.300000000000274
184,0.118754452097,-1.02680756722,2.9304002037,1.25457351752,38.300000000000274
185,0.185607884124,0.991247519161,0.601240076865,5.8198996844,38.300000000000274
186,0.848315719636,-32.4962202429,1.26891198055,12.7370515003,38.300000000000274
187,0.124969410465,-1.18097134994,-0.988413824366,5.9296257169,38.300000000000274
188,1.294850569,0.83820495628,-0.0065450761109,6.01668400693,38.300000000000274
189,0.189136288577,-11.979719357,-16.2825289152,34.9218621312,38.300000000000274
190,0.194630734934,1.23394825312,9.45357535121,6.7767552787,38.300000000000274
191,0.148761135234,-5.11688877357,2.80007432752,6.75378238014,38.300000000000274
192,0.482210127775,0.49093368204,2.64477572315,4.62140156687,38.300000000000274
193,0.114321144708,40.745323913,-64.2593936771,46.6342225991,38.300000000000274
194,0.195815219533,27.9603336622,-10.1097896214,-2.27387710524,38.300000000000274
195,0.760858497962,-0.951077571411,3.82338216258,8.86710731477,38.300000000000274
196,0.421345252321,3.55754450258,-1.30203329723,4.84594232841,38.300000000000274
197,3.59568094522,1.50077490609,1.17318386759,6.28666742172,38.300000000000274
198,0.339093194683,6.98929653165,-1.33757841738,4.06277975476,38.300000000000274
199,0.146637908975,-10.6183323779,-12.9690043498,23.8836993994,38.300000000000274
200,0.123135975888,-5.25554008858,1.09694641923,3.92022721322,38.300000000000274
201,0.464225477115,3.93300603927,0.00454436571591,8.19245979883,38.300000000000274
202,0.105985071316,23.4373886579,-24.7521711588,9.13257736087,38.300000000000274
203,2.17102726225,0.402030184232,3.56887772345,6.56311063904,38.300000000000274
204,0.181376028096,8.78046190662,-0.279065326087,2.31165753518,38.300000000000274
205,0.12884492005,1.04586962308,-0.0662550476282,6.84376018899,38.300000000000274
206,0.101980375714,0.724527524331,1.38843925739,5.73653623433,38.300000000000274
207,0.336900691608,0.691453443903,4.77478755741,4.65260030717,38.300000000000274
208,0.166880663498,-2.20459979085,5.96325931805,-30.7400296082,38.300000000000274
209,0.425062807705,1.32895389151,1.37552476189,5.59261832033,38.300000000000274
210,0.121582995672,-9.68450848882,-0.523947555981,7.70163186083,38.300000000000274
211,0.329290771063,-18.5221303821,43.7252207932,-19.6724357106,38.300000000000274
212,0.848427985972,1.3121410263,4.15220075198,7.05692253955,38.300000000000274
213,0.463671232941,-6.56405699663,-8.44427421268,13.8216969643,38.300000000000274
214,0.179100802285,0.407362558658,1.71371137733,7.15327184275,38.300000000000274
215,0.279660688938,-0.646860816119,2.22228329358,6.64610179521,38.300000000000274
216,0.227231430063,17.3293355417,-5.89861952634,17.511481705,38.300000000000274
217,0.26200337504,-4.06243198364,-12.9223931049,-26.0077541488,38.300000000000274
218,0.158307881836,10.818291836,5.75702025539,31.9015117044,38.300000000000274
219,0.244155292811,0.813109291898,1.72147740195,6.4036567012,38.300000000000274
220,0.161761393803,0.517463144196,2.0032686872,6.62026452319,38.300000000000274
221,0.974412963467,2.85671758313,-0.163380073446,5.65615432086,38.300000000000274
222,0.117653218419,-1.71166889519,3.60157098297,4.47025826925,38.300000000000274
223,0.118579208614,0.453965513036,0.189240502039,6.19067907792,38.300000000000274
224,16.6597390735,0.877431670819,0.862823173109,5.97973197337,38.300000000000274
225,0.143532361032,-1.53477793415,-0.848686294386,4.44926493356,38.300000000000274
226,0.103680655942,0.0117697382882,0.0913228782067,5.48623382152,38.300000000000274
227,0.145414128481,0.966203463387,-1.73955104588,4.94609881067,38.300000000000274
228,1.03642235788,1.40280919292,0.994936868695,6.5850040051,38.300000000000274
229,0.450987289914,2.3601168163,2.18582247281,7.19183396056,38.300000000000274
230,0.778617083198,3.36146382008,-4.31869901497,8.41755901733,38.300000000000274
231,0.983897260209,1.61462203554,-1.15086087909,7.05612366364,38.300000000000274
232,0.235988578219,3.46401222174,0.322586984796,4.96469814644,38.300000000000274
233,0.373268148693,-0.282926144256,0.346892510434,5.93571158684,38.300000000000274
234,0.247818038036,-2.41897735938,-13.7910295837,0.0457004308857,38.300000000000274
235,0.123855792031,-4.09946493698,3.15831274897,1.86975187792,38.300000000000274
236,6.78467886296,1.16494008869,1.0080970706,5.49032185173,38.300000000000274
237,0.188186329255,-12.4951064543,15.0696963588,-10.4246692506,38.300000000000274
238,2.46800694685,1.16947328188,2.29960072018,6.65040933907,38.300000000000274
239,0.205802698211,-28.4316061815,15.7589603385,6.10288201522,38.300000000000274
240,0.611939891038,1.57019327154,0.177717266977,6.59754732262,38.300000000000274
241,0.149942180871,5.97288368831,-5.19533356937,-1.45571736525,38.300000000000274
242,0.127095412358,2.6403946395,0.723671730487,4.26074002936,38.300000000000274
243,0.280275605756,-2.06772651177,2.39887999896,4.06932684327,38.300000000000274
244,0.694572663998,1.87407567733,0.257684499259,5.25581670407,38.300000000000274
245,0.433954912606,-3.87166106038,6.46927580788,-10.001972006,38.300000000000274
246,1.04169024356,13.7100446466,-18.4050407325,-6.45233737392,38.300000000000274
247,0.10872113288,2.94574522767,2.69993011926,2.73826606009,38.300000000000274
248,0.139680170823,-2.58172168184,4.35675850978,3.13422103909,38.300000000000274
249,0.274530489123,2.02213618317,-0.576860738091,7.90856732744,38.300000000000274
250,0.244737328334,-1.16587162328,-2.54209936869,5.0654084945,38.300000000000274
251,0.224012078434,2.89242612466,-6.92958993416,7.50507077921,38.300000000000274
252,0.133032405494,3.20793033288,0.647573356553,2.87776379867,38.300000000000274
253,0.124565420132,1.42788582361,-1.31808054437,6.09304651103,38.300000000000274
254,0.211427077952,-1.13880228343,-4.13841332259,6.69814764856,38.300000000000274
255,0.220962020448,16.484227498,-9.99930691323,32.1749773538,38.300000000000274
256,3.65639929439,-5.7759683312,5.97122235971,0.921651162629,38.300000000000274
257,0.142494935113,5.15407338239,2.71483033588,3.19181510318,38.300000000000274
258,0.300736956425,2.55142765431,-4.89167285839,18.526631855,38.300000000000274
259,0.142195829997,1.48745249731,-0.464953737256,4.92653651052,38.300000000000274
260,0.328258825968,1.56601100329,13.0878583131,-40.2735804293,38.300000000000274
261,0.112619867383,-5.3036367237,7.8282208574,-1.09148465091,38.300000000000274
262,0.775739138033,-1.68480709491,10.9266700318,-6.51354056172,38.300000000000274
263,0.233376644605,28.8177700646,-35.6016934981,-11.4874009363,38.300000000000274
264,0.170889016269,-31.7409606291,7.8747837283,0.703228373847,38.300000000000274
265,0.36384682855,-1.8761539876,5.88734633293,11.204089798,38.300000000000274
266,0.261495165449,2.78626480529,0.0693329451081,3.35159347065,38.300000000000274
267,0.148380784134,3.42905764203,2.82132791902,9.22135708223,38.300000000000274
268,0.162585694938,-5.33557957023,-2.10127790238,9.1098510722,38.300000000000274
269,1.17812947102,2.25038809868,1.34617747773,7.93134448032,38.300000000000274
270,2.50474829361,2.4026233702,7.82979887274,1.04968554102,38.300000000000274
271,0.52777925017,3.60579159887,-0.419819070272,5.81174202437,38.300000000000274
272,0.282443432199,-35.2725510956,9.53304559086,10.3627829028,38.300000000000274
273,1.22332103742,-0.376883011647,1.75880502056,5.23063044053,38.300000000000274
274,0.185403702113,-2.42336052243,-2.20506900576,3.41397305192,38.300000000000274
275,0.386788302968,-0.14578097219,1.51357206545,7.1687074996,38.300000000000274
276,0.439176963771,0.257330491176,-9.67509351845,11.8053030716,38.300000000000274
277,0.165362279249,0.0955722933778,1.80792273179,6.32773563306,38.300000000000274
278,0.179016493866,0.482601112664,-1.56373782968,4.7900025423,38.300000000000274
279,0.629041422953,1.74332517345,-0.186880056163,6.03120463811,38.300000000000274
280,0.602525330766,-2.19639768052,1.38452305168,3.67304566934,38.300000000000274
281,0.105753112441,2.92230547439,-3.39662501139,5.12960474113,38.300000000000274
282,0.630588492273,-0.178739667402,1.47346867278,5.9530280573,38.300000000000274
283,0.707866043835,17.9388506047,-12.7813742703,1.09353119877,38.300000000000274
284,0.292272548361,27.5545148596,-23.981763231,-18.331435999,38.300000000000274
285,0.372020391227,3.43449526878,1.55443529231,5.50478430228,38.300000000000274
286,0.127503568843,-0.479334305784,0.597014479103,5.71656063926,38.300000000000274
287,0.412515764423,3.2186634671,-1.00555997934,6.33609895384,38.300000000000274
288,0.770357980892,2.62792272438,0.00991190382559,4.1120411732,38.300000000000274
289,0.992629081848,1.98982817689,1.80109906895,5.73498854831,38.300000000000274
290,0.19470060505,-1.04547489882,-3.21015487311,6.12500510453,38.300000000000274
291,1.97144874705,4.60176126352,2.00084311064,3.73736015306,38.300000000000274
292,0.197316601014,-0.573587552742,1.23867409519,7.30616929754,38.300000000000274
293,0.236875838876,28.9272442221,3.37472450888,-16.0459883937,38.300000000000274
294,2.3549487033,4.23832433884,2.45327218766,3.0749307568,38.300000000000274
295,0.252756300704,-0.907433719903,-1.6879735099,5.50479519937,38.300000000000274
296,0.304961091979,1.61337570124,-3.98846342519,2.85718846192,38.300000000000274
297,0.234573005527,-29.4043539802,29.2867527528,-40.9862745216,38.300000000000274
298,0.121308999563,1.80082623583,1.2818312427,6.87498206352,38.300000000000274
299,0.110584599816,3.1434210169,-1.94064602996,7.73232071724,38.300000000000274
300,0.334710978421,-8.57684341787,-16.4655849986,14.2276251846,38.300000000000274
301,0.676856672485,-12.1858063549,28.7635129573,-21.3460013225,38.300000000000274
302,0.301284560148,1.98575559443,4.55123768909,13.806492209,38.300000000000274
303,0.304739145968,3.55670864882,-0.538424207586,4.80374380328,38.300000000000274
304,0.315018617351,1.51563332359,1.11801173612,3.88686259953,38.300000000000274
305,0.118632476842,-1.59386271446,2.14548988965,5.7114493864,38.300000000000274
306,0.721820518914,1.11550055246,1.41161214967,6.38954497941,38.300000000000274
307,0.260794140507,11.1390266987,13.4366845131,4.41798421238,38.300000000000274
308,0.172474568514,2.3707438842,0.493795987531,6.87726732368,38.300000000000274
309,0.154901705278,3.17336117765,-7.00960967867,-1.37378650377,38.300000000000274
310,1.28889861196,2.46936120814,-0.156181740696,6.39173614431,38.300000000000274
311,0.745519117873,20.4365408552,0.522777874568,26.9885976317,38.300000000000274
312,0.319782643501,-37.6133738904,-12.011164603,-18.4349893629,38.300000000000274
313,3.02490064399,0.960789512271,1.27238099649,6.79572414365,38.300000000000274
314,0.248432148597,0.802040156931,5.47082056545,5.27489750456,38.300000000000274
315,0.329867584835,4.69364080287,-2.97525745838,5.57360783397,38.300000000000274
316,0.139872179895,4.80507638969,-11.0050544729,18.3048648658,38.300000000000274
317,2.6558257098,1.12650876063,0.839603037065,5.66072814382,38.300000000000274
318,0.308589216735,12.3900555293,0.0634136420735,-2.12778545707,38.300000000000274
319,1.63891313843,0.948024670811,1.69388445697,5.13448442381,38.300000000000274
320,0.115498562744,-0.395757766255,-0.768308433364,6.68269947372,38.300000000000274
321,0.617385265083,-0.298161962106,-0.707393121098,4.53200185454,38.300000000000274
322,0.248573687947,2.27323231969,2.94673964338,6.46786568578,38.300000000000274
323,0.166003013082,1.16232934873,-0.171952713213,7.89755859714,38.300000000000274
324,0.141621002248,2.32148316707,0.737340900957,6.30674692346,38.300000000000274
325,0.19831993629,1.84515833075,-0.83624846799,4.30174129102,38.300000000000274
326,0.191015367797,1.47530378447,4.11756216788,8.95389813764,38.300000000000274
327,0.714701443335,10.3176414714,-3.7668084203,-1.0499308157,38.300000000000274
328,0.303810059828,13.5091256818,3.05655890939,19.9506516781,38.300000000000274
329,0.739985673979,0.0700649832326,0.238264927068,4.64995003731,38.300000000000274
330,0.305707421358,-0.630388001655,-5.7841481749,1.68786367164,38.300000000000274
331,0.374688411517,6.05318047439,-4.50828982562,-2.60553327607,38.300000000000274
332,0.161255214778,-31.5494997097,-10.6708365446,1.7696863377,38.300000000000274
333,0.333917521094,1.09666938038,-1.8757530211,6.39879230581,38.300000000000274
334,0.109660794144,5.44572115026,0.144615675233,4.43060182882,38.300000000000274
335,0.450865275387,0.441168242477,11.6184018866,0.549772355802,38.300000000000274
336,0.25907441118,5.50013759767,-1.13298929261,10.1102314081,38.300000000000274
337,0.108421136633,-2.83777958806,-0.706249093715,4.58990978993,38.300000000000274
338,0.146984811233,3.90710086349,0.150632949151,5.6518800031,38.300000000000274
339,0.150032379243,-8.00283306602,1.29881088769,8.64044288594,38.300000000000274
340,0.454461748623,2.19634559652,-4.24611455471,31.2059537239,38.300000000000274
341,0.368061449886,-23.451667575,7.51655005193,-34.9291463092,38.300000000000274
342,0.152665461407,0.0489175895199,2.91971618925,5.70753649637,38.300000000000274
343,0.355172267383,15.4056449926,-2.97435930951,18.6172430285,38.300000000000274
344,0.19606625457,1.74669144843,1.11604417688,6.55108787531,38.300000000000274
345,0.444336264877,2.61697713464,0.303911983065,5.77537671811,38.300000000000274
346,0.158450034334,-1.75497052927,6.07010083256,8.31846958458,38.300000000000274
347,0.25823839882,-0.295321295346,1.07758999062,4.98849861985,38.300000000000274
348,0.944183588312,2.51622032855,-0.431648822289,5.66351372962,38.300000000000274
349,0.417809405183,5.75086562811,-0.828863327296,1.44795298675,38.300000000000274
350,1.40288518001,6.08627506269,-0.187401514285,7.45404194054,38.300000000000274
351,0.634856788573,1.6802832075,1.56559819481,4.51956069871,38.300000000000274
352,0.112429488043,4.57863793755,1.91353948258,2.31287838149,38.300000000000274
353,0.113571584164,-0.646997045866,-0.560093857135,3.09286157231,38.300000000000274
354,0.248276642231,2.67139219022,0.380455099943,4.31166900874,38.300000000000274
355,0.308087540971,1.19469778606,0.698756769358,5.73650330425,38.300000000000274
356,0.662307152952,4.25320699425,-4.09970491473,6.96907148444,38.300000000000274
357,0.53657294863,2.61782340229,0.288372556252,5.23614056089,38.300000000000274
358,0.260989066174,-0.712980902702,1.84988979879,5.89458449419,38.300000000000274
359,0.186654154707,1.11926612871,1.86084890267,6.99444807064,38.300000000000274
360,0.23538380207,2.22250322726,1.66975643555,1.70747499782,38.300000000000274
361,0.116408542067,4.1532046208,-1.12448509617,8.42552038513,38.300000000000274
362,0.194928485103,1.7787048843,-5.03396071537,4.69561174842,38.300000000000274
363,0.318399430331,-7.75958439566,-2.99851470142,15.0093007009,38.300000000000274
364,4.54285384972,1.35105270872,-0.448929101019,5.89232599454,38.300000000000274
365,0.461724780664,8.17227915097,-2.4946231298,3.72413610781,38.300000000000274
366,0.59207151224,0.735514479991,-2.77634028822,17.5357085327,38.300000000000274
367,0.113972392488,0.51121797306,4.4340939246,8.29572421993,38.300000000000274
368,0.422678718368,-0.677680226434,21.7042187248,-19.1499933573,38.300000000000274
369,0.101561201183,0.128349148382,5.54777883199,11.4494293053,38.300000000000274
370,0.429795465888,-21.131553275,8.66991345921,-10.208173883,38.300000000000274
371,0.329942600151,1.59126614863,1.00887655127,6.28174557337,38.300000000000274
372,0.167146453042,-0.579256470513,0.860399217613,6.49279080705,38.300000000000274
373,0.451229672337,4.23166378625,0.352695646063,7.26145211744,38.300000000000274
374,0.152160086168,-1.61348517356,27.5313203774,-0.959114906782,38.300000000000274
375,0.538940963416,0.629320444501,3.30702668409,3.85320999426,38.300000000000274
376,0.538829946564,1.23330616635,-0.703457255821,7.23634633188,38.300000000000274
377,0.8611853896,-0.995997777703,-1.17938819654,8.23019983596,38.300000000000274
378,0.121659269172,-1.23596961583,8.53847758768,1.39798724441,38.300000000000274
379,0.196278735232,22.2580206401,9.59086595617,16.1556599907,38.300000000000274
380,0.23105368704,-12.4559036055,-6.03321111192,-6.68942956545,38.300000000000274
381,0.429395640189,1.13471022876,-0.872321636291,4.96921924798,38.300000000000274
382,0.953661366444,3.66704907607,-0.334951624011,7.69198645462,38.300000000000274
383,0.576720959266,3.69517438456,-6.99522005847,7.18475520268,38.300000000000274
384,0.159596639123,8.69105741898,-13.6211702998,-10.6159145438,38.300000000000274
385,1.96789546669,3.17405895492,0.276032980635,4.37908097082,38.300000000000274
386,0.619435159193,1.43487917139,0.481731007691,5.09928702998,38.300000000000274
387,0.187688780513,-1.30470040633,1.05905121971,6.06957129067,38.300000000000274
388,0.513649083146,-0.946345087411,4.13507587208,20.1622504095,38.300000000000274
389,0.291736544273,0.439986032931,-2.80108630411,2.64299655385,38.300000000000274
390,0.284094739083,2.88166089678,0.150325856036,3.09669185241,38.300000000000274
391,0.344097818719,-8.1353523735,19.6116029802,-14.8730579161,38.300000000000274
392,0.232421158733,1.03226516807,1.0044743736,6.39566971636,38.300000000000274
393,0.177815571336,5.60177621878,1.39463650314,4.8432377436,38.300000000000274
394,0.132377319263,0.218250287442,-0.645174690833,4.11353501577,38.300000000000274
395,0.152963659579,1.1914124662,1.89307047887,3.49741090366,38.300000000000274
396,0.400634371003,-4.03798143161,0.153624324664,2.57062509412,38.300000000000274
397,0.220929587845,1.04644476928,0.518275753972,5.61042405914,38.300000000000274
398,1.78576885696,1.54831391294,0.102487226976,5.70388237046,38.300000000000274
399,0.35490383336,-0.253990576891,-3.12468881617,5.81708577507,38.300000000000274
400,0.16042875004,3.83341058109,-3.75647418939,5.88557656624,38.300000000000274
401,0.20449769047,1.76997933317,0.445985648871,7.14974523027,38.300000000000274
402,0.16361420402,2.73020055785,0.379388833347,6.01180071353,38.300000000000274
403,0.643524822047,2.96712553738,0.398386744627,7.28475681795,38.300000000000274
404,0.139437285294,0.200832801737,1.41739237902,4.29089313569,38.300000000000274
405,0.206326292578,1.75845010581,-0.434010960397,9.62864190191,38.300000000000274
406,0.799848907749,1.5965997977,3.72438396553,5.24893848517,38.300000000000274
407,0.136464171489,1.5294118174,0.707264823089,7.66000507898,38.300000000000274
408,0.509697848258,3.57657759147,-7.69104604203,7.58974095668,38.300000000000274
409,0.124600595503,-4.2780598942,-11.5491616952,-9.327696751,38.300000000000274
410,0.243959261193,-13.9324608859,11.8093222827,-13.7545641985,38.300000000000274
411,0.124799940102,2.45403089574,-0.607058786201,9.38594813005,38.300000000000274
412,0.370155749728,38.7171472204,-17.1882464301,-20.1557682128,38.300000000000274
413,0.263180484215,1.52392179225,0.565829224628,5.59628694702,38.300000000000274
414,0.108294260654,-2.28602426376,5.51618048536,7.45722096275,38.300000000000274
415,0.476012036035,1.17832006019,0.92425509538,5.10005723383,38.300000000000274
416,0.163801765095,18.3680749233,-2.38327588104,-27.8586737243,38.300000000000274
417,0.336435973278,-1.26215844736,4.04291445864,11.1170469772,38.300000000000274
418,0.346281634796,0.980503666586,1.20315061205,6.90588384024,38.300000000000274
419,0.1717794236,-2.32688347422,4.1091276232,3.56814365615,38.300000000000274
420,0.360871393353,-0.313724982629,0.846255185439,7.18644324869,38.300000000000274
421,0.197774406514,31.1747693576,-22.9547988556,26.3090891887,38.300000000000274
422,0.183953576822,7.51455393796,-18.2115763039,6.9321131274,38.300000000000274
423,0.205065607186,-5.39460697274,3.5259683455,1.6829979977,38.300000000000274
424,0.212102035127,2.26258061024,0.0721354817772,2.05891401448,38.300000000000274
425,0.422731782076,4.35157079746,3.21699355905,6.34169186283,38.300000000000274
426,0.130748377891,-6.09671006158,2.12392174325,-3.93921547813,38.300000000000274
427,0.191761077444,2.47753950439,0.0877394794688,6.40788092052,38.300000000000274
428,0.412522258399,0.992476223583,0.320195628664,3.84789500638,38.300000000000274
429,0.2505125952,1.10387982687,0.870577963097,6.09780960325,38.300000000000274
430,0.199728066146,1.03170733876,2.48400026716,5.73995397868,38.300000000000274
431,0.153551451604,3.6770312493,5.2699695651,12.1201222145,38.300000000000274
432,0.140314222095,-1.6832188797,-0.389234972513,6.29999444543,38.300000000000274
433,0.18112488959,-25.0620670618,-2.97960094688,30.3410198531,38.300000000000274
434,0.368810067555,0.0249189734469,1.15818524763,7.22380832185,38.300000000000274
435,0.269092320189,-3.90721075353,5.80270379133,11.3209609829,38.300000000000274
436,0.388826816883,5.32718743906,0.716387876412,3.15727446231,38.300000000000274
437,0.109055654641,1.9265002355,-0.889290732981,5.19797969274,38.300000000000274
438,1.20059778582,5.40868968681,2.31543923357,2.76194227598,38.300000000000274
439,0.157648926647,-4.89074331451,9.24064983339,-0.184521538444,38.300000000000274
440,0.142419835742,2.63769794245,0.332635205377,2.62649130298,38.300000000000274
441,0.10308234959,17.375498681,11.3595879216,-10.3974458925,38.300000000000274
442,0.486655338347,-13.0838352629,-5.80723229517,-0.408687856161,38.300000000000274
443,0.472369687992,0.86426312435,2.35925052827,4.65731402353,38.300000000000274
444,0.245864303257,-7.67887037166,3.6205094725,4.72344611725,38.300000000000274
445,0.337776969423,4.235168606,1.67041322562,6.81002102051,38.300000000000274
446,0.14914293233,1.84906285195,0.821338456831,5.88355302867,38.300000000000274
447,1.21231562036,-0.314994949514,1.25527741698,7.33151232827,38.300000000000274
448,0.113993627295,3.7336260926,0.798558181155,4.23894349442,38.300000000000274
449,0.334765969148,-3.5851286995,5.34665512382,8.20392544394,38.300000000000274
450,0.15268082641,4.07127178129,-1.7318291694,2.84182330106,38.300000000000274
451,0.221359666044,0.830472005188,2.77582272563,4.3950320707,38.300000000000274
452,0.108528035251,24.6555095831,11.9954920558,-18.5857844238,38.300000000000274
453,0.253344782606,0.0799212063521,-0.549866872326,4.91003374957,38.300000000000274
454,3.10227368519,2.26717992489,0.457995084094,6.2981702264,38.300000000000274
455,0.339488138375,1.13216899341,1.579240313,4.40579329573,38.300000000000274
456,0.110489919863,0.693787032251,1.16514808297,5.04288440175,38.300000000000274
457,0.216495007574,3.12686784056,0.613403908278,5.96803445144,38.300000000000274
458,0.338270146521,1.06193873132,2.9254416128,5.38947018907,38.300000000000274
459,0.396414186628,-1.16596537817,-2.73372761457,4.71085004178,38.300000000000274
460,0.403349663105,3.18387963698,-1.01237261752,7.65096160619,38.300000000000274
461,0.1767195734,1.93522092912,-2.42051475787,4.02507067883,38.300000000000274
462,0.182188205014,5.97871951651,4.85543234723,2.22236521714,38.300000000000274
463,0.116887573292,3.22770969641,-12.5059634826,-2.09368913654,38.300000000000274
464,0.168077529764,1.67062245337,-1.99163987951,4.18483525801,38.300000000000274
465,0.128271364923,4.86080406974,-2.45256373772,4.00967562216,38.300000000000274
466,0.972341657091,1.26152597888,0.42584040711,6.4040751844,38.300000000000274
467,0.155592818754,-1.34934174632,-1.40817192802,6.10497146745,38.300000000000274
468,0.120473597314,0.473828074472,3.44847874381,5.29936505365,38.300000000000274
469,0.137893801369,1.44030852597,5.10287200972,22.4469674907,38.300000000000274
470,1.60439578359,3.67916460344,0.304743308523,6.36616424626,38.300000000000274
471,0.267209990798,-1.83601724474,22.5890650132,49.6859021961,38.300000000000274
472,0.739342788076,0.764106854479,1.07927014833,8.88218108301,38.300000000000274
473,0.169025320116,-0.0538465000483,2.48070582078,7.32136736524,38.300000000000274
474,0.545244703425,-0.0919773002457,0.263830249289,5.1231112599,38.300000000000274
475,0.363020690955,0.298564135238,-6.18980708986,-8.4859713956,38.300000000000274
476,0.290108312002,-0.515430164221,-0.427669369403,5.57947940255,38.300000000000274
477,0.904174816105,3.0446135549,2.04906866644,5.81442740545,38.300000000000274
478,0.334128743294,1.82905840698,3.95787007039,5.48100658491,38.300000000000274
479,0.111067492215,1.98286605933,-0.657368311212,5.4194874895,38.300000000000274
480,0.256957834619,1.99479539266,3.43954248217,6.52196663603,38.300000000000274
481,0.539164275723,17.3119843911,8.9368774571,0.61303697303,38.300000000000274
482,1.78880152921,3.3038080805,-3.25954049637,5.59122445459,38.300000000000274
483,0.967764278311,0.544909349726,-0.211317725246,5.81061911337,38.300000000000274
484,0.329593670168,1.37314136718,-0.413739680212,12.7354862143,38.300000000000274
485,0.103934804625,2.68034586352,-5.25837900186,4.80219207427,38.300000000000274
486,0.119118856815,0.400788230914,-1.88473943116,6.96659469764,38.300000000000274
487,0.105618127569,27.9107556418,-16.1642935414,-7.7120182107,38.300000000000274
488,0.114607500639,3.2741927218,1.06532862227,7.36753334823,38.300000000000274
489,2.61076252876,4.33898454448,-1.66524536502,8.64720537645,38.300000000000274
490,0.106197562988,3.03306502663,1.70347192228,6.51835236828,38.300000000000274
491,0.675607010492,1.06728259445,0.102385130707,3.64085255132,38.300000000000274
492,0.151100853431,7.41873983191,3.57817495847,6.65112813917,38.300000000000274
493,1.84645185292,-1.77698167611,-0.934197743954,10.6927528191,38.300000000000274
494,2.05729978013,2.49292700908,-0.0812143200192,5.26977532741,38.300000000000274
495,0.242623012332,1.57111755633,2.24850121028,1.01184238656,38.300000000000274
496,0.307516621242,2.65960947326,2.11798832138,-10.8668210392,38.300000000000274
497,4.20831177935,-4.78019877428,2.81386018694,8.59799494683,38.300000000000274
498,0.111036152831,1.56613987881,0.887367649544,9.42814718242,38.300000000000274
499,0.105933703374,1.68425659437,3.14413471304,8.77260549237,38.300000000000274
500,0.10806347097,3.33740393745,2.86237277914,2.14399211154,38.300000000000274
501,0.113423203805,5.68502481862,7.00251243711,10.2697039205,38.300000000000274
502,0.183635176693,2.10812165151,-11.2858984564,-21.4903926187,38.300000000000274
503,0.200624777959,2.21170069186,2.16816691271,2.12899917792,38.300000000000274
504,0.579848644014,-3.34921702226,7.20813552618,4.38733068281,38.300000000000274
505,0.508444817886,-2.77652260565,-3.14349143903,4.50073052307,38.300000000000274
506,0.62522507691,3.2298561866,1.17083446728,3.25522087687,38.300000000000274
507,0.627685125861,-14.8955023158,15.4756942369,48.5628733098,38.300000000000274
508,0.291281275583,5.01652595783,2.4009009429,3.67012012358,38.300000000000274
509,0.13412863902,1.53241695639,-0.321933980815,4.95759208831,38.300000000000274
510,0.206906272797,0.948314799907,7.8539907606,3.98001722116,38.300000000000274
511,0.69000931127,5.90752493018,1.22035828916,8.16248296033,38.300000000000274
512,3.46044665424,14.3457301787,6.58868305651,10.6007698299,38.300000000000274
513,0.505683558172,-1.67898947151,-1.19289124083,5.96738986333,38.300000000000274
514,0.381442998383,1.06438751755,0.105346753389,7.70094413082,38.300000000000274
515,0.313143896559,4.82747364257,-7.19365647557,7.01911743855,38.300000000000274
516,0.15919558765,-0.0416352391604,3.72485394393,6.47810996469,38.300000000000274
517,1.55943850327,-0.929833712127,-5.05923559624,-1.12886380108,38.300000000000274
518,0.57253237475,-1.65438682677,-0.781773473305,1.66425403467,38.300000000000274
519,0.667114704342,1.70657986675,-0.886894519851,5.72688903477,38.300000000000274
520,0.504560717622,3.77291048812,-3.67503834627,-12.6058547049,38.300000000000274
521,0.105349457047,1.55842918288,-0.0174498322456,7.64615757912,38.300000000000274
522,0.292201212764,1.70301902273,-0.701518544084,8.34730017176,38.300000000000274
523,0.458857808635,1.37833478976,1.01852087953,4.8692297775,38.300000000000274
524,0.342819031021,1.29815347251,0.824894526921,6.6933561483,38.300000000000274
525,0.670326564889,2.67362920432,1.77392087018,6.55525963264,38.300000000000274
526,0.477447053052,1.54258528144,-0.101308005123,4.58021067136,38.300000000000274
527,0.377756242478,0.802640947392,3.66563769879,3.91120601814,38.300000000000274
528,0.407398427596,10.303846425,0.39790877244,11.5336470111,38.300000000000274
529,0.267868086702,2.10124656569,1.54069881252,4.80947454995,38.300000000000274
530,1.59630929759,1.8456496623,-0.0836877506268,5.67559125295,38.300000000000274
531,0.189396054649,-0.0219844713899,-0.439208758717,4.58925097708,38.300000000000274
532,0.479202274604,15.5844624018,5.99995764997,11.5721472588,38.300000000000274
533,0.114056307624,4.88855793433,-7.14544600036,11.0224110071,38.300000000000274
534,0.139692662115,0.482493688945,1.95452061413,6.13255504972,38.300000000000274
535,1.25972718607,2.09636810928,0.270851375348,2.74318767583,38.300000000000274
536,0.178090045937,1.18769899718,1.41789585669,5.72251588307,38.300000000000274
537,0.119150227672,1.1328576917,0.556100975781,2.9952280413,38.300000000000274
538,0.29472473594,0.982923971564,0.280894372133,6.11042226033,38.300000000000274
539,0.663252568537,-1.99834128072,2.19196660193,6.08471721121,38.300000000000274
540,0.714426635692,-1.86902555931,0.496527172824,3.76245210825,38.300000000000274
541,0.459705902485,-0.411363109436,-0.00334770878762,1.73645140465,38.300000000000274
542,0.211709227863,5.16820464729,-1.16309903956,6.9814981078,38.300000000000274
543,0.126996554057,-5.7799341714,2.6524020004,8.04995754399,38.300000000000274
544,0.26950580562,-1.62013739751,4.69368565418,5.26412539207,38.300000000000274
545,0.116327737157,1.43820305862,2.26820668067,8.14667986383,38.300000000000274
546,0.304747361651,11.9993759493,8.62933126585,-0.766220357268,38.300000000000274
547,0.221539237334,25.6637948637,-45.3872824646,4.7025149209,38.300000000000274
548,0.595400643868,-17.8073878771,16.0148985187,-3.09613517583,38.300000000000274
549,0.142517062978,-1.99216724635,1.13083062778,5.04672906887,38.300000000000274
550,2.57041598073,0.585399842747,-4.1699655451,1.76708951541,38.300000000000274
551,0.229594628975,3.72145731371,-4.04014802245,5.02879202066,38.300000000000274
552,0.445195642469,2.91598829405,-1.42782469863,4.13557929365,38.300000000000274
553,0.297078445145,1.91177558599,1.80572008737,8.41066585447,38.300000000000274
554,0.27917364293,5.71317428809,-1.58051852256,2.73590133271,38.300000000000274
555,0.136162273041,1.84667057881,4.38316188032,5.49086014228,38.300000000000274
556,1.50093958183,-22.3553415363,-16.2361014237,23.4316123437,38.300000000000274
557,0.120991958446,-5.00204554617,-9.20061124932,-3.38958593561,38.300000000000274
558,0.159365730623,6.33718314891,-14.5754756753,12.2178508841,38.300000000000274
559,0.155497338873,4.49002552196,4.55804128522,4.97947872624,38.300000000000274
560,0.13231737346,7.67155759468,-1.09678137837,4.87873026907,38.300000000000274
561,0.192602626147,1.62362539684,2.60194871792,6.02495302414,38.300000000000274
562,0.217952837873,3.67538650363,-0.634802556535,5.73543254386,38.300000000000274
563,1.27732404858,0.576256325928,-4.32041702051,6.4469279255,38.300000000000274
564,0.659227213224,0.569408184287,-3.40467762689,5.57129400051,38.300000000000274
565,0.316988092519,1.34507772944,0.756853710288,5.11883236966,38.300000000000274
566,0.445751915321,-23.8906121048,-2.8457027315,5.08012749609,38.300000000000274
567,0.134101793292,1.9123696609,0.728144630156,6.0226357403,38.300000000000274
568,0.119101983322,-0.0783663406827,-0.552775425776,6.79793955736,38.300000000000274
569,0.225989663851,-1.8385010305,-1.55015249109,4.20844513625,38.300000000000274
570,2.95614770695,0.106093104127,0.855030459626,4.84138923263,38.300000000000274
571,0.119833471685,0.693474910122,-11.4996653001,12.0022415493,38.300000000000274
572,0.116798997135,-10.0774676371,-41.1597114634,2.17134933962,38.300000000000274
573,0.130017305548,1.34208954348,1.52501009597,8.035927413,38.300000000000274
574,0.206979499566,-2.00731732261,2.15032755958,5.60132981795,38.300000000000274
575,0.366068273966,0.982835905634,1.14580711328,7.53180416146,38.300000000000274
576,0.108534441073,4.22972110145,1.40874203536,6.81340414909,38.300000000000274
577,0.18001308461,10.3210834034,26.3622857576,18.946416537,38.300000000000274
578,3.24291367014,0.645324456541,-0.372069805349,9.72974857591,38.300000000000274
579,0.315286857464,1.79547774283,2.81886986314,6.42702167464,38.300000000000274
580,0.228307498826,3.71677321931,-3.94802855451,5.73208725272,38.300000000000274
581,0.122182795607,-0.672776810741,1.04106030858,7.9985813332,38.300000000000274
582,0.790422003704,-1.94353756877,3.5545104831,9.52610246738,38.300000000000274
583,0.200419154046,-15.5106544244,-18.1582255453,20.7922167241,38.300000000000274
584,0.63337459386,2.77327764749,0.448780140072,5.20252677023,38.300000000000274
585,2.73522061969,1.11740124867,0.856979565356,5.75987128027,38.300000000000274
586,1.83508659799,2.25246056846,-0.637550562876,4.5622255062,38.300000000000274
587,0.545775293698,0.767034575189,1.88261591288,4.59084113071,38.300000000000274
588,0.117651556317,1.76739186767,1.50575797041,7.35674951827,38.300000000000274
589,0.166285278939,7.73959023804,-4.31021676099,7.22346075835,38.300000000000274
590,0.218648537707,2.47351074364,1.48815110561,5.19842086319,38.300000000000274
591,0.164524804978,-15.2476703033,3.77289797902,-3.53660236547,38.300000000000274
592,0.256298653047,7.44905510116,-1.54927081275,6.10181218515,38.300000000000274
593,0.191088140597,-5.20896718521,6.36662321445,1.60996729479,38.300000000000274
594,0.806944871872,6.25532850034,-0.632897742589,14.0441968648,38.300000000000274
595,0.49719755083,-1.40837961401,-1.86993197656,-20.9754371882,38.300000000000274
596,0.105629154949,-31.7334796904,10.5614751223,11.7305364498,38.300000000000274
597,0.19797500348,-0.0457629355356,-0.923162972048,5.18913332953,38.300000000000274
598,1.97644312203,0.42941093728,0.0955002816925,5.7987170028,38.300000000000274
599,0.125693471675,1.72029729319,0.546783602243,4.49314593962,38.300000000000274
600,0.169370757448,2.18764647502,1.67775820422,4.81933051193,38.300000000000274
601,0.271445578772,-7.55115093664,22.6206838937,-8.19319836074,38.300000000000274
602,0.376896858045,0.268103245012,1.95266104269,4.51839664789,38.300000000000274
603,0.131646425678,1.90727873408,0.400515352109,7.48758564116,38.300000000000274
604,0.506570560612,30.6524000873,-16.1422799117,0.0646783557456,38.300000000000274
605,0.260292720026,0.603093258343,1.07653114238,6.60289747884,38.300000000000274
606,0.11327159946,0.161679019465,1.51099372252,5.89890027475,38.300000000000274
607,0.126068155121,8.61295794487,-3.82777841006,24.560176719,38.300000000000274
608,0.429502416359,0.401328903853,-1.62427133319,5.78781205774,38.300000000000274
609,0.194444610869,0.287450492363,-1.76912139336,7.82940011951,38.300000000000274
610,0.318770357204,23.9467207401,8.95937497927,-11.8478572553,38.300000000000274
611,0.149471781032,-15.3879483469,-10.7261505101,-4.23231362814,38.300000000000274
612,0.385887677616,1.28212947387,1.30748475231,7.02663522725,38.300000000000274
613,0.437407727049,16.6755030546,8.01467616032,-10.1057389216,38.300000000000274
614,0.540632291981,-3.90145972234,-0.0361639732168,2.78924183632,38.300000000000274
615,3.52532303262,1.26330308145,-1.41022691852,5.5924778383,38.300000000000274
616,0.152869767347,0.502836397795,0.393595904863,5.98655145846,38.300000000000274
617,0.436081186938,-0.463682600143,-3.72278103049,-1.03644033274,38.300000000000274
618,0.284241762464,-3.11913525973,3.21095192405,5.76146665048,38.300000000000274
619,0.149391000518,1.16370179545,1.04539308156,5.77983156024,38.300000000000274
620,1.86577365915,1.23850355902,1.82083050174,5.01699823573,38.300000000000274
621,0.55201394657,0.674447491194,0.838879528449,5.40486164042,38.300000000000274
622,0.464327722227,0.285786194196,-1.14711869521,4.73708442125,38.300000000000274
623,0.186084605298,-0.860592774702,-1.86056296611,5.93108761626,38.300000000000274
624,0.726963768254,-4.19615800805,1.96978610959,6.98326428252,38.300000000000274
625,0.256567201608,1.71798914293,1.29794311819,6.24847863472,38.300000000000274
626,0.515026684827,-32.2330599814,20.3684992571,13.660420371,38.300000000000274
627,0.108496285563,3.26465538376,6.32380780304,7.42049309062,38.300000000000274
628,0.474352851736,6.11298825286,1.44749535218,0.663105199709,38.300000000000274
629,0.47138765415,2.12847442033,2.0380018147,5.17712362513,38.300000000000274
630,0.244732080372,-0.675298933649,-3.91722487815,4.18888037471,38.300000000000274
631,0.472626298739,0.0781818934531,0.45001533316,5.45513477666,38.300000000000274
632,0.144293557056,-6.11188642403,8.11462323401,-22.4612449427,38.300000000000274
633,1.94449013986,1.86816913334,-0.895277090504,6.20089549047,38.300000000000274
634,0.57620480302,-0.728319104001,1.80288650098,5.29587764722,38.300000000000274
635,0.517220447,-0.267389511443,-1.86993117218,4.72044216691,38.300000000000274
636,0.204485566891,-2.20212110754,1.52717346148,4.14646988264,38.300000000000274
637,0.109553105048,5.30835371766,-3.42052111693,2.96742284583,38.300000000000274
638,1.50693147904,1.37106239217,0.162845514712,4.50887971102,38.300000000000274
639,0.263264112513,5.31848708252,-5.34245569777,-0.371536621492,38.300000000000274
640,0.24069110005,1.21766528721,-1.11470153708,4.91364070237,38.300000000000274
641,0.340946722298,0.524650801646,0.565106097376,6.52954548471,38.300000000000274
642,0.117744290103,1.69760730059,5.24264463163,5.98070028952,38.300000000000274
643,0.187896758639,0.399438214457,1.08326436152,3.66329975177,38.300000000000274
644,0.890176708742,26.8677234928,-35.2423953239,-3.07995153887,38.300000000000274
645,1.32768155477,1.33482578986,1.03552509274,5.31009479694,38.300000000000274
646,0.388794123961,4.5799102592,1.5297498271,1.45687878874,38.300000000000274
647,0.133418542375,1.41818677792,1.56120142447,6.91253457846,38.300000000000274
648,0.251027717889,1.51263433155,0.343200054519,7.50616442624,38.300000000000274
649,0.132000285346,3.11539146455,2.16991365696,2.65328232248,38.300000000000274
650,0.127547246748,-11.9522604769,-16.6845606538,2.26813577666,38.300000000000274
651,0.27098189828,-7.75804990198,3.19811393159,-22.7593731109,38.300000000000274
652,0.515138297802,3.11337470234,0.442613071064,8.29800048745,38.300000000000274
653,0.131020538019,8.59437286665,-2.70829399681,7.55760346852,38.300000000000274
654,0.201054403522,-19.4959203654,-1.96638332801,-2.31048574124,38.300000000000274
655,0.149662158844,-13.9811061722,-16.8241179728,3.63593411705,38.300000000000274
656,0.103332021123,2.86333421372,-0.418335045488,8.65211715793,38.300000000000274
657,0.430500586565,4.42555509729,2.74034698832,2.65498842773,38.300000000000274
658,0.189965063875,0.448823489993,2.53602638768,5.61720315626,38.300000000000274
659,0.33183357771,0.343676377035,-0.223045283306,7.89618865431,38.300000000000274
660,0.182849042999,2.29943009051,-1.70294817818,3.94124846173,38.300000000000274
661,1.41742607938,2.97442137536,0.726494697808,5.89012633312,38.300000000000274
662,0.107039313383,-7.29409951845,1.86752157395,-9.97253230767,38.300000000000274
663,0.100628983172,0.0650915623955,1.43304522123,5.83940189154,38.300000000000274
664,0.202810143713,-0.0706348614518,-0.20174324551,4.36546367624,38.300000000000274
665,0.474157485909,4.50191956309,1.58320215689,3.76641400002,38.300000000000274
666,0.280231322776,1.87385102682,-1.03481350669,7.43659646055,38.300000000000274
667,0.113808596866,2.4699641133,-3.05817029649,5.75380655913,38.300000000000274
668,0.184068790671,9.83902955816,14.7828541661,21.1791263283,38.300000000000274
669,0.244042705692,1.59257718226,6.40481760594,2.3167430866,38.300000000000274
670,0.298947957547,0.835494832692,-1.10683217923,6.4914141882,38.300000000000274
671,0.283521394911,-0.115946635652,6.74869991669,-19.4406533104,38.300000000000274
672,0.105213871666,0.548614706034,-1.54815693875,3.53385388009,38.300000000000274
673,1.02678636621,-15.2086471108,-11.4322651885,-10.1973021968,38.300000000000274
674,0.542677400701,2.09260138295,2.5001820918,4.85321545731,38.300000000000274
675,0.151223161763,-1.44761729914,3.69447520431,13.1821418948,38.300000000000274
676,0.436158123734,3.22960744596,-0.945913080702,4.51982261178,38.300000000000274
677,0.862447017855,-0.0199464827537,-0.427993053339,5.2870604431,38.300000000000274
678,0.138006563987,0.250251259197,5.98891881388,5.7733238961,38.300000000000274
679,0.199468832431,1.41501760359,0.295806693708,4.47066999937,38.300000000000274
680,0.176123834168,-11.3890173195,9.6762152639,-15.0264224797,38.300000000000274
681,0.374894640893,-5.02573832287,1.39457522364,8.09140446501,38.300000000000274
682,0.135458527281,-13.2007871462,8.13407594585,4.30407875829,38.300000000000274
683,0.136463252987,2.56168396639,-2.92708504281,4.22590379571,38.300000000000274
684,0.168527644525,-5.45888019484,-1.14631635276,-5.50425552316,38.300000000000274
685,0.34955201514,2.87006169742,-0.274233668554,5.18582851466,38.300000000000274
686,0.158452812346,2.3713839888,-3.69985415878,2.95077658248,38.300000000000274
687,0.311041015647,-2.33751839912,0.41805096034,4.75263766403,38.300000000000274
688,0.14758844971,6.63037625921,0.767210849311,9.76352606427,38.300000000000274
689,0.316639408366,-0.825242387322,0.33347375009,0.305292278051,38.300000000000274
690,0.844460989465,-18.3914876824,7.54380363627,-9.89835920689,38.300000000000274
691,0.142743901628,-0.406270749781,0.787327617917,5.31604903318,38.300000000000274
692,1.57025870556,2.22709863731,-0.148050502854,6.1541675879,38.300000000000274
693,0.162468220391,2.70350123077,2.21104422979,6.70356098946,38.300000000000274
694,0.19081635072,4.87674846694,2.69963761255,6.37443071714,38.300000000000274
695,0.276592649328,4.47900139424,-2.07932656493,4.3837240846,38.300000000000274
696,2.1069561885,-3.58081625592,2.40774331599,13.2279520048,38.300000000000274
697,0.669365484116,1.19604187497,-0.264135670992,6.16493482373,38.300000000000274
698,0.347016467394,2.1550817809,-1.42995780739,4.57533985863,38.300000000000274
699,0.480138735791,1.14654013801,-0.100292182203,8.10185601539,38.300000000000274
700,0.119191746425,5.54987889509,-3.0676293962,-1.50852959297,38.300000000000274
701,0.412989200416,-0.339288368154,-0.479587791609,7.45438548136,38.300000000000274
702,0.150120901255,3.29040303463,0.763079115684,5.95742144322,38.300000000000274
703,0.350095340145,0.92789942292,0.428096716682,5.44431001702,38.300000000000274
704,0.218835244446,-11.7546646226,15.7576435645,14.1403101787,38.300000000000274
705,0.136131667059,-5.61749114937,1.0697187028,-4.45882381574,38.300000000000274
706,0.104907312724,-2.92990264992,3.01785605817,7.87651705739,38.300000000000274
707,0.526206873753,1.08877392035,0.565054109939,6.99904489938,38.300000000000274
708,1.42070471072,2.26404327289,0.79830117011,5.59637147689,38.300000000000274
709,0.557507630104,2.28837756798,0.927261736562,6.90268196281,38.300000000000274
710,0.31153961117,-3.48717937436,1.26837144176,6.07300369214,38.300000000000274
711,0.354289967135,-1.03096364079,12.3595519646,20.4498490881,38.300000000000274
712,0.196129832439,-0.499052092764,-3.40122787697,8.49845368212,38.300000000000274
713,0.309792604477,1.16279134001,0.954433139178,7.48488800988,38.300000000000274
714,0.139156881979,-1.56060886425,-1.46201194795,3.6416963903,38.300000000000274
715,0.138856774956,0.722912105597,-0.244907385417,5.55405264458,38.300000000000274
716,0.322185994122,-3.09885325143,1.69534638876,12.5327701506,38.300000000000274
717,0.181964263613,2.45255161905,0.128631512731,4.94799367824,38.300000000000274
718,0.223932925026,-1.30874456861,-1.07257002254,11.0408230042,38.300000000000274
719,1.10250219132,-2.53444338205,2.31307769672,9.10815240227,38.300000000000274
720,0.352979314161,2.02334768261,-0.525947207227,6.86117336406,38.300000000000274
721,0.209296737784,1.19778155074,0.96296683364,6.02507055885,38.300000000000274
722,0.206818037694,3.55188795511,1.71949795036,5.53609013925,38.300000000000274
723,0.273260991223,-0.646086661015,1.09762026786,4.75020904001,38.300000000000274
724,0.21047627994,-28.8347400926,11.0622128121,11.6429251651,38.300000000000274
725,0.205295188005,1.01954956256,0.186573234396,6.32132940335,38.300000000000274
726,0.376694328506,0.569805239452,0.0450142397394,5.93587315598,38.300000000000274
727,0.230336299362,-4.99889767823,1.83583719168,0.419165259666,38.300000000000274
728,0.578368225549,0.477891620304,-1.17817332508,12.4295548463,38.300000000000274
729,0.36333369365,-13.4085346945,-13.225609115,3.74146972952,38.300000000000274
730,0.274687085522,0.0404769519754,-0.377712790615,6.78313857528,38.300000000000274
731,0.159709927972,-0.108381294459,1.60383440793,8.50940551527,38.300000000000274
732,0.151205212096,1.90246552757,1.01236528776,4.54764245694,38.300000000000274
733,0.311598342862,-1.57635744416,1.90947679,3.5623438244,38.300000000000274
734,0.666606091794,29.0593950954,-6.46930584156,-4.19598915167,38.300000000000274
735,0.275046397528,-1.15949270876,4.34638006462,6.81197948071,38.300000000000274
736,0.567650080056,0.641108817111,2.31675582498,6.12912463625,38.300000000000274
737,1.1094491472,2.82737268916,-0.443569204234,6.42125867377,38.300000000000274
738,0.276231036736,-0.50579094053,-1.49564419538,52.0025690241,38.300000000000274
739,0.120904545195,-0.704287169487,15.8255299614,0.940970519192,38.300000000000274
740,0.543278242937,2.02730895567,-0.550689446405,3.23345601446,38.300000000000274
741,0.264830002845,5.93947077718,3.89319706223,-0.616225826516,38.300000000000274
742,0.188409303805,-9.04535373519,-1.12997985328,-9.79163722322,38.300000000000274
743,0.333354133483,-9.60468228201,25.4564335769,34.530679751,38.300000000000274
744,0.425731298865,1.44965609117,-0.964711983238,6.07027930221,38.300000000000274
745,2.33035340414,0.519159918603,1.21410511472,6.36912138394,38.300000000000274
746,0.187097610712,2.65959038218,2.94420538702,8.31613002331,38.300000000000274
747,0.93563266644,32.429050799,-25.1116151056,-0.312751229036,38.300000000000274
748,0.157529623149,1.69504037768,2.11074694399,10.4661218634,38.300000000000274
749,0.244154507707,0.506064323841,-6.47893259004,-16.579583203,38.300000000000274
750,0.104676718604,1.32152636999,3.03295618755,4.04525992368,38.300000000000274
751,0.133230897259,-7.52515555489,8.13681358617,-20.6781347405,38.300000000000274
752,0.122934615256,0.709330968762,0.819212997277,3.78861999486,38.300000000000274
753,0.193057452935,0.45588723086,3.11408313428,3.22836382441,38.300000000000274
754,0.108454303771,4.23976039941,-1.68834603089,4.37449523721,38.300000000000274
755,0.123749491925,-4.09303386583,1.95683656035,6.8066434604,38.300000000000274
756,0.289333569183,1.17393808089,-0.420380033584,4.81357483087,38.300000000000274
757,0.299343682277,1.7026132203,1.15587549226,7.1128038627,38.300000000000274
758,0.297294349002,17.0393401994,43.7853867785,13.2379194477,38.300000000000274
759,0.232464450957,-0.401186578444,1.50275660309,6.06930693814,38.300000000000274
760,0.197045653759,-0.277792141498,2.31348333923,3.91120640715,38.300000000000274
761,0.302548474065,2.79201706157,1.11845270353,7.11201104462,38.300000000000274
762,0.712561007362,5.10614669357,0.0519268618724,1.17285366796,38.300000000000274
763,0.218886022223,4.08410408327,4.46276112917,6.16740741196,38.300000000000274
764,0.155176918877,1.01522109196,0.559867975056,5.21083814216,38.300000000000274
765,0.637231440178,8.97947805481,-15.2771458279,-5.21568610757,38.300000000000274
766,0.136031877218,3.34002369391,3.47150609563,6.36670974975,38.300000000000274
767,0.120562468231,4.29809652718,2.4752808883,5.31529241737,38.300000000000274
768,0.738119993935,-0.231319258573,2.17798094242,5.14967312853,38.300000000000274
769,0.142579779855,1.32195213411,1.08622984824,4.39295069268,38.300000000000274
770,0.372242676438,2.59891794287,-3.14779831407,5.8599311421,38.300000000000274
771,0.663213188026,2.09607338321,0.226987861275,7.30292135636,38.300000000000274
772,0.217849643345,-1.06731033109,0.569517401542,8.73329428542,38.300000000000274
773,0.375189953743,5.48868955707,-0.263500495978,9.63551938354,38.300000000000274
774,0.236111204779,-2.61953355733,-0.833426710424,6.62152901738,38.300000000000274
775,0.27847762576,2.86518952906,17.8959437094,31.7640426463,38.300000000000274
776,0.535917615589,1.54500013576,0.272070010491,4.69489466046,38.300000000000274
777,0.253607647404,9.48225345557,-10.3674647905,0.931831635833,38.300000000000274
778,0.127109625143,4.97268300014,-9.73284056753,-1.3582499385,38.300000000000274
779,0.110841654625,-0.831643616841,3.08306521997,9.86985349207,38.300000000000274
780,0.606678364511,-9.29627571048,2.36489345176,36.2510592181,38.300000000000274
781,1.14036671066,-1.32125854753,1.30598099338,8.94786735473,38.300000000000274
782,2.18765072908,-11.4883165591,-4.88832577742,-12.5143979305,38.300000000000274
783,0.466095022073,9.51676351858,-10.3978509401,-3.47716487542,38.300000000000274
784,0.148029553004,2.02320834559,0.25934996301,6.30128896496,38.300000000000274
785,0.15972453912,0.406790767107,-7.52988879817,-6.11752805179,38.300000000000274
786,0.65603897433,-4.41007491345,3.70469433053,15.7329832002,38.300000000000274
787,0.187626872009,-3.45814857536,0.522846037836,6.31869384646,38.300000000000274
788,0.208377398078,5.2565317095,2.68959023321,0.729007175388,38.300000000000274
789,0.328951906681,1.44138918741,-0.18427009498,10.9547350615,38.300000000000274
790,0.325564429628,0.237156374834,2.06300269086,4.41660524258,38.300000000000274
791,0.306886892948,-12.9113641965,-17.3561408159,-28.8399475727,38.300000000000274
792,0.140359916118,1.44705782071,4.97473822737,7.90053807756,38.300000000000274
793,0.165844425271,2.43302349341,1.13083797236,5.26203839793,38.300000000000274
794,0.951967197376,-1.02470661545,1.88148635268,7.47753791208,38.300000000000274
795,0.115275707183,4.51575531755,-1.45787230288,57.2818967627,38.300000000000274
796,0.202298271682,4.54606235139,0.637847815241,4.65134837684,38.300000000000274
797,1.13945108578,2.46443837053,-1.26466960901,7.94302412909,38.300000000000274
798,0.21104417465,4.83146619247,3.28068019804,9.28175641225,38.300000000000274
799,0.152568734919,-3.46271053455,-0.696590026393,7.03692774193,38.300000000000274
800,1.05377602048,-1.42860313268,-1.35808935301,5.41373123503,38.300000000000274
801,0.102372107095,0.0568161474155,-1.18902118983,0.658959256185,38.300000000000274
802,0.131453946665,1.24281850549,-0.501111638813,4.94848608229,38.300000000000274
803,0.570093896577,1.02889335919,-0.306711714417,4.80720212959,38.300000000000274
804,0.169638228823,1.80022582019,-0.193966318642,3.7115903792,38.300000000000274
805,0.446324990982,-1.85285667836,-1.13023315227,4.32123064064,38.300000000000274
806,0.341124402685,6.88372575697,1.75406947039,6.45544470364,38.300000000000274
807,1.0315296362,-3.18820081939,0.930577750251,6.93202053193,38.300000000000274
808,0.14010217979,6.03093363322,2.69154445081,6.47893562865,38.300000000000274
809,3.21947540641,3.1174502266,-1.75181245501,10.9156754158,38.300000000000274
810,0.252429724603,1.20508336222,1.26968564729,7.79912361826,38.300000000000274
811,0.113787367237,0.0539976938274,-0.962852589928,6.97939625954,38.300000000000274
812,0.481800542697,21.6617446955,9.49416182332,-23.9910594204,38.300000000000274
813,0.121218784758,3.88800592934,-4.00331304135,12.7123224512,38.300000000000274
814,0.314519905048,2.78510554898,0.353058349895,6.10101194928,38.300000000000274
815,0.68982860088,3.19427594733,2.53955450852,5.72512450604,38.300000000000274
816,0.319011891595,-2.14661473994,0.978244140992,7.11030249694,38.300000000000274
817,0.113930689152,11.6891064582,-35.4073551934,-27.5213547839,38.300000000000274
818,0.403804992983,6.84890989515,1.92370533222,5.02792530285,38.300000000000274
819,0.243773734531,-0.888002874074,-1.15380292844,5.68094807825,38.300000000000274
820,0.108312511292,1.84899959859,-0.41488156477,4.30107821592,38.300000000000274
821,0.197811550763,25.5965643919,27.5425995927,-25.1263957355,38.300000000000274
822,0.129989829321,5.27382355416,2.41775616041,8.59776627505,38.300000000000274
823,0.142349834718,9.65860780194,1.58855723987,4.2544586223,38.300000000000274
824,0.242529079955,0.69332869774,2.90343331849,8.24653155993,38.300000000000274
825,0.182867632753,1.16075851729,0.981680197509,5.03765967542,38.300000000000274
826,0.44017796948,-18.4141264982,2.01224123094,9.05155069615,38.300000000000274
827,0.127749603071,3.3680366497,-0.784680829534,4.13418262159,38.300000000000274
828,0.193798833258,-1.36606105333,0.46607788515,7.34725908135,38.300000000000274
829,0.60664808375,-0.373740112355,5.32822494045,5.42947448727,38.300000000000274
830,6.11529833576,1.03324461544,-0.0473309391983,9.17485501639,38.300000000000274
831,0.377277661011,12.1840148444,-32.5317764934,44.2347744165,38.300000000000274
832,1.2457576357,1.47663099,-0.174641562143,4.8727882675,38.300000000000274
833,0.89086426925,-1.95752690251,4.03192247922,-6.22681392448,38.300000000000274
834,2.75682259918,1.38130168809,0.860476043076,5.73995256358,38.300000000000274
835,0.140908765464,2.02125081667,0.420221525182,7.21983743805,38.300000000000274
836,0.134879478012,-1.40948063086,-0.638993563196,6.71096872332,38.300000000000274
837,0.180745729228,0.126538094427,0.534320403471,4.1687745438,38.300000000000274
838,0.221055300029,2.92731010292,0.171377848929,5.73047566775,38.300000000000274
839,0.178070276382,4.33960007795,-1.48873072347,6.95160205701,38.300000000000274
840,0.882296620374,-8.60862471955,-33.1604990826,-26.4454776094,38.300000000000274
841,0.32047182919,3.78827557738,0.151168986632,7.27350784052,38.300000000000274
842,0.35037739369,10.6322521377,16.9539260041,32.0932135603,38.300000000000274
843,0.422169784798,1.52519884084,-2.99251908085,1.23610666038,38.300000000000274
844,0.109825981243,1.11568971904,1.49222152979,6.63719519457,38.300000000000274
845,0.175528312453,2.00654794099,-0.76995536377,6.9359422069,38.300000000000274
846,0.110384753852,3.25032723657,-2.31084545238,6.52984608615,38.300000000000274
847,0.924706788322,1.74792823452,1.40254054273,7.73022044996,38.300000000000274
848,0.122371969911,-10.3866925579,6.55522478809,6.78188950956,38.300000000000274
849,1.90916905726,0.59022872121,2.52108420108,3.60921611765,38.300000000000274
850,0.856453152533,6.73685670473,-2.03870876762,8.07678401467,38.300000000000274
851,0.333934030408,0.436465049899,0.0980611530055,6.45669140601,38.300000000000274
852,0.697126825156,-2.16193279917,3.46176844318,6.31789430116,38.300000000000274
853,0.16370638066,7.02108998817,1.3230965125,-0.731512339158,38.300000000000274
854,0.439059030753,6.71463992744,2.57020978507,3.54663167864,38.300000000000274
855,0.107372757709,2.57311355814,6.59803974513,2.36986925478,38.300000000000274
856,0.110472518707,2.04562655594,-0.354722133973,8.51516869107,38.300000000000274
857,0.915679918284,1.79149655766,-12.4894607067,-5.5465476107,38.300000000000274
858,0.117713821091,3.18810055035,-3.29420325266,4.85939130473,38.300000000000274
859,0.255550187232,-8.33064056557,27.4039935982,14.3998326351,38.300000000000274
860,0.199410491536,3.99751808654,0.0646397122582,6.01530151791,38.300000000000274
861,0.15251137833,2.40455879601,2.19566297606,7.23521406711,38.300000000000274
862,0.47932954153,-9.50866385716,10.9880043344,-3.24931277038,38.300000000000274
863,1.22989514952,3.90457215738,-0.792965426911,6.55570394569,38.300000000000274
864,0.343029434756,1.86293831732,2.17532505459,5.03191748656,38.300000000000274
865,0.224926531873,3.17670854796,3.87335382683,5.65911293819,38.300000000000274
866,0.501560256506,1.06746525491,0.162946979902,7.05771824015,38.300000000000274
867,1.03564147267,-1.21504422982,0.643969245124,3.56213264294,38.300000000000274
868,0.411482378939,-7.94826287848,4.17829407043,-15.419656464,38.300000000000274
869,0.543848787322,-2.83572357742,2.54179342719,7.96088579158,38.300000000000274
870,0.33347021049,2.24379212275,0.449162182325,5.3691271235,38.300000000000274
871,0.111814833237,1.56273981053,1.98350589167,6.46192082234,38.300000000000274
872,0.800400956366,1.53588919054,1.64258323232,6.4356635505,38.300000000000274
873,0.111253340937,2.85333503206,0.337528948622,4.66737214989,38.300000000000274
874,0.176428599781,-6.22884983501,15.7420493374,7.55812987052,38.300000000000274
875,0.155071554472,-0.226934839082,0.742730920697,5.90982344977,38.300000000000274
876,0.154987691838,1.11775267329,2.10634779189,-0.540495575499,38.300000000000274
877,0.151105200033,0.576797650011,1.03127966315,6.99156856123,38.300000000000274
878,0.384311364254,-12.5635595746,20.1750480021,13.6535752537,38.300000000000274
879,0.284328775879,1.31963472007,-0.00139953747277,4.95627990422,38.300000000000274
880,0.133768987371,5.19867620156,-0.282466159653,0.440972129034,38.300000000000274
881,0.122612470703,1.00342097708,0.511824132136,7.97298767995,38.300000000000274
882,1.40996469005,1.34661903999,0.258546460179,6.63988109664,38.300000000000274
883,1.49329360726,-0.279515197464,2.4107525066,6.64754166066,38.300000000000274
884,2.70598152386,1.20629697495,0.733488698017,5.57492881937,38.300000000000274
885,0.244369774733,4.10408376885,0.765904130909,9.52997695964,38.300000000000274
886,0.104535736506,12.1188460153,-2.28255383239,17.254342255,38.300000000000274
887,0.256482142102,1.41772642188,1.14467826612,5.18028354511,38.300000000000274
888,0.315584471476,1.36897098412,1.73392059402,5.5791445681,38.300000000000274
889,0.850244175951,1.63043737004,0.0992471107819,3.42185140822,38.300000000000274
890,1.53253856617,0.532729198638,1.34153589833,5.37594030787,38.300000000000274
891,0.148722721276,3.74053799733,-0.348137767536,4.42510997692,38.300000000000274
892,0.181998163476,0.614780524443,2.32083408664,6.21291899454,38.300000000000274
893,0.552687991826,-5.34536920045,2.08320589835,-2.37285484348,38.300000000000274
894,0.264549239894,-6.19988492652,-1.59601527668,0.793221664745,38.300000000000274
895,2.63655468958,5.42628772468,1.66228340251,7.00155358239,38.300000000000274
896,0.112877014073,-1.75949626292,7.46260529467,6.75276575254,38.300000000000274
897,0.710775856095,1.7630571358,-3.36482975363,4.36202068912,38.300000000000274
898,0.150771001131,1.2397425369,-3.03538926447,2.40871726446,38.300000000000274
899,0.360433371839,9.02170690012,3.57039826259,0.300219053901,38.300000000000274
900,0.427910338444,-0.495761597047,0.940859081187,-1.40893712787,38.300000000000274
901,0.105434019576,-1.4913745608,0.293584726242,2.62768918197,38.300000000000274
902,0.312954420338,-0.717496155911,-1.00533509502,5.70517321953,38.300000000000274
903,0.558995805922,-12.9910643935,-10.7886681624,29.4497943808,38.300000000000274
904,0.187837934834,-8.22573459158,28.4416780279,-28.2335227375,38.300000000000274
905,0.360884899778,0.116574073149,-0.727614179705,3.59294507069,38.300000000000274
906,0.352805068157,0.544874317723,0.515466961237,14.5596459769,38.300000000000274
907,1.00000000448,-0.689978603781,-0.584829801512,5.42448519242,38.300000000000274
908,0.198550257656,-1.68432680531,1.43696922133,5.40716490867,38.300000000000274
909,0.567154805141,1.13302189783,0.900297557125,7.47313787876,38.300000000000274
910,0.108268239496,2.61136071896,6.11827264437,-1.51344066827,38.300000000000274
911,0.114683625617,-2.35573717645,1.39914560571,9.08540073186,38.300000000000274
912,0.149749750101,0.918519394757,1.3699166101,8.99225386055,38.300000000000274
913,0.425788180103,3.37144166277,1.08691658216,5.05531789844,38.300000000000274
914,0.122327068897,3.12896358585,0.569557989577,2.4830973742,38.300000000000274
915,0.10744661848,-3.56486656441,1.62615543045,0.870856246541,38.300000000000274
916,1.26404609265,0.769811845205,-0.665550922275,-4.25804494139,38.300000000000274
917,0.147986221075,3.7677890686,2.96895117079,7.39332885567,38.300000000000274
918,1.82302426991,3.58175049843,49.0256415244,-28.9611187515,38.300000000000274
919,0.438670017464,4.26679961423,2.03509353243,8.0485095573,38.300000000000274
920,0.167143426192,0.497977398829,0.480975665468,6.19452075402,38.300000000000274
921,0.174645399637,3.25203792668,-1.22015229385,3.44947460189,38.300000000000274
922,0.175293922802,2.36370982985,-3.50335829248,3.7357925219,38.300000000000274
923,0.242171108412,6.87399079826,-2.1733000435,7.99946006804,38.300000000000274
924,0.105899497842,0.876542676088,0.913744208902,5.25210512763,38.300000000000274
925,0.119105779538,3.63258447831,0.728552700995,3.20516155003,38.300000000000274
926,0.156157757496,23.8348549433,22.5123071386,-18.8819190438,38.300000000000274
927,0.127129292234,3.17834234939,0.23663171978,9.48985606788,38.300000000000274
928,0.104451099514,-18.2831797834,18.2402999544,-1.03580262418,38.300000000000274
929,0.163895738268,-2.63680654473,-1.66214772631,12.9496716564,38.300000000000274
930,1.74223574937,1.14333010182,0.402835242859,5.01026896644,38.300000000000274
931,0.239848620377,2.72045145779,0.433911463024,6.4632574572,38.300000000000274
932,0.895661906293,-1.6120455476,0.075624634278,0.402701660764,38.300000000000274
933,0.301034830993,1.88740182001,0.446254040581,5.91864372288,38.300000000000274
934,0.175485824751,-18.7578115982,-38.0910195529,33.6799173291,38.300000000000274
935,0.720440222544,0.768087106315,-2.20259983562,6.44947307843,38.300000000000274
936,1.25068135479,15.6608521418,-13.7918688235,-5.18809436852,38.300000000000274
937,0.171357131259,51.1654079728,-49.8668999669,-1.21443154235,38.300000000000274
938,0.626121111996,-1.57195076825,-0.596558351391,4.70657032961,38.300000000000274
939,0.283976398695,-2.43236993899,3.00238870401,3.09954026952,38.300000000000274
940,0.220751758714,-0.259588811666,0.00128236806688,6.89148223146,38.300000000000274
941,0.155573763127,-1.64196052368,-1.38012470683,3.72149377283,38.300000000000274
942,0.302577829214,-2.9819504123,-9.41877374091,3.51295445178,38.300000000000274
943,0.667547293356,3.28770299181,1.72880068201,6.06074673297,38.300000000000274
944,1.61972200286,-4.36862320307,0.947861716312,4.63965221684,38.300000000000274
945,0.857307365791,1.47471267594,-2.01763293137,6.92632562341,38.300000000000274
946,0.209481594098,-0.491371660438,-0.0884309136822,5.54639256543,38.300000000000274
947,0.289302255835,4.20810500383,-0.124232346858,6.30342005249,38.300000000000274
948,0.110234205235,2.27941745635,1.53086512913,6.02862041563,38.300000000000274
949,0.131826365289,-4.36484879062,-15.6510082705,11.2742266476,38.300000000000274
950,0.296398202218,-11.2575231472,-34.2556120659,4.68674770892,38.300000000000274
951,0.214367132493,16.7227015128,9.75268725601,2.60705882905,38.300000000000274
952,0.299972332429,4.30357856709,3.20619185072,8.12485668134,38.300000000000274
953,0.103418942133,2.09216402772,-0.0538870895873,4.26234023435,38.300000000000274
954,2.14384054977,1.34869665153,7.58372432362,7.88608271604,38.300000000000274
955,0.917326743342,0.625174684537,2.53461988129,4.29883093311,38.300000000000274
956,0.300856742785,3.15594503058,-3.56980152079,5.20482888599,38.300000000000274
957,0.564607107696,1.56949780933,1.38339418927,5.22408540614,38.300000000000274
958,0.397919418906,-15.7541952362,29.9639682382,38.8691910046,38.300000000000274
959,1.2305323168,-25.9827972357,-12.373700227,28.8164749045,38.300000000000274
960,0.571117011093,-8.14936412873,9.4899098997,-13.8339090884,38.300000000000274
961,0.611130725218,3.28519245433,14.8195760778,0.924285153308,38.300000000000274
962,0.36559788,-25.0698422706,21.0600676587,16.6382321448,38.300000000000274
963,0.315903446207,-2.26474934508,-1.20271544473,4.68990231536,38.300000000000274
964,0.24707313905,1.73785602707,2.83421192605,8.52212013014,38.300000000000274
965,0.11306324439,2.3597652377,2.59137861567,7.27477888267,38.300000000000274
966,0.603235461909,3.69638591592,1.10236647636,8.72657498946,38.300000000000274
967,0.192657277935,-4.21853706067,-1.14729273936,5.57891268182,38.300000000000274
968,0.176361461603,1.18627103783,3.34101639595,4.07694290476,38.300000000000274
969,0.226454842699,4.69381986721,1.61288528051,6.1419459265,38.300000000000274
970,0.175951448255,5.3820486022,1.99341661127,7.87488380343,38.300000000000274
971,0.669060112844,-3.15804367348,5.12221944809,6.8265035747,38.300000000000274
972,0.126384576732,2.89096579214,4.77065255932,6.68367274628,38.300000000000274
973,0.123384352372,2.90939721547,1.03829491488,5.76657550722,38.300000000000274
974,0.428564239638,2.07817674661,-0.793688041294,1.77607043377,38.300000000000274
975,0.129084226706,0.664714667837,-0.0228777968399,8.16924736198,38.300000000000274
976,0.108727831405,8.95498445223,1.3246208898,5.43870773426,38.300000000000274
977,0.307352665106,14.1635841759,18.7846129802,64.0366628442,38.300000000000274
978,0.121668964362,-3.06136456284,1.54326963505,5.44175587059,38.300000000000274
979,0.850303480175,5.43347977353,-1.59273392793,10.7404880004,38.300000000000274
980,0.322638811061,-0.0988596427923,1.63222089187,9.29025063779,38.300000000000274
981,0.104939214035,1.37316930719,-4.23434373187,6.44208099283,38.300000000000274
982,0.424396882997,-2.09196997025,2.62851213393,6.25074817933,38.300000000000274
983,0.127468125901,1.31915139376,2.32969381677,6.60582520495,38.300000000000274
984,0.137253122172,5.55632102005,-13.4790159281,10.7108654376,38.300000000000274
985,0.279061025786,1.47558955224,-3.03384977949,8.60913491066,38.300000000000274
986,0.381268812777,3.77658370325,-0.484945847481,0.160110255951,38.300000000000274
987,0.155914307841,9.22462095743,5.40916265634,9.82632307931,38.300000000000274
988,1.21377616293,1.52124698607,1.82419475114,3.30549222378,38.300000000000274
989,0.183662496278,18.114342022,-24.980255117,-2.17530462709,38.300000000000274
990,0.371215460061,2.38760730429,0.20745226075,6.19317822876,38.300000000000274
991,0.726489726539,2.32124043907,1.91262751486,8.56835465699,38.300000000000274
992,1.49713368789,3.72175435282,2.27078608118,5.32506737239,38.300000000000274
993,0.311075898792,-3.59555134399,13.2692609249,2.30193935638,38.300000000000274
994,0.202262571857,3.52178976168,2.67855067466,5.36271894686,38.300000000000274
995,0.414535081068,-2.28302007152,-1.88789367597,4.93247203786,38.300000000000274
996,0.45488280742,2.96643471419,0.536312631682,4.70908690321,38.300000000000274
997,0.129591913877,-2.98334769287,5.98777801345,3.95857443982,38.300000000000274
998,0.165732599496,0.854675392526,0.739027147088,6.02599689671,38.300000000000274
999,0.794757505189,9.14027041668,1.04218342407,0.471206542092,38.300000000000274
