Star_ID,Mass (MSun),X (pc),Y (pc),Z (pc),Simulation Time (Myr)
0,0.335353726224,-14.6322354976,-7.93370851869,8.03850871306,51.800000000000466
1,0.143342279968,1.60582215148,-8.87871058828,3.59101283798,51.800000000000466
2,0.113523164696,-2.36865161686,-7.33809990385,14.8173653163,51.800000000000466
3,0.260892524754,-4.94733833693,-10.8271130127,12.6354937997,51.800000000000466
4,0.278483348248,-4.63107720505,-7.95382467008,9.53243418105,51.800000000000466
5,0.109822447498,-4.41870132461,-8.21127701458,24.6232709789,51.800000000000466
6,0.181637490009,-3.04217030906,-6.47662597491,9.38691004678,51.800000000000466
7,0.1049969503,-18.504151257,-1.47773524725,45.0539309292,51.800000000000466
8,0.782230498454,-4.80023864717,-7.89020710265,8.10792030148,51.800000000000466
9,1.12400545394,-5.64635810311,-8.00690228288,10.3330634213,51.800000000000466
10,3.72858085005,-4.38486902437,-8.80756109698,9.92369966179,51.800000000000466
11,1.19096629366,-4.92553916591,-5.74883658581,10.8020104449,51.800000000000466
12,0.242737086656,-3.5714550754,-8.51133698324,9.71208866535,51.800000000000466
13,0.672204018833,-4.86692260462,-7.67377923795,9.24883392743,51.800000000000466
14,0.17699835788,-4.96337290832,-10.1613351422,5.82682497639,51.800000000000466
15,0.1062780589,-1.42726561798,-2.26880989918,20.1896567931,51.800000000000466
16,0.111046283309,-4.27370023007,-5.72068977112,11.9177870626,51.800000000000466
17,0.134930858458,-3.37772183475,-7.41621744919,8.94149679261,51.800000000000466
18,0.611711497607,-4.16534853806,-7.66750451412,10.8308982091,51.800000000000466
19,0.602166715357,-5.8168869842,-7.90821112509,11.6399830841,51.800000000000466
20,0.322074758773,-1.63948303294,-10.2911032217,8.48375422001,51.800000000000466
21,0.261032168723,-3.08200537248,-8.90765633497,8.71242050755,51.800000000000466
22,0.147108985656,-4.29899112954,-8.58635638295,10.6117460408,51.800000000000466
23,0.615736222442,-9.22645584759,-26.6237571276,14.7991241868,51.800000000000466
24,0.374580202254,-9.75566983713,-12.4885056363,16.9620947561,51.800000000000466
25,0.230899474386,-5.7785485274,-9.37909371672,9.48143919205,51.800000000000466
26,0.812931459418,-2.94876993531,-8.70106033299,10.785236433,51.800000000000466
27,0.1778829228,-5.14750631534,-7.98376646586,7.24596243085,51.800000000000466
28,0.134690803686,-2.90232393348,-8.3680818913,13.3618497358,51.800000000000466
29,0.115027285623,-4.19162001311,-10.4551755995,11.886553253,51.800000000000466
30,0.155111033877,-2.55940612157,-3.3989942919,5.54298877291,51.800000000000466
31,0.263554395519,-2.33332079839,-11.1021293766,6.46553403212,51.800000000000466
32,0.166431750308,-1.17134562271,-9.26233955488,9.56675711478,51.800000000000466
33,0.211013891663,-4.83522275668,-6.67113123079,7.40705282855,51.800000000000466
34,0.390967813731,-0.79348947494,-7.3685142298,14.0692880376,51.800000000000466
35,0.190788585988,-4.63245606977,-8.03365801829,9.54565409796,51.800000000000466
36,0.106707468248,-10.0519842774,-14.454234873,3.22712781632,51.800000000000466
37,0.17931703227,-5.72163970228,-8.48924125758,8.9779143964,51.800000000000466
38,0.106821802955,-2.86504477821,-7.86911518047,8.9952646393,51.800000000000466
39,0.273271815888,-2.57335157397,-5.6599953981,7.51935791627,51.800000000000466
40,0.422466086302,-3.33554953248,-9.08236671243,9.97104580996,51.800000000000466
41,0.290009252057,-1.46897497742,-6.96289841435,14.6272091692,51.800000000000466
42,0.716515213069,4.05209930165,-23.224972571,29.5194247029,51.800000000000466
43,0.136301575032,-2.90042052737,-11.3112898027,9.65219275576,51.800000000000466
44,0.620362209708,-5.94100348106,-13.916958018,8.29228326832,51.800000000000466
45,0.137781344996,-4.19021637173,-7.90995246309,9.43770196146,51.800000000000466
46,0.345420017238,66.4961770133,-41.7748707471,40.521532921,51.800000000000466
47,0.114098340581,-2.20544197796,-7.71136022731,11.5244721765,51.800000000000466
48,0.41379212926,-5.89600364978,-10.0922787578,8.32684293934,51.800000000000466
49,0.163815458296,-2.49260654835,-7.13974528793,7.65735184425,51.800000000000466
50,0.239103463808,57.5689231567,24.1668581461,-11.2609659845,51.800000000000466
51,0.133125331054,-5.761088659,-4.20937054431,8.9443094076,51.800000000000466
52,0.659889544157,-3.76665108484,-10.3003284523,8.80048429304,51.800000000000466
53,0.119745934853,-8.74311094154,0.288878619037,12.8400214872,51.800000000000466
54,0.373823957746,-3.2351867446,-9.25232883267,11.7002488322,51.800000000000466
55,0.687464486881,-4.60257779091,-7.4413837437,11.4634651587,51.800000000000466
56,0.144137060534,-6.30937294154,-10.8168115659,6.09097805913,51.800000000000466
57,0.232357789275,-3.73040096588,-8.68093140118,11.1427225972,51.800000000000466
58,0.214336921772,-6.03825272789,-9.43234318429,8.24952310793,51.800000000000466
59,3.3249666782,-16.8764775692,-3.6241893292,12.7238194922,51.800000000000466
60,0.435349927398,-4.30959935284,-7.43728200243,9.08977639434,51.800000000000466
61,0.28508246953,-105.972155843,20.4698946622,-115.386093749,51.800000000000466
62,0.113094101392,-6.27355389183,-8.49016347609,11.8371866124,51.800000000000466
63,0.151035519387,-2.9577886585,-14.1412653206,10.1107475572,51.800000000000466
64,1.01890197768,-4.80916868964,-8.9471312085,7.60276916781,51.800000000000466
65,0.603098597582,-13.3324267098,-4.96628466527,14.1906488296,51.800000000000466
66,0.108521489268,-5.81166631628,-13.3437249861,11.9403900341,51.800000000000466
67,0.186457019005,-5.19482126329,-7.04567607417,8.75261879143,51.800000000000466
68,0.504216702214,-2.62690027672,-8.34260395392,9.27790257106,51.800000000000466
69,0.77078882685,-7.09260586307,-1.99012498705,11.8517768737,51.800000000000466
70,0.1680215236,-13.8917260542,-10.8271256745,18.6091861492,51.800000000000466
71,0.311668024055,-2.72642594976,-10.5171110984,11.6393933111,51.800000000000466
72,0.284008857235,-6.36800059513,-3.80488683447,22.5154510024,51.800000000000466
73,1.67992577713,-5.45232334571,-7.7094531336,13.0648442574,51.800000000000466
74,0.140624119796,-0.509271184629,-8.27311263181,10.7674430531,51.800000000000466
75,0.11863382232,-6.04405060137,-8.14363877719,10.0340155154,51.800000000000466
76,0.332629014957,-3.64763874701,-7.41699796126,8.0464335411,51.800000000000466
77,0.62696958023,-1.8064782847,-3.27730420893,11.249161142,51.800000000000466
78,7.90413059241,-5.38670583534,-8.46647891838,9.33180383156,51.800000000000466
79,2.65289487332,-3.71133005357,-8.72158036331,9.10470963154,51.800000000000466
80,0.869951030185,-5.51442343966,-11.8637421755,9.76738623382,51.800000000000466
81,0.475570013177,-4.82250271512,-8.71253810391,10.1611854269,51.800000000000466
82,0.494725179246,-4.85713527443,-3.97875377418,8.6776882666,51.800000000000466
83,0.160971683994,-3.97429324013,-6.31578517669,13.345659638,51.800000000000466
84,0.997235971032,-3.37346295726,-7.90211982448,7.58194304626,51.800000000000466
85,0.140543998812,-4.17246256843,-8.60619279823,10.2620324377,51.800000000000466
86,0.676256424055,-0.846872996731,-4.45737566611,11.0103407025,51.800000000000466
87,0.211193831925,-5.18149508696,-10.1178082189,9.67091169689,51.800000000000466
88,1.34492829125,-3.62169486844,-8.41120340913,7.8552558416,51.800000000000466
89,1.09249494941,-5.04135376635,-0.871781987152,12.4392400293,51.800000000000466
90,0.160072851001,1.33407339077,-3.5021605144,6.84633030231,51.800000000000466
91,0.828460379344,-6.47036936511,-11.1405165675,9.35964901632,51.800000000000466
92,1.00588664843,-5.74011640359,-8.1500047366,12.1118903747,51.800000000000466
93,0.157171169796,-8.46587321295,-7.88352279122,9.12447230598,51.800000000000466
94,0.37973791759,-8.9643975568,-13.3807146678,148.955686628,51.800000000000466
95,0.12072416286,-2.77839112255,-5.27926529175,13.0911354125,51.800000000000466
96,0.130254722787,-3.763758584,-11.7316191777,10.998229764,51.800000000000466
97,0.291140736316,-8.40260317047,-8.11032097049,6.2771014582,51.800000000000466
98,0.108955060252,3.36968819662,-25.5921365548,7.69246225589,51.800000000000466
99,0.411509539204,-5.450070107,-10.9849558499,8.98695463478,51.800000000000466
100,0.117542713276,-1.95807916291,-10.0418880921,10.8703344551,51.800000000000466
101,0.122270802417,0.099751277909,-11.4861050018,11.3358862757,51.800000000000466
102,0.211862007976,-6.04042159293,-9.20450789251,13.645853324,51.800000000000466
103,0.12864773983,-4.28521186391,-10.7847915654,12.8802067769,51.800000000000466
104,0.393701093311,-1.56048439333,-6.47243463232,9.49719851549,51.800000000000466
105,1.21182868583,5.60692179375,6.86477273579,32.6626199441,51.800000000000466
106,0.751522904969,-4.49954472756,-8.54486934735,12.8066546525,51.800000000000466
107,0.810125785171,-7.14961624764,-9.92182963707,8.85808453005,51.800000000000466
108,0.147046477455,-7.10154228084,-7.45285888444,9.35136701397,51.800000000000466
109,0.269170719963,-3.32087457698,-9.31732825446,11.936235829,51.800000000000466
110,0.123001179037,-5.30015666736,-3.42737210647,-2.90215720544,51.800000000000466
111,0.360678768197,-3.05652451899,-7.57823018923,13.4455274396,51.800000000000466
112,0.478754741061,-3.70580056399,-7.45624147469,10.6189137938,51.800000000000466
113,0.145701959336,-3.05550338119,-10.4232557327,8.32916804835,51.800000000000466
114,0.103613222687,-4.77426345224,-9.52219842231,10.6941988579,51.800000000000466
115,0.495380116464,-3.93441161342,-10.6257777557,9.99458837594,51.800000000000466
116,0.116514598646,-0.899474592796,-16.5634522101,-0.025942668431,51.800000000000466
117,0.210667022369,-1.73287747203,-9.73188038007,8.90148619517,51.800000000000466
118,0.116425058223,-4.35364719937,-7.88774195538,14.1997110398,51.800000000000466
119,0.118770539969,-9.92259872782,-12.8126022797,2.41556424201,51.800000000000466
120,0.813587226308,-6.25416147873,-8.96023679624,2.87894052895,51.800000000000466
121,0.351294255198,-14.5567435707,-17.2318994448,27.7289841917,51.800000000000466
122,0.238045527667,10.0930854286,-6.51001888204,11.3860903769,51.800000000000466
123,0.215419983667,-7.12446815181,-8.95070794608,13.7515512168,51.800000000000466
124,0.119160492691,-6.22408516718,-8.27127965275,14.0460778352,51.800000000000466
125,1.11512607843,-5.26002986927,-10.6068226096,6.47549073404,51.800000000000466
126,0.558975455918,-4.06643458581,-3.11233634306,12.2093923279,51.800000000000466
127,2.05678046928,-8.31105462635,-9.48701929824,5.95246820447,51.800000000000466
128,0.381584022794,-31.3048402555,13.7124507497,18.4730635504,51.800000000000466
129,0.117122362582,-3.16374396847,-8.97283978561,14.7148468764,51.800000000000466
130,0.112545727636,-4.49667954871,-8.43384297147,7.69312432154,51.800000000000466
131,0.325805948155,-7.86508009483,-11.7644981489,8.03045867658,51.800000000000466
132,0.105745221935,-5.21584493963,-9.20850406187,7.02484771661,51.800000000000466
133,0.119479680941,-6.55472408821,-3.62292390024,11.3974066993,51.800000000000466
134,0.282543415537,-4.77214073027,-11.190864747,10.4634956145,51.800000000000466
135,0.685728589137,-3.53364089054,-9.88473827295,9.64675455645,51.800000000000466
136,0.104738522479,-5.02432033811,-8.53206400978,9.0659234131,51.800000000000466
137,0.809176203221,-3.19924767281,-5.25258803445,13.3970456557,51.800000000000466
138,0.197585874106,-4.29027462909,-11.415849608,8.23175142368,51.800000000000466
139,1.09494867905,-2.86569510673,-7.23162946123,8.74198954474,51.800000000000466
140,0.400711035254,-4.2701757345,-8.55742731747,11.1005321285,51.800000000000466
141,0.692685837472,-5.43085246797,-8.45752460766,9.87303881291,51.800000000000466
142,0.150131088139,-2.85272976795,-8.60250792146,14.6982116296,51.800000000000466
143,0.478096539438,12.5638868571,-10.9257951557,9.7610210232,51.800000000000466
144,1.00189122552,-51.6504576778,-88.6056494933,-5.25550979653,51.800000000000466
145,0.22583705648,-6.66199543288,-6.25297786346,10.0470947539,51.800000000000466
146,1.18723310494,-9.91000797949,8.66669342934,23.2344351086,51.800000000000466
147,0.490792689045,-9.21551803222,-4.09444621381,6.81591546906,51.800000000000466
148,0.228646703428,-2.72672180894,-8.77433052083,8.7747532631,51.800000000000466
149,0.362764755894,-5.43891151832,-8.41776285471,12.6024551262,51.800000000000466
150,0.291153622202,-5.28488494243,-5.4157616256,10.5160225007,51.800000000000466
151,0.506716331568,-3.66905357916,-10.4271421554,9.69119015049,51.800000000000466
152,0.683066813442,-2.38406020375,-8.86382052265,10.1072697302,51.800000000000466
153,1.00401575064,-5.17922627966,-7.1559184712,6.75220759246,51.800000000000466
154,0.713153838225,7.57507849953,5.66533983864,29.7720497963,51.800000000000466
155,1.4293551547,-1.63897852572,-8.80578733775,-1.86617503508,51.800000000000466
156,0.160677220785,-3.55221788819,-9.52337639598,8.76030761543,51.800000000000466
157,1.24873427332,-4.57294759879,-7.43294014993,10.9095991316,51.800000000000466
158,0.314937534586,-4.49579392203,-10.4204687257,10.4572957617,51.800000000000466
159,0.444064584252,-5.30546644407,-12.3253700855,17.4244380315,51.800000000000466
160,0.273812118852,-3.6433782265,-8.98515491425,10.0412392569,51.800000000000466
161,0.251642927344,-12.2282247375,-5.25899499106,-1.44504635996,51.800000000000466
162,0.115742599248,-5.10634118905,-9.72962474902,7.98954313935,51.800000000000466
163,0.653823610494,-4.62984771542,-9.36163628727,12.1923030406,51.800000000000466
164,0.273791287935,-13.1645634596,55.3640943914,-24.8690986357,51.800000000000466
165,0.106651540736,-5.34615649907,-11.2104055981,10.539991639,51.800000000000466
166,0.291438079599,-4.38842204751,-5.84759493124,9.07267018718,51.800000000000466
167,0.184016212274,-2.21960409122,-9.85457490326,11.3853535237,51.800000000000466
168,0.127673334724,-6.73403267306,-10.6849967069,7.37511079952,51.800000000000466
169,0.112253809612,-12.6179819726,-4.97477276614,11.1113721211,51.800000000000466
170,0.102199825999,-3.84129697984,-3.94252346782,8.88584934843,51.800000000000466
171,0.79545789485,1.92470173675,-5.74552523859,9.38776120459,51.800000000000466
172,0.498560501986,-26.6923471375,-67.8264864971,-90.6209906865,51.800000000000466
173,0.316632784538,-7.22370884622,-6.99875498929,13.0127217244,51.800000000000466
174,0.26694140707,-4.05728305713,-6.80007114875,13.4310295891,51.800000000000466
175,1.37196654884,-4.33915519946,-8.73891223293,9.71316782836,51.800000000000466
176,0.110078600647,-6.35758765446,-9.82731604391,12.1123239323,51.800000000000466
177,0.139174531558,-9.29309632363,-6.97244837079,10.3010118749,51.800000000000466
178,0.142724508534,-7.20902502343,-1.274250594,11.5111595476,51.800000000000466
179,0.377448708485,-5.02521881384,-8.5119512737,13.7615347177,51.800000000000466
180,0.2838333641,7.08170270597,-35.8113813447,9.10707695317,51.800000000000466
181,0.410721889745,5.03859057218,-7.96512677715,17.3537061637,51.800000000000466
182,0.215966269815,-4.6856942183,-13.4722934024,11.1116947526,51.800000000000466
183,0.255382991235,-7.54507389967,-8.88231122395,4.31712157689,51.800000000000466
184,0.141978526129,-6.22025721503,-7.60109157416,9.73575937914,51.800000000000466
185,0.541007338322,-7.7255831002,-1.78159938786,3.98486082301,51.800000000000466
186,0.177619022934,-4.0389259616,-8.8578918774,9.5754960146,51.800000000000466
187,0.98717189655,-3.61515120386,-4.87410615572,14.7626138409,51.800000000000466
188,0.143328855379,-2.15007239907,-7.34550648061,4.30467664411,51.800000000000466
189,0.197640379055,-4.50482159833,-3.42131071262,11.9176263553,51.800000000000466
190,0.113058155032,1.12483430572,1.60633709323,15.3776063093,51.800000000000466
191,0.100588696656,-2.77300698604,-9.21151387703,9.92289512079,51.800000000000466
192,0.169107599082,-0.992647463571,-4.81164803799,15.0865971538,51.800000000000466
193,0.208031760036,-2.48220372405,-7.75988003704,11.8900062722,51.800000000000466
194,0.547109468553,-1.63228087202,-14.5478219589,18.6415960017,51.800000000000466
195,0.445606661715,-0.579748294562,-7.15650757063,11.0035451646,51.800000000000466
196,0.525087762107,26.7349837064,18.6108266768,0.674655894144,51.800000000000466
197,0.433519273823,-4.19024879795,-17.719283759,-9.74315538807,51.800000000000466
198,0.24491284981,-3.21085228216,-8.58016069282,13.067536949,51.800000000000466
199,0.373223152957,-3.38439253298,-8.05401887734,10.6814477097,51.800000000000466
200,0.365163825832,-4.045649415,-11.7571705789,12.3322874018,51.800000000000466
201,0.133543909755,-6.08847027813,-4.2384434576,9.61171380147,51.800000000000466
202,0.100742124244,-5.01342431495,-9.62868483074,10.0003734424,51.800000000000466
203,0.152662448623,-3.86817712952,-9.55033710826,10.5949012017,51.800000000000466
204,0.689573168061,-7.69501692285,-8.35619568255,8.53015763404,51.800000000000466
205,0.54282562032,1.8961755459,-11.0038362942,12.3473882153,51.800000000000466
206,0.786682684602,-7.29412233446,-9.50475157994,9.35087193302,51.800000000000466
207,0.50056725808,-0.43852891371,-5.94191705486,10.5246905018,51.800000000000466
208,0.726735995447,25.6131306693,23.7845450781,-91.7165885007,51.800000000000466
209,0.322351935753,-11.1656398511,-0.365956361501,21.3383157623,51.800000000000466
210,0.530026933923,7.95961582564,-15.7404386099,19.1977935025,51.800000000000466
211,0.131048190658,-4.77186198083,-8.51450706698,10.1760934548,51.800000000000466
212,0.139953905229,-4.52798064904,-7.79294039727,7.77078510331,51.800000000000466
213,0.317639075615,-6.89341803631,-13.2142989576,13.1913211273,51.800000000000466
214,0.198363280244,-4.37705952957,-10.7128314515,10.5758162908,51.800000000000466
215,0.428506359252,1.26735799598,-6.09692835862,11.8352102702,51.800000000000466
216,0.193497999813,-9.05773808013,-8.20988681715,10.2615736242,51.800000000000466
217,0.337710756177,-7.59352723565,-11.0393563033,9.11507991072,51.800000000000466
218,0.101000662182,-5.12697452882,-0.140783824165,-35.7577952116,51.800000000000466
219,0.376208724949,-4.05180981899,-10.1158554981,10.4278907695,51.800000000000466
220,0.420897382286,-8.16795764636,-9.84568570986,13.7012490105,51.800000000000466
221,0.337200489407,0.142288713595,-20.0036381007,6.82508208788,51.800000000000466
222,0.194582874349,-4.67508590889,-11.8852292783,9.43330502916,51.800000000000466
223,0.270812700963,-7.82102604774,-6.89727365137,11.4632423037,51.800000000000466
224,0.11105784889,-3.89109140403,-9.88341878938,9.57924497846,51.800000000000466
225,0.476481549337,0.102115253938,-13.7017301154,9.60622230759,51.800000000000466
226,0.166104184408,-7.3808240552,-3.23719350165,10.2382728296,51.800000000000466
227,0.57539687535,-4.31393554555,-9.25960807184,11.5233254856,51.800000000000466
228,0.123455637794,-0.697872830531,29.5120231549,0.253465450414,51.800000000000466
229,0.980910980365,-5.80972318301,-8.30402052003,10.5306145981,51.800000000000466
230,0.143318505301,5.25777116819,-7.84256665986,14.4557059839,51.800000000000466
231,0.443309939657,-5.84527932827,-7.30815780715,7.96233600999,51.800000000000466
232,0.338868053048,-7.5498350965,-8.64329601145,10.6656788116,51.800000000000466
233,0.128897813256,-0.899508830364,-10.2251924564,11.7380762764,51.800000000000466
234,0.301145044973,-10.8433665108,-5.90481319522,4.86098779728,51.800000000000466
235,0.103875502288,-3.20017502629,-9.41009937369,7.78364968134,51.800000000000466
236,0.455456919149,-6.49695568124,-6.98405809474,9.78672652808,51.800000000000466
237,0.104778647786,-7.13179016478,-8.7962647219,11.3162853285,51.800000000000466
238,1.39640953816,-4.63519176662,-10.0723915151,5.42164863017,51.800000000000466
239,0.373683280171,-2.40032930061,-8.52506367324,6.71123839889,51.800000000000466
240,3.88486551999,-7.65130141627,-28.7247236972,-26.9918175933,51.800000000000466
241,1.31839220373,-3.03967807027,-7.66939741576,9.2121424158,51.800000000000466
242,0.381673868029,-4.9479563133,-5.55077190648,11.6014641754,51.800000000000466
243,0.948854377899,-3.43932672722,-6.95291536589,9.47961048768,51.800000000000466
244,0.174152651144,33.5802463038,-10.2356153041,23.8169600315,51.800000000000466
245,0.129583414859,-2.22783970596,-4.36003303842,11.3651380669,51.800000000000466
246,0.494608274845,-1.92795849982,-13.2903530178,5.6950551366,51.800000000000466
247,0.226125004029,3.18720872336,-10.2240777972,6.12958420011,51.800000000000466
248,0.10775263486,-5.27927088453,-8.18680352275,10.0116983472,51.800000000000466
249,0.502845342385,-3.91676936072,-9.81260337991,11.9667901666,51.800000000000466
250,0.115232459946,1.5472459861,4.57481192446,7.56378505744,51.800000000000466
251,0.181055797577,-5.61215424845,-6.86907041639,10.485610527,51.800000000000466
252,0.16272794638,-26.1018383281,16.5894376107,47.0835061282,51.800000000000466
253,0.896149969243,0.119281213642,-10.6926043405,5.34712377985,51.800000000000466
254,0.273177135154,-4.20315337074,-10.0699083959,7.19342001355,51.800000000000466
255,0.108261871674,-1.0472415254,-0.38474928769,11.7354780524,51.800000000000466
256,0.544874485878,-6.26922512398,-8.99669270538,6.61516808255,51.800000000000466
257,0.900936651727,-10.0374201537,-14.6619915868,2.95426401875,51.800000000000466
258,0.131702163552,-4.25092052153,-10.2243835661,9.40308590126,51.800000000000466
259,0.122594550512,25.6050303213,-34.3901980528,15.0685650803,51.800000000000466
260,0.186557951164,-3.94299380157,-9.02265303743,9.43915317517,51.800000000000466
261,0.106539703419,-6.20909897159,-8.68995303781,11.9016910595,51.800000000000466
262,0.102495005584,-10.9823057832,-8.63723986055,15.2776746326,51.800000000000466
263,0.267392930256,-3.99472533613,-9.69139340603,11.2591732605,51.800000000000466
264,0.362910178915,-5.92193569704,-10.9394949396,12.3043020699,51.800000000000466
265,0.242803558554,-5.4444197459,-9.70252575245,8.83821081544,51.800000000000466
266,1.89990681063,-3.56734538767,-8.56278127195,10.137131582,51.800000000000466
267,0.211342188762,-5.00233961558,-6.98751520823,9.53853881032,51.800000000000466
268,0.679867838241,-4.40705861423,-10.9790246161,7.26517269588,51.800000000000466
269,0.359008932325,-2.89331136322,-14.9311334277,5.43153263322,51.800000000000466
270,0.142028409178,-18.9187420778,4.07391506845,19.2380360207,51.800000000000466
271,0.119673203443,-5.94805131866,-6.062710948,10.0273694317,51.800000000000466
272,0.101064876427,-3.55054141591,-11.990394443,9.39109148541,51.800000000000466
273,6.08486329186,-4.19372504912,-8.88041143531,10.5380979853,51.800000000000466
274,0.22252594802,-5.1180769476,-9.52068535964,12.409140601,51.800000000000466
275,0.116014451622,-2.90992251758,-3.08550798595,11.5902949643,51.800000000000466
276,0.347314491559,-3.79922107469,-10.5873892052,9.54378704616,51.800000000000466
277,0.477082806481,-5.22376404436,-7.92881756167,11.3503854909,51.800000000000466
278,0.171202150828,-6.23063119413,-17.3696354294,3.42445342822,51.800000000000466
279,0.911512011587,-2.84922593456,-8.15711019481,10.6634410337,51.800000000000466
280,0.167898325955,30.662283707,11.4769843193,30.5047633832,51.800000000000466
281,0.578303076469,-7.05525601165,-6.40773214962,11.738530727,51.800000000000466
282,2.03828576928,-7.11229489616,-11.2308858107,8.9147266455,51.800000000000466
283,0.11083794372,-1.98552922163,-8.81714372037,7.82107161475,51.800000000000466
284,0.183139515343,-5.57834180782,-6.93769411209,9.28088296197,51.800000000000466
285,1.10487003504,-1.67904504789,-4.16676652888,9.00540648956,51.800000000000466
286,0.123621289001,-11.5215806085,-9.67442169985,4.47018610074,51.800000000000466
287,0.488901805356,-5.99785280864,-7.45222906715,12.377982404,51.800000000000466
288,0.314285706826,-6.548605702,-10.8205252368,10.1471256452,51.800000000000466
289,0.150309609382,-4.62945908087,-8.89712520941,10.0943353345,51.800000000000466
290,0.10369164437,-2.06579196252,-4.79051431626,12.128011884,51.800000000000466
291,0.123091899924,-6.43825884082,-11.279278727,6.45433366584,51.800000000000466
292,0.227377289062,-5.83048284492,-6.45718530105,1.18934918709,51.800000000000466
293,0.123257575761,-51.0126070027,-4.29883003828,-22.9614478641,51.800000000000466
294,0.498587287641,-2.45070365539,-12.4235864536,11.3985887453,51.800000000000466
295,2.4528612742,-3.88525379671,-8.74735685954,11.1354292509,51.800000000000466
296,3.78306773026,5.55872703403,-21.2195080238,4.04192811414,51.800000000000466
297,0.155973705777,-3.95559903987,-6.07343601033,10.1417542394,51.800000000000466
298,0.112569116787,-4.81503234433,-7.76502387377,11.2843074361,51.800000000000466
299,0.548787371157,-4.28863607539,-9.66832752848,9.17041479136,51.800000000000466
300,0.288240125918,-5.5634616374,-30.9497099449,7.7453935944,51.800000000000466
301,0.160255079005,-4.53295680682,-8.84586225401,4.92544881468,51.800000000000466
302,2.69164524234,-3.44444782804,-9.0536478967,9.85893764199,51.800000000000466
303,0.130526463109,1.58092790992,-11.3577681198,8.29053183226,51.800000000000466
304,0.122226312436,-5.12416849607,-11.5635097886,14.0820555993,51.800000000000466
305,0.190287367589,-5.19326965135,-12.1608805007,10.0989058943,51.800000000000466
306,0.113760727534,-7.15688588937,-5.84407781664,8.22764926725,51.800000000000466
307,0.228704863505,-6.32419107913,-4.2067889283,13.0358102429,51.800000000000466
308,0.267831994891,-5.75059651052,-12.3934891449,10.1882403124,51.800000000000466
309,0.572439111033,-2.62238071196,-8.33696311356,8.66566116684,51.800000000000466
310,0.411188686985,-3.97610959108,9.58714378742,14.6579297582,51.800000000000466
311,0.33913533899,-7.32204209752,-10.1870564618,11.6158958387,51.800000000000466
312,0.151981501087,-6.94706976523,-7.01192007459,10.648069857,51.800000000000466
313,0.127212943962,-2.91384212183,-8.18667098011,9.84689494572,51.800000000000466
314,0.902021610473,-0.0205834285474,-7.00593374105,11.9246406247,51.800000000000466
315,0.273357875865,-5.62416486879,-10.6247919205,13.6201712714,51.800000000000466
316,0.158854504652,-7.01682400617,-7.51147235533,9.91102319579,51.800000000000466
317,0.114167005389,-4.55677564013,-11.4032369196,6.30809714259,51.800000000000466
318,0.179665921587,-6.29187998011,-9.66198790909,4.05906294263,51.800000000000466
319,0.125067583092,-1.59379593115,-9.39114253735,8.46824787369,51.800000000000466
320,1.50216544628,-33.9937064415,-8.02098363313,-16.5722005128,51.800000000000466
321,0.119612399549,-8.58031741753,-16.535566747,17.2985090862,51.800000000000466
322,0.709809122879,-3.9146550892,-9.07720605385,10.8346585507,51.800000000000466
323,5.00098118046,-12.0816641943,-5.31837149226,16.0245114561,51.800000000000466
324,0.345574002042,-2.67837576276,-9.70231208454,11.2994887987,51.800000000000466
325,0.177535690631,-0.0829517532554,-6.7970231316,13.8478164514,51.800000000000466
326,0.174556951344,-5.17021731659,-6.54831120413,8.52996387398,51.800000000000466
327,0.118888284274,-6.00329048222,-3.73445646051,15.7069563891,51.800000000000466
328,0.573082672157,-5.21353198627,-7.67465023393,10.0216750582,51.800000000000466
329,0.287470984902,10.1514464989,10.9767998498,-9.03602901449,51.800000000000466
330,0.502208492852,-2.29542544666,-11.0031919598,10.8472734447,51.800000000000466
331,0.19467117831,-0.743391025694,-5.73793804993,9.45005162436,51.800000000000466
332,0.211966415662,-12.7097937389,-16.1248954301,16.8679511513,51.800000000000466
333,0.240149090404,-4.62917227851,-10.6423943212,8.74679179373,51.800000000000466
334,0.58272018304,-3.58178756946,-7.44533224307,12.0098657807,51.800000000000466
335,0.174496929913,-7.12264717927,-8.81616312901,13.5714117475,51.800000000000466
336,0.180367524141,-7.15633698586,-10.4047097385,10.2536608987,51.800000000000466
337,0.493073182089,-5.80341053256,-11.0986040877,6.74630129098,51.800000000000466
338,0.436015033363,-4.26876950864,-8.95002395292,8.78903262446,51.800000000000466
339,0.230820692535,6.7436055774,-7.05997110063,32.435438805,51.800000000000466
340,0.381563895173,-6.09612725145,-11.804515583,8.79605017472,51.800000000000466
341,2.13040993457,-5.90447986028,-8.6615937515,10.9858291112,51.800000000000466
342,1.7758306201,-3.2473972591,-8.29457444472,10.711454692,51.800000000000466
343,0.100514459366,-6.43046329627,-3.01680491465,14.6962760571,51.800000000000466
344,0.934801243088,-3.56397753684,-4.20779916756,7.93351261254,51.800000000000466
345,0.267073022757,-3.39128242351,-5.66991356539,9.16241324662,51.800000000000466
346,0.192047736238,-2.70655331861,-5.56938384512,11.8747682917,51.800000000000466
347,0.215671983415,-5.41054436566,-9.84593576504,7.25750033252,51.800000000000466
348,0.127256749607,-1.55049255068,-11.2401621742,11.1335272926,51.800000000000466
349,0.137640008397,-3.73721186417,-8.3340213536,11.4768057213,51.800000000000466
350,0.111969172232,-4.18183643229,-9.15704790744,9.76081598566,51.800000000000466
351,0.175904657458,-4.8727328459,-7.48686727102,9.06406307072,51.800000000000466
352,0.272263011452,-2.901049535,-7.08494189872,8.03704976794,51.800000000000466
353,0.547629884471,-3.3690523236,-9.31062057562,9.93999323748,51.800000000000466
354,0.282653774203,-3.43616221337,-4.50031492653,9.15030081481,51.800000000000466
355,0.249302773566,-11.281507878,-8.90214389658,11.391614575,51.800000000000466
356,0.446043518879,-4.21887041132,-10.8536743871,10.9260727653,51.800000000000466
357,0.130630371039,-5.41816529459,-8.2463335909,10.8390974715,51.800000000000466
358,0.269647385325,-9.66617418255,-10.8694031979,21.3339923768,51.800000000000466
359,0.769044542485,-0.497489844086,-4.33723557863,2.46648826521,51.800000000000466
360,0.168266058353,-10.2911734995,-20.5612039295,18.8987048954,51.800000000000466
361,0.384641138847,-1.46223565468,-10.250793045,12.3402439357,51.800000000000466
362,0.145545676246,-17.3437563507,19.9765716551,10.9385230003,51.800000000000466
363,1.08410396794,-6.58919406019,-9.71268694809,11.5383077641,51.800000000000466
364,1.23333227775,4.69217731154,-4.93416607205,9.66265812536,51.800000000000466
365,1.27822943536,-14.2179245776,9.89618468349,-9.39553874109,51.800000000000466
366,0.448941439413,-6.82903034498,-4.85056629101,11.7852637428,51.800000000000466
367,0.518532129318,-4.34700177998,-10.0219988886,9.46645285581,51.800000000000466
368,0.18242358346,-5.85150659946,-9.09565286453,9.73040942904,51.800000000000466
369,0.127166600953,-4.87466928802,-11.7254689218,11.5944148365,51.800000000000466
370,0.320770230591,-6.47397216876,-7.37577292339,8.99171210893,51.800000000000466
371,0.864256797095,1.45836852521,-7.77388252629,13.8747709877,51.800000000000466
372,0.238313241611,-2.57849613886,-8.66247768648,5.16945333719,51.800000000000466
373,0.24862089234,-6.46686650393,-11.6908959408,11.5277689976,51.800000000000466
374,0.291524298152,-1.99950973783,-11.2594307904,12.6693204876,51.800000000000466
375,0.807926056854,-8.39970943013,-8.11190142983,7.32157303902,51.800000000000466
376,0.477549913911,-7.36798320767,-7.90670995132,10.9814969394,51.800000000000466
377,0.127267787315,14.7208962275,-1.97803473721,30.8812530702,51.800000000000466
378,0.687075557219,-2.40836200199,-8.34398117741,11.5523540952,51.800000000000466
379,0.336392204958,-1.32726416213,-8.29304780777,9.87139111353,51.800000000000466
380,0.403654570184,-6.9523986927,-1.86621873962,16.3608909118,51.800000000000466
381,0.472095125304,-4.00182384019,-8.84989166246,9.21780278333,51.800000000000466
382,0.35462453957,1.76589249789,-18.1305368458,4.09105672195,51.800000000000466
383,0.122783733247,-5.10826671249,-10.0007647209,10.8196347844,51.800000000000466
384,0.205704949258,-4.68473085553,-8.25210120932,7.93939998685,51.800000000000466
385,1.13923458019,-3.85451704068,-8.94432111056,10.2698531552,51.800000000000466
386,0.555355442961,-5.70851255643,-13.576666463,14.2286015475,51.800000000000466
387,0.525274446983,-2.89754805654,-11.2677984015,5.54402895732,51.800000000000466
388,0.169159473672,-5.29433431764,-8.80766929476,9.57079115949,51.800000000000466
389,0.93451763662,-4.29644275012,-8.7017539904,10.62156598,51.800000000000466
390,0.171139727905,-0.745221202479,-8.70880466974,10.8962607976,51.800000000000466
391,1.30554037804,-5.42963646004,-8.99286496294,10.0588223729,51.800000000000466
392,0.939266602864,21.7334896931,-8.33468902219,19.5444191149,51.800000000000466
393,0.1173940786,-5.0362039989,-5.3271782648,10.5075519679,51.800000000000466
394,0.361087251844,-5.89297998847,-0.111366508758,-4.02432346245,51.800000000000466
395,3.72712578158,-5.21994899997,-7.91839592059,8.47997815841,51.800000000000466
396,0.509540706745,-2.18639115806,-5.89036527074,9.43587811005,51.800000000000466
397,0.125068417769,-3.42589301732,-8.69229572916,10.5488115633,51.800000000000466
398,0.193280435562,0.0930212648012,-12.6316532772,7.31914221153,51.800000000000466
399,0.35069735319,-3.63844210183,-8.20578738841,11.1922535367,51.800000000000466
400,0.210080080347,-2.99215322102,-10.8447896796,10.4422563428,51.800000000000466
401,0.211701037152,-3.48936621103,-9.53482187204,10.8089849508,51.800000000000466
402,0.135438871366,-4.57971896135,-11.6659766874,10.0642304125,51.800000000000466
403,0.435833672467,-0.552998667789,-4.0604728662,13.0097782437,51.800000000000466
404,0.211737685704,-8.76403116753,-7.30666128329,15.4112573737,51.800000000000466
405,0.342524411063,-5.11930446771,-6.22502252382,10.4116366999,51.800000000000466
406,1.42285708344,-5.5953468311,-8.43531006081,10.411003403,51.800000000000466
407,0.105691858694,-2.76920704216,-8.00236136293,8.82969306362,51.800000000000466
408,0.138358832415,-4.76344491013,-6.45489582754,11.9941555379,51.800000000000466
409,0.103247917955,-5.42164106364,-9.37339900897,15.1890760045,51.800000000000466
410,0.120604469448,-4.01643091925,-11.2795742498,13.1625260626,51.800000000000466
411,0.881242808643,-2.896849477,-7.60730147738,10.4761981616,51.800000000000466
412,0.242000615829,-4.56681946335,-6.50486413618,10.9728245447,51.800000000000466
413,0.194289039718,-13.9760488412,-17.2466183402,10.5318741855,51.800000000000466
414,0.3151648196,-20.9761662356,13.333651513,26.0032073466,51.800000000000466
415,0.119807023947,-5.38920808658,-8.28478141714,9.19810097358,51.800000000000466
416,0.243655351918,10.2813852536,33.9629230621,-9.73049208576,51.800000000000466
417,0.220433259381,-3.66844325177,-9.90134402589,7.91507280069,51.800000000000466
418,0.173566594671,-3.78041616659,-9.23606256616,8.32730776255,51.800000000000466
419,0.112592727439,9.4737016839,-3.06683404666,-4.37915361599,51.800000000000466
420,0.952960636537,-3.99644118349,-9.04395590745,8.55392774886,51.800000000000466
421,0.18687787103,0.978486439764,-8.02080490306,11.2057257535,51.800000000000466
422,0.134167767277,-6.40332450419,-17.0357284798,8.5773437157,51.800000000000466
423,0.423533565336,-4.00291707651,-4.17040285823,8.34279155008,51.800000000000466
424,0.514319574737,28.8736403115,76.1375522129,42.763907144,51.800000000000466
425,0.309933799777,-5.1984755135,-8.54290171387,8.16485131944,51.800000000000466
426,0.1794087847,2.70301589003,-6.9515466284,10.2764898701,51.800000000000466
427,0.606025805173,-1.5843258465,-8.11064120345,12.133416244,51.800000000000466
428,0.329158217061,0.950517882238,4.77259855169,-0.955633863208,51.800000000000466
429,0.18880596419,-1.91274446482,-9.73726065802,1.32122166216,51.800000000000466
430,2.00307614055,1.48995862675,-0.14699770197,14.0531056887,51.800000000000466
431,0.147362370346,-2.09020020543,-8.28683743902,6.15917556578,51.800000000000466
432,0.196598849002,54.5687690254,-1.63297808832,16.063767386,51.800000000000466
433,0.226722367087,-8.24538242521,-11.0028454458,16.0090063962,51.800000000000466
434,0.269980769862,-5.65855656581,-8.26012756773,8.41580891088,51.800000000000466
435,1.05701321905,-3.03703648279,-7.2890413476,10.8977146016,51.800000000000466
436,0.119437310808,-4.83202795788,-10.8233034527,7.10217771008,51.800000000000466
437,1.36070161175,-5.17677293964,-3.91214528464,10.397010893,51.800000000000466
438,0.128752431504,-5.01643830278,-6.98319079121,13.5346815828,51.800000000000466
439,0.98406319485,-10.1250841893,-4.61219683232,3.1077999193,51.800000000000466
440,1.50032387876,-4.71101782903,-8.09521581654,10.2249655739,51.800000000000466
441,1.52090059485,-3.78719522331,-9.46706729862,10.688005357,51.800000000000466
442,0.438363288839,-3.85906126229,-9.87292289645,12.9467445777,51.800000000000466
443,0.306281624321,5.78650602822,7.57620208579,18.5895318045,51.800000000000466
444,0.136520865145,-5.04611765797,-6.66236125482,11.9410291422,51.800000000000466
445,0.179733294728,-3.7522915305,-2.40289272201,22.8625534061,51.800000000000466
446,0.300315796289,-1.49870752053,-8.88758999682,11.1538074612,51.800000000000466
447,3.02942583691,-3.80926172035,-8.16785386946,9.73762013389,51.800000000000466
448,0.151619262502,-3.84786052222,-7.34522626253,8.38012124325,51.800000000000466
449,0.155008301102,0.70136614103,-10.7146094203,8.69778265165,51.800000000000466
450,0.168938678675,-8.42191054858,-10.5910634461,13.8815413554,51.800000000000466
451,0.322842743612,-4.07153248348,-9.64518375516,10.0395411311,51.800000000000466
452,0.7467366243,-1.93254045357,-7.82029656994,6.22688862451,51.800000000000466
453,0.117634257656,-3.44350713448,-9.51706715057,11.0097321065,51.800000000000466
454,0.155108968711,-3.99060111642,-10.578280816,10.5637248238,51.800000000000466
455,0.326873426335,-2.19677047366,-3.51886537666,14.7708332287,51.800000000000466
456,0.141366678703,-3.79198369537,-9.40224451665,9.87500791715,51.800000000000466
457,0.323620976638,-5.05431270459,-7.47852767957,13.7956182947,51.800000000000466
458,1.22807524238,2.33901144579,0.380558703959,13.4862588015,51.800000000000466
459,0.982761066554,-3.800769595,-8.15915352124,9.64058150869,51.800000000000466
460,0.280788421488,-0.816148947788,-16.8623465063,10.1345085991,51.800000000000466
461,0.250915974338,-3.76205404479,-6.0907709147,11.0186659965,51.800000000000466
462,0.189216716784,-4.44975600445,-5.9260945508,8.59491144164,51.800000000000466
463,4.8429072447,-2.55370444556,-9.73676071338,10.9289127846,51.800000000000466
464,0.327877924176,-0.859729100555,-3.67825331772,5.86350615208,51.800000000000466
465,0.136787751525,-5.28981997786,-7.00639707482,14.1979021841,51.800000000000466
466,0.153426688691,-3.07241769993,-14.09068498,5.33350882098,51.800000000000466
467,0.169807185374,-4.07806877549,-10.9963378326,9.83212390786,51.800000000000466
468,0.12944459585,3.13164940327,-12.2137938728,16.4646362076,51.800000000000466
469,0.147114347037,-6.97875018466,-8.011451755,13.0865494811,51.800000000000466
470,0.259223066878,-5.25605163822,-5.50487200844,7.16666822141,51.800000000000466
471,0.38428943787,15.1935207278,-6.74757692697,-35.9862134384,51.800000000000466
472,0.228747493122,9.99855312282,-3.23895898728,10.7760567661,51.800000000000466
473,0.42991541822,-3.28933410685,-10.8083413514,6.24540100725,51.800000000000466
474,0.697212395684,-3.07316401642,-8.65271980438,9.41558937268,51.800000000000466
475,0.15361002648,1.03130654815,-9.86196585732,9.04921115214,51.800000000000466
476,1.257217934,-4.12086728244,-8.81276633743,9.81139378718,51.800000000000466
477,0.465998033684,-3.12752891961,-8.9961330032,8.39352896787,51.800000000000466
478,0.253654972246,17.0088786797,-13.6957763681,7.3038130697,51.800000000000466
479,0.149715247535,-2.32747428481,-8.02481843617,9.16290271908,51.800000000000466
480,0.399931685292,-5.8651629784,-5.61931676769,11.2669690404,51.800000000000466
481,1.09603428283,2.00285382463,-5.0113371974,14.5866749493,51.800000000000466
482,0.28766787468,-0.748468784957,-9.32890506522,6.306451444,51.800000000000466
483,0.185796855191,-4.59657234111,-7.78166972977,8.97435113756,51.800000000000466
484,0.190012415249,-29.286230104,35.1407574914,21.6404220858,51.800000000000466
485,0.111836024814,-5.50190398147,-9.282619084,8.97250511595,51.800000000000466
486,0.242725898018,-6.49914649312,-8.44895993832,13.3249293905,51.800000000000466
487,0.248401624993,-4.37204035102,2.85447913568,8.34688586469,51.800000000000466
488,2.38978159297,-2.314059719,-10.9491174561,6.20866189342,51.800000000000466
489,0.624944309208,-7.05818871939,-8.92520432672,8.5713490725,51.800000000000466
490,0.216527144802,-8.35229811256,-10.0166297844,8.24374889032,51.800000000000466
491,0.339764954034,-3.52538797258,-8.49028113387,10.165954389,51.800000000000466
492,0.83450770886,-6.75839631313,-9.11827850789,10.4413629023,51.800000000000466
493,0.246326852449,-3.52888465175,-10.2194241719,8.67680123174,51.800000000000466
494,2.49583133747,-3.98739266447,-6.33484849429,13.2855630165,51.800000000000466
495,0.271567646946,-5.67618512495,-11.0279251537,10.2281075472,51.800000000000466
496,0.550601013414,-2.49902786751,-10.6332848242,9.13397890081,51.800000000000466
497,10.7875235984,-3.93430154716,-8.75834136697,10.2320126732,51.800000000000466
498,0.168843364499,-8.46699478953,-15.4384810832,9.83139964767,51.800000000000466
499,0.125150614071,-9.09294869297,-7.32742318884,4.85807586102,51.800000000000466
500,0.357852258672,-5.10867949154,-7.71390290982,10.6133018127,51.800000000000466
501,0.101749926364,-5.90884508735,-7.82838104404,9.52666812806,51.800000000000466
502,0.605615374467,-3.17375415137,-7.33219439577,10.5194865838,51.800000000000466
503,0.429235211888,-3.83451818516,-5.31757529149,8.07399968097,51.800000000000466
504,0.580470088433,-5.1303064882,-7.08871412589,7.89443237528,51.800000000000466
505,0.640315502088,-2.31898812469,-6.91776541472,13.7848617827,51.800000000000466
506,0.18959198884,-2.82313016142,-6.74930054585,10.2026097639,51.800000000000466
507,0.974320175506,-23.3452804556,21.0850883607,14.3584273444,51.800000000000466
508,0.213003300123,-4.70000191205,-4.88092059033,12.6408568753,51.800000000000466
509,0.113985589432,-3.37570927694,-6.46819430509,7.78677309959,51.800000000000466
510,0.10748659358,-0.235730101051,-7.87678732899,8.73010395687,51.800000000000466
511,0.161038870138,-23.0085741291,-9.27740948987,3.06721766536,51.800000000000466
512,0.343326997897,33.4826297457,8.43075443188,-13.0222153077,51.800000000000466
513,0.511676258308,-8.95210223784,-9.93852751803,6.32752933858,51.800000000000466
514,0.182707264623,-20.5872311462,-2.48177763752,13.5773853629,51.800000000000466
515,0.698645439299,3.95876573133,-8.1424713597,13.2837618332,51.800000000000466
516,0.560116710185,-4.17470160888,-7.69353940322,10.9481311121,51.800000000000466
517,1.1354923776,-4.61142084745,-9.52872397187,11.0163868547,51.800000000000466
518,0.119847752028,20.9677457874,-17.6060302759,11.7744799844,51.800000000000466
519,1.03393447975,-7.46795307147,-8.91443675311,11.3591730144,51.800000000000466
520,0.588497204227,-17.6028579312,-26.988696621,-3.85804416429,51.800000000000466
521,0.203159099998,-2.39277137039,-15.8009469761,1.79828455784,51.800000000000466
522,0.19615836759,10.9875483603,23.4685619344,9.72651949911,51.800000000000466
523,0.120592578496,0.996131146068,-11.5889940367,12.1891956343,51.800000000000466
524,0.157914490361,-4.02265115194,-9.75014621051,6.43234580925,51.800000000000466
525,0.431912336962,-5.95537547888,-11.8681909056,5.80961427442,51.800000000000466
526,0.207801995433,-4.9255057862,-10.1518507278,7.4216272461,51.800000000000466
527,0.154331615309,-3.76370792986,-7.07241028602,11.3619319629,51.800000000000466
528,0.193113379544,-5.81776935623,-4.31067181745,10.3269542423,51.800000000000466
529,0.121258492106,-5.19804236692,-7.10232359808,10.8064760235,51.800000000000466
530,8.05368531259,-4.4533447804,-8.68387572118,10.059992374,51.800000000000466
531,0.308107075167,-2.81391814923,6.92282307901,20.5523666465,51.800000000000466
532,4.22257577558,-1.87344281041,-10.4974555078,13.3632282316,51.800000000000466
533,0.23389314462,-0.337092013299,-11.1850899642,11.0685505825,51.800000000000466
534,0.238908224495,-2.9741329361,-9.37108825296,8.32117635536,51.800000000000466
535,0.224750429226,15.7481943938,7.05516573737,21.3271605493,51.800000000000466
536,0.210555059132,5.04710958326,-18.6490461823,23.1478335155,51.800000000000466
537,0.379609073822,-6.59888700775,-16.3791735119,13.8364764235,51.800000000000466
538,1.09047940998,-3.9327670528,-9.10947489634,10.433513599,51.800000000000466
539,0.170639564605,-5.15586643636,-9.38351084892,12.1299793532,51.800000000000466
540,0.139291463278,-2.03726756504,-8.26378365748,13.2827061168,51.800000000000466
541,0.294615613969,-7.14176328872,-6.45469904005,14.2449240592,51.800000000000466
542,0.760211825022,-4.6407153019,-9.87138456583,10.465130236,51.800000000000466
543,0.104193727892,-5.61729691763,-9.62467782214,6.42168716905,51.800000000000466
544,0.123787539601,-4.97195764637,-11.447359024,10.8336585521,51.800000000000466
545,0.363583368482,-10.2663835266,1.97809021165,21.4551126424,51.800000000000466
546,0.298832801419,-5.17073945321,-0.0145271188023,6.50083665383,51.800000000000466
547,0.8194530325,-3.94786540404,-7.62528592089,10.4491254297,51.800000000000466
548,4.01341721212,-7.29945694046,-7.58024911193,10.729038481,51.800000000000466
549,0.680328500052,43.0370456337,23.0151998914,-9.09178425007,51.800000000000466
550,0.102401652389,-7.44744684359,-7.57668948957,14.2442965512,51.800000000000466
551,0.35506981689,-2.84713793885,-9.8518530903,8.47556738623,51.800000000000466
552,1.77474865066,-3.1538868682,-6.92277312902,9.57117375404,51.800000000000466
553,0.455083442518,-7.35119095221,-9.28122469509,8.16104656648,51.800000000000466
554,0.193696760354,1.20084287433,-6.2818539801,0.825244860771,51.800000000000466
555,0.615876700857,-29.5384479433,-8.19986108476,7.82167686606,51.800000000000466
556,0.59570082464,-5.74353039908,-9.13638465937,9.16826764355,51.800000000000466
557,0.233021596982,4.97388795544,5.83331290396,12.7326502097,51.800000000000466
558,0.306388309788,-6.27861011833,-3.76159803631,14.6056030213,51.800000000000466
559,0.116000552807,1.64402537676,-10.9667203335,12.0498039076,51.800000000000466
560,0.776518352991,-3.23088158458,-9.24124188058,11.0633663967,51.800000000000466
561,0.106171815064,-8.03739564938,-12.2669683212,8.21506888703,51.800000000000466
562,0.315338675891,-3.19564637435,-9.38547333895,10.582805044,51.800000000000466
563,0.284959360212,4.22444367341,-9.72840101658,-1.29878235368,51.800000000000466
564,0.394320952561,-21.1468364688,-16.9408950717,-16.9645369702,51.800000000000466
565,0.136289745543,-3.75812472904,-7.33426813913,14.2377672114,51.800000000000466
566,0.393399941501,-4.63744617037,-7.13139175847,12.3260684695,51.800000000000466
567,0.942821458753,-1.90878864617,-9.89341365556,5.56914482798,51.800000000000466
568,0.50301722784,-3.35228944529,-10.5278426148,12.8161089946,51.800000000000466
569,0.139530933334,-4.43951491684,-8.22862933116,6.41462290763,51.800000000000466
570,0.660342291916,-3.93072405748,-7.39755758084,9.99181129219,51.800000000000466
571,0.125717205795,-1.93480453064,-7.8079411267,8.8588142861,51.800000000000466
572,0.228942068409,-3.52403651028,-25.0937704458,21.5914077586,51.800000000000466
573,0.333451419928,-4.66455972697,-10.9707405675,7.26324430473,51.800000000000466
574,0.306686342833,2.51436687732,-11.1515675066,6.19412355551,51.800000000000466
575,0.525409983807,-4.4991509179,-8.43886039433,6.67782557999,51.800000000000466
576,0.164387152259,-3.34594455109,-1.07927652502,4.03970532251,51.800000000000466
577,7.05234237369,-3.95042825637,-8.95708277037,9.30438803574,51.800000000000466
578,0.30210318642,-5.14491124818,-10.7189174052,7.77483730906,51.800000000000466
579,3.04291071421,-1.00941634344,-7.44376126816,11.3154216316,51.800000000000466
580,0.385370953971,-6.78216511612,-5.97269062278,13.1041137969,51.800000000000466
581,0.283737468252,-3.97311960771,-9.6377158417,9.85331248464,51.800000000000466
582,0.113912315705,-7.04224485151,-8.59551522973,11.0199852304,51.800000000000466
583,0.292061663846,-2.72355704047,-9.29244746105,6.67338381426,51.800000000000466
584,0.461297035234,-10.0770238877,-7.80081343067,9.5057808848,51.800000000000466
585,0.218168539178,-2.93013423627,-7.83147023359,9.49664888517,51.800000000000466
586,0.318376426308,-7.64254573116,-1.20898956444,20.4588757113,51.800000000000466
587,3.84193902831,-2.73350467307,-6.64211681511,12.5763784019,51.800000000000466
588,4.99447146397,-4.54313868036,-10.070793853,10.1801534746,51.800000000000466
589,0.923731175796,-4.83915378276,-5.26116958068,10.6616609356,51.800000000000466
590,0.48956777909,-3.67609339801,-9.15437877721,12.1114071941,51.800000000000466
591,0.112858929561,-5.94203841292,-15.9870610268,4.49549500072,51.800000000000466
592,0.173914589827,7.79905972264,-37.4233680401,31.1409788494,51.800000000000466
593,0.218583867273,-2.75354844205,-9.92061250543,10.3469466882,51.800000000000466
594,0.119086136844,-12.4379014388,1.4750750334,-5.63421489617,51.800000000000466
595,0.232551811236,9.94903480083,-13.382095294,11.2862502078,51.800000000000466
596,0.157763168877,-4.2443938723,-8.00512912904,10.2672893612,51.800000000000466
597,0.160871366506,-4.21761342806,-6.90795448976,8.97370611595,51.800000000000466
598,0.100816570895,-4.08905451101,-9.14651953106,7.90883075913,51.800000000000466
599,1.35628785843,-4.03531718082,-9.29053037787,9.4770338215,51.800000000000466
600,0.440570105938,-3.53100394989,-8.38046956171,10.2205056261,51.800000000000466
601,0.249850995959,-4.42738033586,-9.34653604865,9.03540145422,51.800000000000466
602,0.166004094437,-5.35135752132,-5.36503697742,9.77278718943,51.800000000000466
603,1.14403760125,9.92616571294,25.2027386844,5.99806845372,51.800000000000466
604,0.19363210299,-5.9679473729,-9.30143610979,11.2781888943,51.800000000000466
605,0.249744606831,-6.06226396233,-14.5098665317,10.9572128549,51.800000000000466
606,0.122263591571,-3.35737459118,-10.4899400117,11.8585087653,51.800000000000466
607,0.537172004498,-2.82680846746,-4.62411531637,10.530214601,51.800000000000466
608,0.726771192202,-8.09870858468,-11.7532446163,10.4542929087,51.800000000000466
609,0.169709061118,12.4001236635,-25.9157345716,-11.9758992992,51.800000000000466
610,0.269927890325,-5.29081040198,-10.1505637103,11.7160349709,51.800000000000466
611,0.950765068353,-7.18101468432,-7.98400094337,7.74258428724,51.800000000000466
612,0.234075472328,-4.42691657927,-9.99657583371,11.8333582466,51.800000000000466
613,0.13999699616,0.846577087568,0.253769456622,11.2808142162,51.800000000000466
614,0.651909017718,-5.9517476556,-8.11624555997,11.2834107243,51.800000000000466
615,0.102662933856,-8.13813083879,-8.97372840193,9.70508136333,51.800000000000466
616,0.231065082035,-3.14100779134,-8.23232607996,8.85363856453,51.800000000000466
617,0.390154616049,-3.02324899665,-9.77383173316,7.83276514432,51.800000000000466
618,0.102345786005,-5.80062998666,-7.91460771564,9.6266576888,51.800000000000466
619,0.111109899088,-5.72372164015,-7.43039405226,11.7073540285,51.800000000000466
620,0.6560058688,-7.5267440127,-9.48770684171,10.4002344402,51.800000000000466
621,0.149832308024,-7.23965148382,-8.71397185926,11.4667449179,51.800000000000466
622,0.394316349594,-4.22197025433,-8.5400056004,10.133903656,51.800000000000466
623,1.84755224227,14.5114632392,-17.5100836966,13.8193738502,51.800000000000466
624,2.40360854888,17.159300886,2.87536910836,13.4900459011,51.800000000000466
625,0.922790162864,14.0767168276,25.9521032,-50.6174433817,51.800000000000466
626,0.246994122759,-6.01113418201,-6.29195586267,5.54052215676,51.800000000000466
627,5.81587848482,-9.90037693106,-15.9820535932,0.969196624469,51.800000000000466
628,0.125297226552,-9.51680386409,-10.6968911072,11.7630953241,51.800000000000466
629,0.265260456208,-12.0849006223,-6.22630253893,37.7685804159,51.800000000000466
630,0.127439871308,-1.65582172259,-2.78973425423,11.2776814995,51.800000000000466
631,0.163343470738,-3.71767739458,-9.66136499481,10.3426005092,51.800000000000466
632,0.132246844103,-7.65631756533,-7.84246292211,13.6048932096,51.800000000000466
633,0.196280149883,-6.92309003012,-4.2604486865,11.690551764,51.800000000000466
634,2.91822602856,-3.14880431907,-8.26714558743,9.27117347019,51.800000000000466
635,5.52853014579,-4.93476910936,-9.28802112537,9.43020118151,51.800000000000466
636,0.17750943568,-6.16853030188,-4.01072691037,11.8240551398,51.800000000000466
637,0.110804838351,-3.86216801281,-7.5965209491,7.97655843134,51.800000000000466
638,0.148540495088,-0.936064032848,-10.2730405958,8.01473984267,51.800000000000466
639,0.169393778524,-2.72638596241,-8.26857066119,6.75368740792,51.800000000000466
640,0.68719163043,-5.01721357235,-9.28125635691,12.0328746179,51.800000000000466
641,0.134804898781,-7.21747225032,-9.30685027506,5.81524267321,51.800000000000466
642,0.206347561812,0.892748432614,-0.750459033807,16.3723380968,51.800000000000466
643,0.213423613389,-7.52536549423,-6.94780960486,4.30942272799,51.800000000000466
644,0.477375791649,-6.71255255348,-8.33922282707,9.8183371858,51.800000000000466
645,0.345156928776,-0.807905732555,-10.2093092589,10.1940816552,51.800000000000466
646,0.859185265072,-1.56918360382,-12.5644444914,13.5810005508,51.800000000000466
647,0.210680539597,11.8881237846,-13.8209916882,8.68820447354,51.800000000000466
648,1.04728253404,-8.44392698433,-12.8624945114,8.79647175795,51.800000000000466
649,0.618171208609,-3.4288556124,-13.5625666198,12.0376803147,51.800000000000466
650,0.495214647209,-3.57322659878,-11.0623954776,6.29196877641,51.800000000000466
651,0.152180081705,-2.74877849609,-6.09361011651,7.72212655593,51.800000000000466
652,0.14065249548,13.3579651811,-14.1190937185,33.4046468324,51.800000000000466
653,0.114116599943,-4.49677362024,-6.82052644647,8.28636590044,51.800000000000466
654,0.698977160082,-2.81645590239,-9.12411433038,9.61398493408,51.800000000000466
655,0.118327256427,-4.19891932293,-6.35117664341,9.10789290134,51.800000000000466
656,0.285909167714,-4.78059892288,-10.3644900394,9.32896795841,51.800000000000466
657,0.269830756149,-3.10453372054,-10.4416232795,10.3042514507,51.800000000000466
658,0.200609984428,-14.7798158457,0.140850306707,11.2572517323,51.800000000000466
659,0.130374873569,0.0608464286784,-5.83543728147,9.34026079473,51.800000000000466
660,0.118775883648,-1.50700568869,-10.5386764049,9.66038238605,51.800000000000466
661,3.13610228888,-2.6445046471,-4.18669428285,11.4055440369,51.800000000000466
662,0.10922015252,-3.43765475166,-9.08512477912,9.30763299305,51.800000000000466
663,0.240458692288,-1.44064869761,-1.30817278497,13.9676782882,51.800000000000466
664,0.145903820593,-1.65384993237,-12.6540149325,13.8193425607,51.800000000000466
665,0.250173854752,-7.1676370565,-4.83708664385,9.44021484715,51.800000000000466
666,0.300183518302,-3.0017983103,-9.55200455673,9.63584261,51.800000000000466
667,0.55242483564,-7.88685995774,-9.37505765388,16.9205900574,51.800000000000466
668,0.320702649638,-18.9997766143,-33.3345252889,-25.782605836,51.800000000000466
669,0.204287149603,-6.37176160259,-8.09910780349,7.64821566254,51.800000000000466
670,0.721017578852,-5.14061591457,-6.38830076934,8.75264679468,51.800000000000466
671,0.301145095554,-5.66867973711,-6.37813462094,10.7600889061,51.800000000000466
672,0.153824606043,-16.4117400524,-1.63810836769,1.41732133472,51.800000000000466
673,0.169275613886,-2.85823844818,-9.78527657748,12.382490134,51.800000000000466
674,0.413763692989,-4.0178352839,-9.48603448196,8.75769061142,51.800000000000466
675,0.56820067381,-4.48119604761,-7.66889231824,9.37145968749,51.800000000000466
676,0.363622416123,-2.34883748257,-10.4635645006,9.50582790209,51.800000000000466
677,1.48803748747,-6.02281713495,-8.15258074222,7.57344707049,51.800000000000466
678,1.86994030185,-4.90308358795,-7.29602798894,8.29061493213,51.800000000000466
679,0.118944997495,-9.51818972322,-9.23038705172,9.47467753439,51.800000000000466
680,0.184693342042,-5.8027708907,-9.45128367829,12.0942980763,51.800000000000466
681,0.413365099767,-9.83089954742,-17.3875674593,17.241681228,51.800000000000466
682,0.758855137474,-4.23292145241,-8.88471757233,10.9635982634,51.800000000000466
683,0.196980720299,-2.03485503965,-13.7276817033,13.1200831959,51.800000000000466
684,0.398519940785,-0.407980935233,-7.56192030353,12.7845838204,51.800000000000466
685,0.295891650951,53.2757077972,13.0303616208,-13.6996334708,51.800000000000466
686,2.18775288963,-7.24715984577,-7.35627217103,7.50231317595,51.800000000000466
687,0.121773279195,-3.60409462116,-7.18966706733,10.7348050614,51.800000000000466
688,0.268152517563,-5.53979122308,-45.6533309671,3.27456549509,51.800000000000466
689,0.109262289434,-4.20324791262,-42.549734946,-33.8823317932,51.800000000000466
690,0.301470486312,-4.24041533466,-8.15697538385,10.4565073245,51.800000000000466
691,0.296645375568,-5.14245910995,-6.37651421694,11.2505923116,51.800000000000466
692,0.908242801907,-4.3153340031,-9.33176723622,9.45442066926,51.800000000000466
693,0.420410781778,-5.74309369906,-6.08827659796,9.35106052279,51.800000000000466
694,0.246269371766,-2.2252265762,-6.66765031291,12.885389849,51.800000000000466
695,0.40965693017,-3.29960884167,-8.44871814915,10.4701694033,51.800000000000466
696,5.94159572026,-8.74465080518,2.96093433857,14.6985917804,51.800000000000466
697,0.61795655556,-3.596973263,-7.71175346343,10.0754981826,51.800000000000466
698,0.461584912925,-8.30707766507,-8.78306496029,4.31662812734,51.800000000000466
699,0.452188986385,-7.50999237074,-10.3399679921,9.27798041916,51.800000000000466
700,0.10114295758,-3.89754880823,-4.79472075569,13.9240224644,51.800000000000466
701,0.72170397901,-5.02899029156,-10.3287654326,9.7481688693,51.800000000000466
702,3.15135910479,-5.11444188044,-10.3503850745,9.95189710411,51.800000000000466
703,0.136328733242,-2.72257880086,-6.64448154278,11.1733918019,51.800000000000466
704,1.05423497626,-4.62074094329,-10.6620652234,8.06735670464,51.800000000000466
705,0.628444933901,-3.48061396297,-9.90713540634,12.4440261152,51.800000000000466
706,0.591252837535,-7.22150817777,-6.54670024151,11.6935065965,51.800000000000466
707,1.70868053363,-5.46547654634,-6.81999712192,12.4541811941,51.800000000000466
708,1.6789200533,-3.96830786772,-7.67219733347,10.9673312403,51.800000000000466
709,0.192433533486,14.2978077021,2.1542850026,32.5447509637,51.800000000000466
710,0.117790008954,-4.31581494014,-11.1109578777,9.98676858919,51.800000000000466
711,0.516327908913,-3.79509906565,-8.88115575908,12.5172532538,51.800000000000466
712,0.276025105075,0.125013309463,-19.5152635306,21.0620627869,51.800000000000466
713,0.42015884225,-5.15164148839,-9.70470027568,9.72354916005,51.800000000000466
714,1.73155976508,-3.29472991664,-9.67440405305,7.94374134953,51.800000000000466
715,0.122545144829,-5.61960604134,-6.87529783255,12.727648667,51.800000000000466
716,0.955235106551,7.11666533899,-3.20272107804,10.7750904699,51.800000000000466
717,0.398584992525,-25.4910366912,-10.3947456859,9.36230283801,51.800000000000466
718,0.124418759514,-4.13021496501,-8.58176576918,12.51406719,51.800000000000466
719,0.189862277522,-1.16574976015,-12.4419676443,10.0759318917,51.800000000000466
720,0.152575997396,-6.36069756038,-10.0476854294,12.4241839779,51.800000000000466
721,0.109915058475,0.915639037633,-4.23218913657,15.7831994139,51.800000000000466
722,0.578126040172,-1.94683047471,-5.40023550945,8.21858809879,51.800000000000466
723,0.569550429673,-3.87982010942,-8.54456693227,10.9348245472,51.800000000000466
724,0.263123379791,22.2336130931,0.374011481255,38.1140766484,51.800000000000466
725,0.167257293153,0.999848437975,-2.7160445016,19.0163390953,51.800000000000466
726,0.126616815417,-2.12159583174,-16.2798556674,3.82168660422,51.800000000000466
727,0.501016342901,-4.83599972926,-9.08108641029,9.42512841072,51.800000000000466
728,0.310299333573,1.81497015631,-9.71692896724,9.72343183503,51.800000000000466
729,0.726872711637,-3.53802065742,-10.1814690859,9.72470937398,51.800000000000466
730,0.143879578536,-3.32351807759,-1.57946837099,5.9120724294,51.800000000000466
731,0.595470603795,-4.47443041114,-5.45596666362,8.98834084083,51.800000000000466
732,0.152364233979,-3.75115715414,-14.0055461802,13.6522978838,51.800000000000466
733,0.135853745601,-5.46146438758,-8.40394684853,9.47230636939,51.800000000000466
734,0.253378222757,-6.75500969415,-7.99850969134,11.9444215254,51.800000000000466
735,0.652135702031,-5.88412738278,-6.31230676776,7.78620493887,51.800000000000466
736,1.54934628372,-1.6311724462,12.3168645898,46.8925477484,51.800000000000466
737,5.4593077851,-4.44469745805,-8.7941456533,9.66524973967,51.800000000000466
738,0.15665329673,-5.99615389544,-7.24443401889,8.95626682756,51.800000000000466
739,0.129624645477,-10.831795686,-7.82189111186,5.70550636144,51.800000000000466
740,0.877146463058,-4.37466217804,-9.21293697052,8.88268091069,51.800000000000466
741,0.198935395843,4.47772770695,-12.8551572171,33.8911028649,51.800000000000466
742,0.121230274711,-6.95273869149,-9.89233903669,6.58940430979,51.800000000000466
743,1.59558689305,-7.50540438619,-5.45170604822,9.11728498512,51.800000000000466
744,0.308063224988,-5.13439678307,-8.9799180421,11.8901961018,51.800000000000466
745,0.67050187799,-0.186513084298,8.16017788121,5.98280488937,51.800000000000466
746,0.114816009192,-30.1761879579,31.3183620978,-10.8973193406,51.800000000000466
747,0.147909278013,-6.2547073092,-9.90637139564,17.1519076259,51.800000000000466
748,0.473019106364,-10.7554114261,-9.23244835755,11.6222806844,51.800000000000466
749,0.327670019303,-7.23069213437,-5.89595008932,9.32261555136,51.800000000000466
750,0.161976531659,-2.63093689005,-10.5063680097,8.31803910235,51.800000000000466
751,0.264130177607,-3.92577000536,-3.27334297039,9.49203785563,51.800000000000466
752,0.484530057775,-2.62993250713,-1.69520195636,10.5919973572,51.800000000000466
753,0.376709509392,-4.37140672369,-8.94528690585,9.69912354499,51.800000000000466
754,0.112370726035,-5.72554534172,-11.3330575136,13.6393634854,51.800000000000466
755,0.278889603024,-2.76087948227,-13.3166144302,11.0088291063,51.800000000000466
756,0.269236192914,-4.88071581385,-6.73267913317,14.2698022286,51.800000000000466
757,0.685095614347,-4.25086010619,-8.87119900239,6.78952968287,51.800000000000466
758,1.90018332861,-5.14453304934,-9.1448616259,9.61565336158,51.800000000000466
759,0.124673909944,-11.3349008411,-16.3703733972,23.6617732989,51.800000000000466
760,1.10515250346,-3.59215234496,-9.28348630983,10.2204436615,51.800000000000466
761,0.191528502602,-0.769120531154,-3.90591263947,8.83365773979,51.800000000000466
762,0.155032064329,-3.91808592792,-7.35831868305,12.6279902779,51.800000000000466
763,0.71444458756,-12.6227192695,-12.7018020989,1.12121298746,51.800000000000466
764,0.124456216497,-5.18024039507,-9.51635930662,9.82860413127,51.800000000000466
765,3.48708562291,-6.49959556528,-10.9027502371,14.6703514259,51.800000000000466
766,0.431778407469,-5.61390998689,-8.48025423827,11.3358380073,51.800000000000466
767,0.211834974244,-4.07136789976,-5.11716956323,9.48189146518,51.800000000000466
768,0.133346645693,-13.1921681661,-12.0250626481,11.0132120397,51.800000000000466
769,0.152341604828,-4.46753113848,-6.80879327582,11.1793053661,51.800000000000466
770,2.36930612087,-3.17765964328,-8.72684100721,9.3299288602,51.800000000000466
771,0.108950347993,0.526758609713,-6.6056161326,1.51952927452,51.800000000000466
772,1.05267047568,-5.79504912355,-8.06110331102,11.3403087458,51.800000000000466
773,0.211360358649,-3.36022340287,-8.40216435867,6.36121132808,51.800000000000466
774,0.151349514149,-5.22574145504,-10.7904161293,9.08617211326,51.800000000000466
775,0.286634225281,-1.73946563175,-4.18166601719,4.22272971487,51.800000000000466
776,0.685900892556,-3.7443698451,-11.0330897971,9.32135676752,51.800000000000466
777,1.19158653555,-7.52253004722,-6.89618230119,8.2340765725,51.800000000000466
778,0.250605812524,-2.13764472082,-11.4283759366,11.763554833,51.800000000000466
779,0.263380417428,-3.38462861354,1.88926254944,7.78647766106,51.800000000000466
780,0.129251044737,-2.31157017516,-7.75219355388,14.3058467239,51.800000000000466
781,0.559346350364,-4.59671920927,-4.90035349905,11.2723624018,51.800000000000466
782,6.92905158604,-5.65877570623,-9.6436771543,9.45807680003,51.800000000000466
783,0.557237133343,6.45094189117,6.50283395954,24.0342267757,51.800000000000466
784,1.09932216231,-2.86428496208,-8.69226848952,7.674612475,51.800000000000466
785,0.473160724624,-4.59172702282,-8.11632761571,4.77630776344,51.800000000000466
786,0.196477785261,-6.00274888152,-10.3575337389,8.96026840347,51.800000000000466
787,0.481122684843,-4.47052447176,-10.6946316043,10.2488195101,51.800000000000466
788,0.210322564685,-6.52249954321,-11.9629790169,9.30561803863,51.800000000000466
789,0.101725997344,-3.68157566933,-6.43427651012,7.77610222779,51.800000000000466
790,0.281986343395,-6.84657824485,-8.53923387396,10.7648823695,51.800000000000466
791,0.908372763233,-4.04551941048,-7.49615309036,12.916028996,51.800000000000466
792,0.106485443717,-0.863064107854,-12.4941439655,10.4032295342,51.800000000000466
793,0.139715049434,-7.12699916311,-8.21983352719,10.0695862875,51.800000000000466
794,2.34287968504,-4.65631216322,-9.13471127288,8.87503938372,51.800000000000466
795,0.167272458742,-1.06389450074,-8.61867402127,10.7775447231,51.800000000000466
796,0.348802815841,-2.00705879651,-9.9497873043,11.9016651276,51.800000000000466
797,0.261836284758,-6.28731561622,-18.6028892921,8.26806601393,51.800000000000466
798,0.130485765102,-5.64395577105,-7.31160455152,16.8632613951,51.800000000000466
799,0.608861322451,-6.89227870456,-5.50624212331,12.9140281139,51.800000000000466
800,0.115454410161,-5.21299352244,6.44528301988,16.7445566533,51.800000000000466
801,0.154117474574,-3.8919523518,-8.19003276053,11.3530505312,51.800000000000466
802,0.131254024868,-3.05751891919,-6.95641831298,9.40738236876,51.800000000000466
803,0.200086618005,-3.34162976176,-9.07306385798,7.87506392072,51.800000000000466
804,0.22602083749,-0.7651067389,-6.44911463087,10.5893622236,51.800000000000466
805,0.127251216222,-1.07693914304,-6.4265445867,-2.63548617878,51.800000000000466
806,0.228581661252,-7.18604260721,-8.51992471368,8.72010528061,51.800000000000466
807,0.319965720713,-3.16280537616,-9.28887429541,10.6954508819,51.800000000000466
808,0.13801940723,-4.87270447805,-9.45636385076,4.43370044844,51.800000000000466
809,1.06347785402,-4.00656305836,-9.44538057556,9.20547690625,51.800000000000466
810,0.169438647456,-32.1612933751,9.23083764216,-18.8985909643,51.800000000000466
811,0.40103502766,-3.77011448131,-13.5034493179,8.8431231139,51.800000000000466
812,0.158655749178,1.9835690482,-4.8647389797,14.4879348367,51.800000000000466
813,1.11100782101,-3.90160762412,-6.22547396925,12.5228215824,51.800000000000466
814,0.248426668021,-5.65559008115,-9.93101854672,12.3845428608,51.800000000000466
815,0.234805372056,-5.83369598071,4.41485219452,4.73933334901,51.800000000000466
816,0.399234589208,-4.6043211702,-7.57193530959,11.5627243989,51.800000000000466
817,0.138422017663,-33.3017915472,-21.4826107212,148.526077372,51.800000000000466
818,0.275365575092,-5.88984500693,-7.07657067301,11.1611720739,51.800000000000466
819,0.172595040633,0.533418740793,2.22517227627,15.2977139792,51.800000000000466
820,1.14416992485,-3.87953828634,-7.33022518349,9.32894193494,51.800000000000466
821,0.16941051147,-4.85189580405,-8.52581000295,12.2905271578,51.800000000000466
822,0.10887912674,-2.74757723471,-9.83755275435,11.0780746002,51.800000000000466
823,0.152418624653,-8.44987210433,-7.46717568726,14.5846512905,51.800000000000466
824,0.400532106191,-2.91643533213,-5.53070279536,10.2307006731,51.800000000000466
825,0.302264292927,-7.860711586,-9.71158688506,12.7645578513,51.800000000000466
826,0.273524902629,-2.7706831269,-6.86253473642,8.13230358625,51.800000000000466
827,0.141015974841,-5.81853690751,-9.13706921319,8.42394164903,51.800000000000466
828,0.671010722114,-5.05556600604,-4.60862824005,11.6796028889,51.800000000000466
829,0.421543981281,-8.03712107909,-8.53062627174,-0.488205762083,51.800000000000466
830,0.394209670469,-4.67404463503,-8.40870769247,8.80447090503,51.800000000000466
831,0.208954581419,22.3087607167,-1.52032270064,6.81319159926,51.800000000000466
832,1.2263444394,-5.03722199878,-7.44753392646,9.36507182094,51.800000000000466
833,0.214060475178,-4.14377493643,-9.20900490881,9.3145272406,51.800000000000466
834,0.429403743976,-5.5321222957,-8.26439994763,9.69501916854,51.800000000000466
835,0.105561520771,-1.46599726338,-8.61533551537,13.6213721956,51.800000000000466
836,0.150441423519,-6.85768681104,-4.85223692942,12.9583383458,51.800000000000466
837,0.524323944608,-0.527030985387,-9.13239740795,8.19649621225,51.800000000000466
838,3.93319542522,-5.54754900276,-7.55097985142,12.8353037916,51.800000000000466
839,0.59960159327,-5.25606488051,-8.52053365548,-2.27964586791,51.800000000000466
840,0.143170677216,-8.41772225489,-13.031878403,16.7968459902,51.800000000000466
841,0.112530403306,-3.50567781787,-8.20635274466,13.7762135565,51.800000000000466
842,0.391204269444,-1.31369355545,-10.7872052251,12.4562647778,51.800000000000466
843,1.26024998735,-4.23667783555,-11.9254739296,7.62242863258,51.800000000000466
844,0.278669843692,18.9966885126,13.1169228516,1.45864512915,51.800000000000466
845,1.54091662662,-4.81937177183,-9.32291693698,9.19621736449,51.800000000000466
846,5.30671316419,-4.45017803319,-9.88621117266,10.1034329067,51.800000000000466
847,0.113319428561,-6.67676989706,-5.15351142782,7.23403445611,51.800000000000466
848,0.119011528105,-1.9149923768,-14.2416616956,13.182705061,51.800000000000466
849,0.510563118973,-10.4974547628,-7.85343616602,9.81090307333,51.800000000000466
850,0.232951381984,1.33206171159,-8.02023650118,6.37596869665,51.800000000000466
851,0.108724353513,-3.45795839269,-6.66791437771,9.20809446946,51.800000000000466
852,0.354757411223,-4.5531285585,-11.2283876675,7.50827954331,51.800000000000466
853,0.270177604103,-8.38424995853,-8.41604614041,9.89905946047,51.800000000000466
854,0.111576161558,-3.219644523,-9.0152719864,8.08208673138,51.800000000000466
855,0.449099982205,-2.93488721805,-9.36681715135,12.055158866,51.800000000000466
856,3.6561166617,12.9541783152,-5.32617535109,23.5498551791,51.800000000000466
857,0.505526934248,-7.85088846188,-5.60957807458,8.95732456959,51.800000000000466
858,0.156065616545,-7.77956750421,-7.3980759711,6.68467766139,51.800000000000466
859,0.274414129967,-10.2088760292,-8.08091032542,12.4036824521,51.800000000000466
860,0.303087448588,-3.59000164632,-9.55840208292,10.2856524947,51.800000000000466
861,0.100514153608,-5.12540223674,-7.40953277595,13.044557044,51.800000000000466
862,0.22149894633,-3.52161575696,-6.97584867298,13.0875644839,51.800000000000466
863,0.1169438565,-5.15356161179,-6.28875993577,7.31781141354,51.800000000000466
864,0.140577913945,-8.01144554466,-9.92307069331,9.75157337317,51.800000000000466
865,0.236761909606,10.6958259979,-8.71200313853,7.10273791638,51.800000000000466
866,2.3863657698,-2.20099964181,-9.64148122164,10.5274517422,51.800000000000466
867,0.334148556988,-6.05867315512,-6.69971317376,7.39096100843,51.800000000000466
868,2.30365531924,-3.39004845744,-8.22364883365,10.8784338344,51.800000000000466
869,0.108783452901,23.9128471374,30.5716602033,13.6067364772,51.800000000000466
870,0.645286634575,-5.52047622265,-8.25736878385,10.3346263655,51.800000000000466
871,0.617040043657,-5.02679990124,-10.5432307168,14.3869500308,51.800000000000466
872,0.981801738082,-3.8617523983,-5.28786582854,7.50686492042,51.800000000000466
873,0.160838238118,1.03911744258,20.0862073733,14.7932188396,51.800000000000466
874,0.109512269072,-5.1344133703,-10.0515388842,11.7771568207,51.800000000000466
875,0.602155532604,-3.18159729311,-7.8301342665,10.8990195321,51.800000000000466
876,0.380869934004,-1.92798005006,-8.31293215238,5.57897875328,51.800000000000466
877,0.659962032461,-9.43777037064,-3.83590761484,7.9010297928,51.800000000000466
878,0.229849089824,-3.34329512051,-8.17035594637,10.9102061025,51.800000000000466
879,0.232353938354,-3.42908360371,-9.12216450267,11.5506200317,51.800000000000466
880,0.284639453237,1.52625587877,-8.16673311696,3.18391747741,51.800000000000466
881,0.400115309082,-5.55491039197,-5.98141635299,11.6191339061,51.800000000000466
882,0.1766869256,-2.09456785799,-9.42521805411,14.7801040729,51.800000000000466
883,0.362483716594,-3.48756881098,-10.3565234911,9.98902321262,51.800000000000466
884,0.283138043138,15.9610099146,14.0614046439,15.4979495252,51.800000000000466
885,1.09177399182,-4.1345500648,-9.26139565039,12.8072532702,51.800000000000466
886,0.156982678087,-4.92237134079,-4.40257139292,-3.21807011896,51.800000000000466
887,0.362218688267,-3.03808574775,-9.47074119687,11.906902222,51.800000000000466
888,0.796233237159,80.4893358164,-35.3204182402,97.087489156,51.800000000000466
889,0.865425514482,-6.17966622713,-6.60886100895,1.01361156667,51.800000000000466
890,0.188766572183,-3.47200197153,-7.25668501722,13.0294166515,51.800000000000466
891,0.318994688353,-4.85512419935,-8.04274989943,13.3407929419,51.800000000000466
892,0.438266912263,8.01756548106,-36.619212356,1.27385508994,51.800000000000466
893,0.117709814669,-8.58264311332,-4.55060135214,1.38616685562,51.800000000000466
894,0.268282069676,-2.5805969039,-9.2012594367,9.44268733667,51.800000000000466
895,0.502855497445,-6.74993215883,0.151150209583,15.624189906,51.800000000000466
896,0.127027721148,-2.24373208295,-7.87667917076,10.7267089017,51.800000000000466
897,6.45029285161,-17.3785049423,41.229490259,10.3535572309,51.800000000000466
898,3.48796828064,-2.78356811174,-7.35272508837,8.09547146727,51.800000000000466
899,0.181525615554,-2.29366607871,-8.97556000514,9.99689150563,51.800000000000466
900,0.550009260358,-4.02757279214,-8.37893584643,9.78301672177,51.800000000000466
901,0.274960522038,-1.62099828563,-7.59099426437,6.86867777274,51.800000000000466
902,0.377651028973,-0.319678962069,-2.96540171848,15.3233966295,51.800000000000466
903,0.148123734134,27.8302084893,-31.4514795429,16.8603467816,51.800000000000466
904,0.224299945367,-3.32548338977,-8.28807216871,9.28726307437,51.800000000000466
905,0.240718381271,-5.37435988102,-8.75754495388,6.21086619331,51.800000000000466
906,0.435544552744,-0.593828959168,-23.6973135573,-13.526879917,51.800000000000466
907,0.143991328663,-7.37025275243,-7.99589094178,9.01654539861,51.800000000000466
908,1.49625938852,25.1120563631,-10.3845691587,8.20424831172,51.800000000000466
909,0.578858503546,-5.0811077403,-0.364610338322,4.00738898895,51.800000000000466
910,0.104837850543,0.871232793119,-6.20394731229,9.07017864727,51.800000000000466
911,0.121065404803,-2.0442152195,-11.1008853206,10.9370606483,51.800000000000466
912,0.101181800568,-5.97527560566,-11.1100239072,12.508668873,51.800000000000466
913,0.215764119397,-5.2170823886,-7.65604737818,13.7179292723,51.800000000000466
914,1.51306812527,-6.5133096079,-9.60149741425,8.77107134692,51.800000000000466
915,1.97897307758,-5.10368632678,-8.75278972213,8.90468692512,51.800000000000466
916,0.18265472269,-4.76146030412,-8.90565925031,11.303066129,51.800000000000466
917,0.196951428427,0.683618339565,-9.72555130089,7.99628564956,51.800000000000466
918,0.455882852629,-6.41204189091,-9.10425927285,13.2952179874,51.800000000000466
919,0.278283679172,4.93272076407,-4.93094949463,9.67125847649,51.800000000000466
920,0.895250886875,-9.5271310305,-3.05765621373,-8.61317855775,51.800000000000466
921,0.268542846322,-3.66074125939,-7.72300071459,11.1585888778,51.800000000000466
922,0.145194063056,-2.63698418697,-5.88616352376,10.7160388663,51.800000000000466
923,0.10400734217,10.4758899499,-30.1255993297,10.174347131,51.800000000000466
924,0.250927665489,-8.11266424913,-8.7279628405,5.10888576456,51.800000000000466
925,0.562594618151,-4.25626722269,-7.27812585436,8.34043798732,51.800000000000466
926,0.199135442647,-4.99910008298,-9.75579138178,7.77040279253,51.800000000000466
927,0.512532059494,-2.78302084861,-2.872528599,8.25496757778,51.800000000000466
928,0.118680159748,-2.51277231489,-16.8207561123,-0.404873874411,51.800000000000466
929,0.840603852025,-3.14102411027,-3.72994015659,20.1181707284,51.800000000000466
930,0.385026417933,5.31616468815,-21.6470855656,2.77077052105,51.800000000000466
931,1.06572672786,-4.76095176723,-7.19347205128,9.50031379727,51.800000000000466
932,1.67255414898,-5.39254499159,-11.4780848132,7.53458657553,51.800000000000466
933,0.109508223677,-7.18249387498,-9.5773048584,8.97530353371,51.800000000000466
934,0.923321305886,-4.25604038166,-9.24653399286,9.51282452092,51.800000000000466
935,0.316591613698,-3.91725547348,-5.27734704216,9.65582243541,51.800000000000466
936,0.146987744092,-2.96889819745,-8.05696917227,13.532595693,51.800000000000466
937,0.244277009473,-3.00135452841,-5.61454854947,13.0129332026,51.800000000000466
938,0.342916894684,-1.02224974218,-10.6317916968,10.9823186729,51.800000000000466
939,0.100131195264,-3.77485056558,-9.90140028766,7.80774192008,51.800000000000466
940,0.11775122221,-4.03983885813,-7.48755495672,12.7931320205,51.800000000000466
941,0.156551431981,-3.79276731341,-5.20363740855,8.67553976796,51.800000000000466
942,0.191029190245,-11.5366431356,-14.1436150046,3.00038306028,51.800000000000466
943,0.113967197572,-0.95326618685,-10.3496878708,7.94288621948,51.800000000000466
944,0.692654377057,-9.33066406729,-6.51099887276,8.65441944281,51.800000000000466
945,0.2212738432,-6.05996636296,-8.78168484513,11.8067052084,51.800000000000466
946,0.52006245275,-2.55890766812,-11.7303467638,10.9116980835,51.800000000000466
947,0.296411652777,-5.97629755451,-11.0258380277,7.34515691224,51.800000000000466
948,0.829947792898,-3.82419323864,-7.84975722839,9.8665976228,51.800000000000466
949,0.195249433308,-5.01118123472,-6.0991575747,8.22413152142,51.800000000000466
950,0.508478335809,-13.7256653006,-5.81779711909,15.4847513108,51.800000000000466
951,0.392908928151,-6.54790231559,-10.6679387762,11.6239855705,51.800000000000466
952,0.213304547757,-6.83162536729,-9.99286234681,12.3125651531,51.800000000000466
953,0.429384991636,-4.13949450748,-10.9755626058,10.4448180956,51.800000000000466
954,0.894327214675,1.57311706958,-10.5191942216,9.65202805601,51.800000000000466
955,0.385967487231,-6.16603007985,-11.7589288732,5.94741367791,51.800000000000466
956,0.405174229898,-5.36605909496,-7.02494299499,13.1491066902,51.800000000000466
957,3.80543599642,-4.94062181878,0.536208326073,20.8526966608,51.800000000000466
958,0.251878446431,-6.7033927975,-12.9750314318,15.4017982236,51.800000000000466
959,0.248666756473,-3.26285917023,-1.02139039794,6.67152669539,51.800000000000466
960,0.146668581739,-2.16458209254,-6.80282607763,12.9447633431,51.800000000000466
961,0.185281474507,-8.33199748515,-1.4184237681,11.1023488487,51.800000000000466
962,0.584611947774,0.247751403209,-8.94849461256,10.8477048548,51.800000000000466
963,0.113371018201,-5.51189544649,-9.90752950875,12.196867644,51.800000000000466
964,0.477447514042,-4.70624767724,-6.39838006148,10.4290985304,51.800000000000466
965,0.13003530117,-1.77092911399,-5.85836948927,2.2973654041,51.800000000000466
966,0.188906351307,-5.74064807015,-11.0898081255,8.01776887627,51.800000000000466
967,0.252520167075,-7.29309918209,-5.88475360536,9.64676902049,51.800000000000466
968,0.983581324396,-3.47579285686,-10.2839575965,9.46457640607,51.800000000000466
969,0.106685321756,0.849028035266,-8.12479035082,2.66155517121,51.800000000000466
970,0.183114622009,-9.62352673511,-8.8771845573,11.2616336351,51.800000000000466
971,0.116358213472,-8.5730503049,-6.97344688899,11.6437605977,51.800000000000466
972,0.498708277655,-3.14382764849,-9.9006824349,10.7956279656,51.800000000000466
973,1.19578366468,-3.69086560039,-7.97922690606,10.8659310321,51.800000000000466
974,2.51266395778,-7.3283009342,-5.64089184049,12.6904108021,51.800000000000466
975,0.467946419008,-3.63342290263,-9.95986200121,12.9127457622,51.800000000000466
976,0.423671215741,-9.37298382661,8.78006797806,23.3017336355,51.800000000000466
977,0.25844496914,-8.16094272035,-12.1125003642,9.1396262909,51.800000000000466
978,0.1281711931,-7.95528903728,-12.6857411514,14.8729132622,51.800000000000466
979,1.34009174005,-4.04585065071,-8.938747185,11.1459533728,51.800000000000466
980,0.338190341201,-2.81377928537,-8.35792935452,13.3692991593,51.800000000000466
981,0.152566323714,-3.7036007306,-9.86934467292,10.0993861443,51.800000000000466
982,0.109253683632,-2.43263602413,-7.57748246279,3.92481826948,51.800000000000466
983,0.110591829327,-5.01863149262,-7.96198931398,8.47762918217,51.800000000000466
984,0.357043048453,-4.96675992474,-8.20215575966,10.863873488,51.800000000000466
985,0.343921661574,-5.81662728395,-8.89399650946,11.0013740187,51.800000000000466
986,0.23568357548,-4.19830781091,-8.10898381952,9.23083020398,51.800000000000466
987,0.965102248506,-1.67134678614,-4.96090592607,10.3365673137,51.800000000000466
988,0.452444874741,-6.84000525799,-13.0631824051,13.750379095,51.800000000000466
989,0.189347042749,-8.01109391215,-10.825542066,8.00036465606,51.800000000000466
990,0.220584328945,-13.624941874,-8.44129529695,-0.79850478412,51.800000000000466
991,0.633873113683,-11.3574721528,-12.0954752642,9.67528088623,51.800000000000466
992,0.211124100673,3.3159385756,-9.30493186126,11.4553694132,51.800000000000466
993,0.184938003916,-3.49052063907,-7.5994018354,8.74398293695,51.800000000000466
994,3.29211553745,-4.48745298498,-8.75885771802,12.6630705695,51.800000000000466
995,0.116607666487,4.85216848039,-49.9964673697,-53.4091955477,51.800000000000466
996,0.238937153019,-7.83810209993,-7.00612974158,13.3375308667,51.800000000000466
997,0.25171716504,-2.9803171287,-6.17342747569,10.2903390563,51.800000000000466
998,0.259594383852,-6.26720620818,-29.9626718487,19.5810877229,51.800000000000466
999,0.417003154983,0.235553892568,6.57522337049,-41.1316880332,51.800000000000466
